Site,Parameter,Date (LT),Year,Month,Day,Hour,NowCast Conc.,AQI,AQI Category,Raw Conc.,Conc. Unit,Duration,QC Name
Hyderabad,PM2.5 - Principal,2017-01-01 01:00 AM,2017,01,01,01,131.1,190,Unhealthy,138.0,UG/M3,1 Hr,Valid
Hyderabad,PM2.5 - Principal,2017-01-01 02:00 AM,2017,01,01,02,132.1,191,Unhealthy,133.0,UG/M3,1 Hr,Valid
Hyderabad,PM2.5 - Principal,2017-01-01 03:00 AM,2017,01,01,03,140.1,195,Unhealthy,148.0,UG/M3,1 Hr,Valid
Hyderabad,PM2.5 - Principal,2017-01-01 04:00 AM,2017,01,01,04,139.1,194,Unhealthy,138.0,UG/M3,1 Hr,Valid
Hyderabad,PM2.5 - Principal,2017-01-01 05:00 AM,2017,01,01,05,136.0,193,Unhealthy,133.0,UG/M3,1 Hr,Valid
Hyderabad,PM2.5 - Principal,2017-01-01 06:00 AM,2017,01,01,06,138.4,194,Unhealthy,147.0,UG/M3,1 Hr,Valid
Hyderabad,PM2.5 - Principal,2017-01-01 07:00 AM,2017,01,01,07,142.2,196,Unhealthy,155.0,UG/M3,1 Hr,Valid
Hyderabad,PM2.5 - Principal,2017-01-01 08:00 AM,2017,01,01,08,149.0,199,Unhealthy,164.0,UG/M3,1 Hr,Valid
Hyderabad,PM2.5 - Principal,2017-01-01 09:00 AM,2017,01,01,09,163.4,214,Very Unhealthy,185.0,UG/M3,1 Hr,Valid
Hyderabad,PM2.5 - Principal,2017-01-01 10:00 AM,2017,01,01,10,153.2,204,Very Unhealthy,134.0,UG/M3,1 Hr,Valid
Hyderabad,PM2.5 - Principal,2017-01-01 11:00 AM,2017,01,01,11,124.5,187,Unhealthy,95.0,UG/M3,1 Hr,Valid
Hyderabad,PM2.5 - Principal,2017-01-01 12:00 PM,2017,01,01,12,98.8,173,Unhealthy,74.0,UG/M3,1 Hr,Valid
Hyderabad,PM2.5 - Principal,2017-01-01 01:00 PM,2017,01,01,13,77.3,162,Unhealthy,56.0,UG/M3,1 Hr,Valid
Hyderabad,PM2.5 - Principal,2017-01-01 02:00 PM,2017,01,01,14,65.6,156,Unhealthy,54.0,UG/M3,1 Hr,Valid
Hyderabad,PM2.5 - Principal,2017-01-01 03:00 PM,2017,01,01,15,62.3,155,Unhealthy,59.0,UG/M3,1 Hr,Valid
Hyderabad,PM2.5 - Principal,2017-01-01 04:00 PM,2017,01,01,16,55.1,149,Unhealthy for Sensitive Groups,48.0,UG/M3,1 Hr,Valid
Hyderabad,PM2.5 - Principal,2017-01-01 05:00 PM,2017,01,01,17,53.5,145,Unhealthy for Sensitive Groups,52.0,UG/M3,1 Hr,Valid
Hyderabad,PM2.5 - Principal,2017-01-01 06:00 PM,2017,01,01,18,54.2,147,Unhealthy for Sensitive Groups,55.0,UG/M3,1 Hr,Valid
Hyderabad,PM2.5 - Principal,2017-01-01 07:00 PM,2017,01,01,19,61.1,154,Unhealthy,68.0,UG/M3,1 Hr,Valid
Hyderabad,PM2.5 - Principal,2017-01-01 08:00 PM,2017,01,01,20,67.5,157,Unhealthy,74.0,UG/M3,1 Hr,Valid
Hyderabad,PM2.5 - Principal,2017-01-01 09:00 PM,2017,01,01,21,68.7,158,Unhealthy,70.0,UG/M3,1 Hr,Valid
Hyderabad,PM2.5 - Principal,2017-01-01 10:00 PM,2017,01,01,22,70.3,159,Unhealthy,72.0,UG/M3,1 Hr,Valid
Hyderabad,PM2.5 - Principal,2017-01-01 11:00 PM,2017,01,01,23,70.3,159,Unhealthy,74.0,UG/M3,1 Hr,Valid
Hyderabad,PM2.5 - Principal,2017-01-02 12:00 AM,2017,01,02,00,74.1,161,Unhealthy,79.0,UG/M3,1 Hr,Valid
Hyderabad,PM2.5 - Principal,2017-01-02 01:00 AM,2017,01,02,01,76.0,162,Unhealthy,79.0,UG/M3,1 Hr,Valid
Hyderabad,PM2.5 - Principal,2017-01-02 02:00 AM,2017,01,02,02,76.0,162,Unhealthy,76.0,UG/M3,1 Hr,Valid
Hyderabad,PM2.5 - Principal,2017-01-02 03:00 AM,2017,01,02,03,76.8,162,Unhealthy,78.0,UG/M3,1 Hr,Valid
Hyderabad,PM2.5 - Principal,2017-01-02 04:00 AM,2017,01,02,04,77.3,162,Unhealthy,79.0,UG/M3,1 Hr,Valid
Hyderabad,PM2.5 - Principal,2017-01-02 05:00 AM,2017,01,02,05,78.9,163,Unhealthy,82.0,UG/M3,1 Hr,Valid
Hyderabad,PM2.5 - Principal,2017-01-02 06:00 AM,2017,01,02,06,84.2,166,Unhealthy,97.0,UG/M3,1 Hr,Valid
Hyderabad,PM2.5 - Principal,2017-01-02 07:00 AM,2017,01,02,07,95.2,171,Unhealthy,111.0,UG/M3,1 Hr,Valid
Hyderabad,PM2.5 - Principal,2017-01-02 08:00 AM,2017,01,02,08,118.5,184,Unhealthy,138.0,UG/M3,1 Hr,Valid
Hyderabad,PM2.5 - Principal,2017-01-02 09:00 AM,2017,01,02,09,100.1,174,Unhealthy,81.0,UG/M3,1 Hr,Valid
Hyderabad,PM2.5 - Principal,2017-01-02 10:00 AM,2017,01,02,10,85.9,167,Unhealthy,71.0,UG/M3,1 Hr,Valid
Hyderabad,PM2.5 - Principal,2017-01-02 11:00 AM,2017,01,02,11,79.6,163,Unhealthy,73.0,UG/M3,1 Hr,Valid
Hyderabad,PM2.5 - Principal,2017-01-02 12:00 PM,2017,01,02,12,65.6,156,Unhealthy,52.0,UG/M3,1 Hr,Valid
Hyderabad,PM2.5 - Principal,2017-01-02 01:00 PM,2017,01,02,13,56.8,152,Unhealthy,48.0,UG/M3,1 Hr,Valid
Hyderabad,PM2.5 - Principal,2017-01-02 02:00 PM,2017,01,02,14,57.3,152,Unhealthy,58.0,UG/M3,1 Hr,Valid
Hyderabad,PM2.5 - Principal,2017-01-02 03:00 PM,2017,01,02,15,58.1,152,Unhealthy,59.0,UG/M3,1 Hr,Valid
Hyderabad,PM2.5 - Principal,2017-01-02 04:00 PM,2017,01,02,16,57.5,152,Unhealthy,57.0,UG/M3,1 Hr,Valid
Hyderabad,PM2.5 - Principal,2017-01-02 05:00 PM,2017,01,02,17,55.2,150,Unhealthy for Sensitive Groups,53.0,UG/M3,1 Hr,Valid
Hyderabad,PM2.5 - Principal,2017-01-02 06:00 PM,2017,01,02,18,62.6,155,Unhealthy,70.0,UG/M3,1 Hr,Valid
Hyderabad,PM2.5 - Principal,2017-01-02 07:00 PM,2017,01,02,19,76.3,162,Unhealthy,90.0,UG/M3,1 Hr,Valid
Hyderabad,PM2.5 - Principal,2017-01-02 08:00 PM,2017,01,02,20,87.6,168,Unhealthy,99.0,UG/M3,1 Hr,Valid
Hyderabad,PM2.5 - Principal,2017-01-02 09:00 PM,2017,01,02,21,90.3,169,Unhealthy,93.0,UG/M3,1 Hr,Valid
Hyderabad,PM2.5 - Principal,2017-01-02 10:00 PM,2017,01,02,22,98.1,173,Unhealthy,106.0,UG/M3,1 Hr,Valid
Hyderabad,PM2.5 - Principal,2017-01-02 11:00 PM,2017,01,02,23,104.5,176,Unhealthy,111.0,UG/M3,1 Hr,Valid
Hyderabad,PM2.5 - Principal,2017-01-03 12:00 AM,2017,01,03,00,101.8,175,Unhealthy,99.0,UG/M3,1 Hr,Valid
Hyderabad,PM2.5 - Principal,2017-01-03 01:00 AM,2017,01,03,01,91.4,170,Unhealthy,81.0,UG/M3,1 Hr,Valid
Hyderabad,PM2.5 - Principal,2017-01-03 02:00 AM,2017,01,03,02,91.2,169,Unhealthy,91.0,UG/M3,1 Hr,Valid
Hyderabad,PM2.5 - Principal,2017-01-03 03:00 AM,2017,01,03,03,110.1,179,Unhealthy,129.0,UG/M3,1 Hr,Valid
Hyderabad,PM2.5 - Principal,2017-01-03 04:00 AM,2017,01,03,04,101.5,175,Unhealthy,93.0,UG/M3,1 Hr,Valid
Hyderabad,PM2.5 - Principal,2017-01-03 05:00 AM,2017,01,03,05,93.0,170,Unhealthy,83.0,UG/M3,1 Hr,Valid
Hyderabad,PM2.5 - Principal,2017-01-03 06:00 AM,2017,01,03,06,104.4,176,Unhealthy,121.0,UG/M3,1 Hr,Valid
Hyderabad,PM2.5 - Principal,2017-01-03 07:00 AM,2017,01,03,07,112.1,180,Unhealthy,125.0,UG/M3,1 Hr,Valid
Hyderabad,PM2.5 - Principal,2017-01-03 08:00 AM,2017,01,03,08,144.9,197,Unhealthy,174.0,UG/M3,1 Hr,Valid
Hyderabad,PM2.5 - Principal,2017-01-03 09:00 AM,2017,01,03,09,159.4,210,Very Unhealthy,174.0,UG/M3,1 Hr,Valid
Hyderabad,PM2.5 - Principal,2017-01-03 10:00 AM,2017,01,03,10,185.7,236,Very Unhealthy,212.0,UG/M3,1 Hr,Valid
Hyderabad,PM2.5 - Principal,2017-01-03 11:00 AM,2017,01,03,11,145.8,198,Unhealthy,106.0,UG/M3,1 Hr,Valid
Hyderabad,PM2.5 - Principal,2017-01-03 12:00 PM,2017,01,03,12,121.4,185,Unhealthy,97.0,UG/M3,1 Hr,Valid
Hyderabad,PM2.5 - Principal,2017-01-03 01:00 PM,2017,01,03,13,94.7,171,Unhealthy,68.0,UG/M3,1 Hr,Valid
Hyderabad,PM2.5 - Principal,2017-01-03 02:00 PM,2017,01,03,14,80.3,164,Unhealthy,66.0,UG/M3,1 Hr,Valid
Hyderabad,PM2.5 - Principal,2017-01-03 03:00 PM,2017,01,03,15,69.1,158,Unhealthy,58.0,UG/M3,1 Hr,Valid
Hyderabad,PM2.5 - Principal,2017-01-03 04:00 PM,2017,01,03,16,62.5,155,Unhealthy,56.0,UG/M3,1 Hr,Valid
Hyderabad,PM2.5 - Principal,2017-01-03 05:00 PM,2017,01,03,17,59.7,153,Unhealthy,57.0,UG/M3,1 Hr,Valid
Hyderabad,PM2.5 - Principal,2017-01-03 06:00 PM,2017,01,03,18,57.8,152,Unhealthy,56.0,UG/M3,1 Hr,Valid
Hyderabad,PM2.5 - Principal,2017-01-03 07:00 PM,2017,01,03,19,72.9,160,Unhealthy,88.0,UG/M3,1 Hr,Valid
Hyderabad,PM2.5 - Principal,2017-01-03 08:00 PM,2017,01,03,20,90.9,169,Unhealthy,109.0,UG/M3,1 Hr,Valid
Hyderabad,PM2.5 - Principal,2017-01-03 09:00 PM,2017,01,03,21,102.4,175,Unhealthy,114.0,UG/M3,1 Hr,Valid
Hyderabad,PM2.5 - Principal,2017-01-03 10:00 PM,2017,01,03,22,93.2,170,Unhealthy,84.0,UG/M3,1 Hr,Valid
Hyderabad,PM2.5 - Principal,2017-01-03 11:00 PM,2017,01,03,23,80.1,164,Unhealthy,67.0,UG/M3,1 Hr,Valid
Hyderabad,PM2.5 - Principal,2017-01-04 12:00 AM,2017,01,04,00,77.0,162,Unhealthy,74.0,UG/M3,1 Hr,Valid
Hyderabad,PM2.5 - Principal,2017-01-04 01:00 AM,2017,01,04,01,74.0,161,Unhealthy,71.0,UG/M3,1 Hr,Valid
Hyderabad,PM2.5 - Principal,2017-01-04 02:00 AM,2017,01,04,02,72.5,160,Unhealthy,71.0,UG/M3,1 Hr,Valid
Hyderabad,PM2.5 - Principal,2017-01-04 03:00 AM,2017,01,04,03,73.2,160,Unhealthy,74.0,UG/M3,1 Hr,Valid
Hyderabad,PM2.5 - Principal,2017-01-04 04:00 AM,2017,01,04,04,76.1,162,Unhealthy,79.0,UG/M3,1 Hr,Valid
Hyderabad,PM2.5 - Principal,2017-01-04 05:00 AM,2017,01,04,05,87.0,167,Unhealthy,98.0,UG/M3,1 Hr,Valid
Hyderabad,PM2.5 - Principal,2017-01-04 06:00 AM,2017,01,04,06,93.7,171,Unhealthy,106.0,UG/M3,1 Hr,Valid
Hyderabad,PM2.5 - Principal,2017-01-04 07:00 AM,2017,01,04,07,104.6,176,Unhealthy,118.0,UG/M3,1 Hr,Valid
Hyderabad,PM2.5 - Principal,2017-01-04 08:00 AM,2017,01,04,08,131.6,190,Unhealthy,156.0,UG/M3,1 Hr,Valid
Hyderabad,PM2.5 - Principal,2017-01-04 09:00 AM,2017,01,04,09,154.8,205,Very Unhealthy,178.0,UG/M3,1 Hr,Valid
Hyderabad,PM2.5 - Principal,2017-01-04 10:00 AM,2017,01,04,10,128.4,189,Unhealthy,102.0,UG/M3,1 Hr,Valid
Hyderabad,PM2.5 - Principal,2017-01-04 11:00 AM,2017,01,04,11,109.2,179,Unhealthy,90.0,UG/M3,1 Hr,Valid
Hyderabad,PM2.5 - Principal,2017-01-04 12:00 PM,2017,01,04,12,100.6,174,Unhealthy,92.0,UG/M3,1 Hr,Valid
Hyderabad,PM2.5 - Principal,2017-01-04 01:00 PM,2017,01,04,13,94.8,171,Unhealthy,89.0,UG/M3,1 Hr,Valid
Hyderabad,PM2.5 - Principal,2017-01-04 02:00 PM,2017,01,04,14,88.4,168,Unhealthy,82.0,UG/M3,1 Hr,Valid
Hyderabad,PM2.5 - Principal,2017-01-04 03:00 PM,2017,01,04,15,73.2,160,Unhealthy,58.0,UG/M3,1 Hr,Valid
Hyderabad,PM2.5 - Principal,2017-01-04 04:00 PM,2017,01,04,16,73.1,160,Unhealthy,-999.0,UG/M3,1 Hr,Missing
Hyderabad,PM2.5 - Principal,2017-01-04 05:00 PM,2017,01,04,17,58.3,152,Unhealthy,51.0,UG/M3,1 Hr,Valid
Hyderabad,PM2.5 - Principal,2017-01-04 06:00 PM,2017,01,04,18,63.3,155,Unhealthy,67.0,UG/M3,1 Hr,Valid
Hyderabad,PM2.5 - Principal,2017-01-04 07:00 PM,2017,01,04,19,80.7,164,Unhealthy,96.0,UG/M3,1 Hr,Valid
Hyderabad,PM2.5 - Principal,2017-01-04 08:00 PM,2017,01,04,20,91.7,170,Unhealthy,102.0,UG/M3,1 Hr,Valid
Hyderabad,PM2.5 - Principal,2017-01-04 09:00 PM,2017,01,04,21,98.9,173,Unhealthy,106.0,UG/M3,1 Hr,Valid
Hyderabad,PM2.5 - Principal,2017-01-04 10:00 PM,2017,01,04,22,115.6,182,Unhealthy,132.0,UG/M3,1 Hr,Valid
Hyderabad,PM2.5 - Principal,2017-01-04 11:00 PM,2017,01,04,23,115.6,182,Unhealthy,-999.0,UG/M3,1 Hr,Missing
Hyderabad,PM2.5 - Principal,2017-01-05 12:00 AM,2017,01,05,00,113.2,181,Unhealthy,112.0,UG/M3,1 Hr,Valid
Hyderabad,PM2.5 - Principal,2017-01-05 01:00 AM,2017,01,05,01,109.6,179,Unhealthy,107.0,UG/M3,1 Hr,Valid
Hyderabad,PM2.5 - Principal,2017-01-05 02:00 AM,2017,01,05,02,106.6,177,Unhealthy,104.0,UG/M3,1 Hr,Valid
Hyderabad,PM2.5 - Principal,2017-01-05 03:00 AM,2017,01,05,03,111.9,180,Unhealthy,117.0,UG/M3,1 Hr,Valid
Hyderabad,PM2.5 - Principal,2017-01-05 04:00 AM,2017,01,05,04,113.0,181,Unhealthy,114.0,UG/M3,1 Hr,Valid
Hyderabad,PM2.5 - Principal,2017-01-05 05:00 AM,2017,01,05,05,112.0,180,Unhealthy,111.0,UG/M3,1 Hr,Valid
Hyderabad,PM2.5 - Principal,2017-01-05 06:00 AM,2017,01,05,06,109.7,179,Unhealthy,105.0,UG/M3,1 Hr,Valid
Hyderabad,PM2.5 - Principal,2017-01-05 07:00 AM,2017,01,05,07,110.3,179,Unhealthy,111.0,UG/M3,1 Hr,Valid
Hyderabad,PM2.5 - Principal,2017-01-05 08:00 AM,2017,01,05,08,115.5,182,Unhealthy,132.0,UG/M3,1 Hr,Valid
Hyderabad,PM2.5 - Principal,2017-01-05 09:00 AM,2017,01,05,09,127.9,188,Unhealthy,151.0,UG/M3,1 Hr,Valid
Hyderabad,PM2.5 - Principal,2017-01-05 10:00 AM,2017,01,05,10,118.0,183,Unhealthy,97.0,UG/M3,1 Hr,Valid
Hyderabad,PM2.5 - Principal,2017-01-05 11:00 AM,2017,01,05,11,100.3,174,Unhealthy,81.0,UG/M3,1 Hr,Valid
Hyderabad,PM2.5 - Principal,2017-01-05 12:00 PM,2017,01,05,12,86.3,167,Unhealthy,74.0,UG/M3,1 Hr,Valid
Hyderabad,PM2.5 - Principal,2017-01-05 01:00 PM,2017,01,05,13,72.6,160,Unhealthy,59.0,UG/M3,1 Hr,Valid
Hyderabad,PM2.5 - Principal,2017-01-05 02:00 PM,2017,01,05,14,62.8,155,Unhealthy,53.0,UG/M3,1 Hr,Valid
Hyderabad,PM2.5 - Principal,2017-01-05 03:00 PM,2017,01,05,15,55.4,150,Unhealthy for Sensitive Groups,48.0,UG/M3,1 Hr,Valid
Hyderabad,PM2.5 - Principal,2017-01-05 04:00 PM,2017,01,05,16,51.1,139,Unhealthy for Sensitive Groups,47.0,UG/M3,1 Hr,Valid
Hyderabad,PM2.5 - Principal,2017-01-05 05:00 PM,2017,01,05,17,48.0,132,Unhealthy for Sensitive Groups,45.0,UG/M3,1 Hr,Valid
Hyderabad,PM2.5 - Principal,2017-01-05 06:00 PM,2017,01,05,18,49.0,134,Unhealthy for Sensitive Groups,50.0,UG/M3,1 Hr,Valid
Hyderabad,PM2.5 - Principal,2017-01-05 07:00 PM,2017,01,05,19,56.5,152,Unhealthy,64.0,UG/M3,1 Hr,Valid
Hyderabad,PM2.5 - Principal,2017-01-05 08:00 PM,2017,01,05,20,72.2,160,Unhealthy,88.0,UG/M3,1 Hr,Valid
Hyderabad,PM2.5 - Principal,2017-01-05 09:00 PM,2017,01,05,21,71.6,159,Unhealthy,71.0,UG/M3,1 Hr,Valid
Hyderabad,PM2.5 - Principal,2017-01-05 10:00 PM,2017,01,05,22,71.6,159,Unhealthy,72.0,UG/M3,1 Hr,Valid
Hyderabad,PM2.5 - Principal,2017-01-05 11:00 PM,2017,01,05,23,74.7,161,Unhealthy,78.0,UG/M3,1 Hr,Valid
Hyderabad,PM2.5 - Principal,2017-01-06 12:00 AM,2017,01,06,00,91.4,170,Unhealthy,108.0,UG/M3,1 Hr,Valid
Hyderabad,PM2.5 - Principal,2017-01-06 01:00 AM,2017,01,06,01,94.2,171,Unhealthy,97.0,UG/M3,1 Hr,Valid
Hyderabad,PM2.5 - Principal,2017-01-06 02:00 AM,2017,01,06,02,104.1,176,Unhealthy,114.0,UG/M3,1 Hr,Valid
Hyderabad,PM2.5 - Principal,2017-01-06 03:00 AM,2017,01,06,03,101.5,175,Unhealthy,99.0,UG/M3,1 Hr,Valid
Hyderabad,PM2.5 - Principal,2017-01-06 04:00 AM,2017,01,06,04,96.7,172,Unhealthy,92.0,UG/M3,1 Hr,Valid
Hyderabad,PM2.5 - Principal,2017-01-06 05:00 AM,2017,01,06,05,106.4,177,Unhealthy,116.0,UG/M3,1 Hr,Valid
Hyderabad,PM2.5 - Principal,2017-01-06 06:00 AM,2017,01,06,06,137.2,193,Unhealthy,168.0,UG/M3,1 Hr,Valid
Hyderabad,PM2.5 - Principal,2017-01-06 07:00 AM,2017,01,06,07,161.6,212,Very Unhealthy,186.0,UG/M3,1 Hr,Valid
Hyderabad,PM2.5 - Principal,2017-01-06 08:00 AM,2017,01,06,08,184.8,235,Very Unhealthy,208.0,UG/M3,1 Hr,Valid
Hyderabad,PM2.5 - Principal,2017-01-06 09:00 AM,2017,01,06,09,201.4,251,Very Unhealthy,218.0,UG/M3,1 Hr,Valid
Hyderabad,PM2.5 - Principal,2017-01-06 10:00 AM,2017,01,06,10,153.7,204,Very Unhealthy,106.0,UG/M3,1 Hr,Valid
Hyderabad,PM2.5 - Principal,2017-01-06 11:00 AM,2017,01,06,11,108.8,179,Unhealthy,64.0,UG/M3,1 Hr,Valid
Hyderabad,PM2.5 - Principal,2017-01-06 12:00 PM,2017,01,06,12,81.9,165,Unhealthy,55.0,UG/M3,1 Hr,Valid
Hyderabad,PM2.5 - Principal,2017-01-06 01:00 PM,2017,01,06,13,62.9,155,Unhealthy,44.0,UG/M3,1 Hr,Valid
Hyderabad,PM2.5 - Principal,2017-01-06 02:00 PM,2017,01,06,14,51.4,140,Unhealthy for Sensitive Groups,40.0,UG/M3,1 Hr,Valid
Hyderabad,PM2.5 - Principal,2017-01-06 03:00 PM,2017,01,06,15,45.2,125,Unhealthy for Sensitive Groups,39.0,UG/M3,1 Hr,Valid
Hyderabad,PM2.5 - Principal,2017-01-06 04:00 PM,2017,01,06,16,44.6,123,Unhealthy for Sensitive Groups,44.0,UG/M3,1 Hr,Valid
Hyderabad,PM2.5 - Principal,2017-01-06 05:00 PM,2017,01,06,17,42.7,119,Unhealthy for Sensitive Groups,41.0,UG/M3,1 Hr,Valid
Hyderabad,PM2.5 - Principal,2017-01-06 06:00 PM,2017,01,06,18,54.3,147,Unhealthy for Sensitive Groups,66.0,UG/M3,1 Hr,Valid
Hyderabad,PM2.5 - Principal,2017-01-06 07:00 PM,2017,01,06,19,68.6,158,Unhealthy,83.0,UG/M3,1 Hr,Valid
Hyderabad,PM2.5 - Principal,2017-01-06 08:00 PM,2017,01,06,20,89.3,168,Unhealthy,110.0,UG/M3,1 Hr,Valid
Hyderabad,PM2.5 - Principal,2017-01-06 09:00 PM,2017,01,06,21,94.6,171,Unhealthy,100.0,UG/M3,1 Hr,Valid
Hyderabad,PM2.5 - Principal,2017-01-06 10:00 PM,2017,01,06,22,99.8,174,Unhealthy,105.0,UG/M3,1 Hr,Valid
Hyderabad,PM2.5 - Principal,2017-01-06 11:00 PM,2017,01,06,23,111.9,180,Unhealthy,124.0,UG/M3,1 Hr,Valid
Hyderabad,PM2.5 - Principal,2017-01-07 12:00 AM,2017,01,07,00,115.9,182,Unhealthy,120.0,UG/M3,1 Hr,Valid
Hyderabad,PM2.5 - Principal,2017-01-07 01:00 AM,2017,01,07,01,114.9,182,Unhealthy,114.0,UG/M3,1 Hr,Valid
Hyderabad,PM2.5 - Principal,2017-01-07 02:00 AM,2017,01,07,02,117.0,183,Unhealthy,119.0,UG/M3,1 Hr,Valid
Hyderabad,PM2.5 - Principal,2017-01-07 03:00 AM,2017,01,07,03,126.0,187,Unhealthy,135.0,UG/M3,1 Hr,Valid
Hyderabad,PM2.5 - Principal,2017-01-07 04:00 AM,2017,01,07,04,123.5,186,Unhealthy,121.0,UG/M3,1 Hr,Valid
Hyderabad,PM2.5 - Principal,2017-01-07 05:00 AM,2017,01,07,05,128.7,189,Unhealthy,134.0,UG/M3,1 Hr,Valid
Hyderabad,PM2.5 - Principal,2017-01-07 06:00 AM,2017,01,07,06,110.3,179,Unhealthy,84.0,UG/M3,1 Hr,Valid
Hyderabad,PM2.5 - Principal,2017-01-07 07:00 AM,2017,01,07,07,103.5,176,Unhealthy,92.0,UG/M3,1 Hr,Valid
Hyderabad,PM2.5 - Principal,2017-01-07 08:00 AM,2017,01,07,08,102.6,175,Unhealthy,101.0,UG/M3,1 Hr,Valid
Hyderabad,PM2.5 - Principal,2017-01-07 09:00 AM,2017,01,07,09,102.3,175,Unhealthy,102.0,UG/M3,1 Hr,Valid
Hyderabad,PM2.5 - Principal,2017-01-07 10:00 AM,2017,01,07,10,109.4,179,Unhealthy,121.0,UG/M3,1 Hr,Valid
Hyderabad,PM2.5 - Principal,2017-01-07 11:00 AM,2017,01,07,11,106.2,177,Unhealthy,101.0,UG/M3,1 Hr,Valid
Hyderabad,PM2.5 - Principal,2017-01-07 12:00 PM,2017,01,07,12,98.5,173,Unhealthy,86.0,UG/M3,1 Hr,Valid
Hyderabad,PM2.5 - Principal,2017-01-07 01:00 PM,2017,01,07,13,82.9,165,Unhealthy,69.0,UG/M3,1 Hr,Valid
Hyderabad,PM2.5 - Principal,2017-01-07 02:00 PM,2017,01,07,14,74.7,161,Unhealthy,67.0,UG/M3,1 Hr,Valid
Hyderabad,PM2.5 - Principal,2017-01-07 03:00 PM,2017,01,07,15,65.3,156,Unhealthy,56.0,UG/M3,1 Hr,Valid
Hyderabad,PM2.5 - Principal,2017-01-07 04:00 PM,2017,01,07,16,58.6,153,Unhealthy,52.0,UG/M3,1 Hr,Valid
Hyderabad,PM2.5 - Principal,2017-01-07 05:00 PM,2017,01,07,17,54.8,149,Unhealthy for Sensitive Groups,51.0,UG/M3,1 Hr,Valid
Hyderabad,PM2.5 - Principal,2017-01-07 06:00 PM,2017,01,07,18,62.4,155,Unhealthy,70.0,UG/M3,1 Hr,Valid
Hyderabad,PM2.5 - Principal,2017-01-07 07:00 PM,2017,01,07,19,74.2,161,Unhealthy,86.0,UG/M3,1 Hr,Valid
Hyderabad,PM2.5 - Principal,2017-01-07 08:00 PM,2017,01,07,20,77.0,162,Unhealthy,80.0,UG/M3,1 Hr,Valid
Hyderabad,PM2.5 - Principal,2017-01-07 09:00 PM,2017,01,07,21,82.0,165,Unhealthy,87.0,UG/M3,1 Hr,Valid
Hyderabad,PM2.5 - Principal,2017-01-07 10:00 PM,2017,01,07,22,90.8,169,Unhealthy,100.0,UG/M3,1 Hr,Valid
Hyderabad,PM2.5 - Principal,2017-01-07 11:00 PM,2017,01,07,23,93.3,171,Unhealthy,96.0,UG/M3,1 Hr,Valid
Hyderabad,PM2.5 - Principal,2017-01-08 12:00 AM,2017,01,08,00,96.1,172,Unhealthy,99.0,UG/M3,1 Hr,Valid
Hyderabad,PM2.5 - Principal,2017-01-08 01:00 AM,2017,01,08,01,93.6,171,Unhealthy,91.0,UG/M3,1 Hr,Valid
Hyderabad,PM2.5 - Principal,2017-01-08 02:00 AM,2017,01,08,02,94.7,171,Unhealthy,96.0,UG/M3,1 Hr,Valid
Hyderabad,PM2.5 - Principal,2017-01-08 03:00 AM,2017,01,08,03,89.9,169,Unhealthy,85.0,UG/M3,1 Hr,Valid
Hyderabad,PM2.5 - Principal,2017-01-08 04:00 AM,2017,01,08,04,86.5,167,Unhealthy,83.0,UG/M3,1 Hr,Valid
Hyderabad,PM2.5 - Principal,2017-01-08 05:00 AM,2017,01,08,05,85.1,166,Unhealthy,77.0,UG/M3,1 Hr,Valid
Hyderabad,PM2.5 - Principal,2017-01-08 06:00 AM,2017,01,08,06,79.9,164,Unhealthy,69.0,UG/M3,1 Hr,Valid
Hyderabad,PM2.5 - Principal,2017-01-08 07:00 AM,2017,01,08,07,76.5,162,Unhealthy,69.0,UG/M3,1 Hr,Valid
Hyderabad,PM2.5 - Principal,2017-01-08 08:00 AM,2017,01,08,08,77.9,163,Unhealthy,81.0,UG/M3,1 Hr,Valid
Hyderabad,PM2.5 - Principal,2017-01-08 09:00 AM,2017,01,08,09,77.9,163,Unhealthy,78.0,UG/M3,1 Hr,Valid
Hyderabad,PM2.5 - Principal,2017-01-08 10:00 AM,2017,01,08,10,79.1,163,Unhealthy,82.0,UG/M3,1 Hr,Valid
Hyderabad,PM2.5 - Principal,2017-01-08 11:00 AM,2017,01,08,11,84.8,166,Unhealthy,98.0,UG/M3,1 Hr,Valid
Hyderabad,PM2.5 - Principal,2017-01-08 12:00 PM,2017,01,08,12,80.2,164,Unhealthy,70.0,UG/M3,1 Hr,Valid
Hyderabad,PM2.5 - Principal,2017-01-08 01:00 PM,2017,01,08,13,73.4,160,Unhealthy,62.0,UG/M3,1 Hr,Valid
Hyderabad,PM2.5 - Principal,2017-01-08 02:00 PM,2017,01,08,14,69.9,158,Unhealthy,64.0,UG/M3,1 Hr,Valid
Hyderabad,PM2.5 - Principal,2017-01-08 03:00 PM,2017,01,08,15,73.2,160,Unhealthy,79.0,UG/M3,1 Hr,Valid
Hyderabad,PM2.5 - Principal,2017-01-08 04:00 PM,2017,01,08,16,69.0,158,Unhealthy,62.0,UG/M3,1 Hr,Valid
Hyderabad,PM2.5 - Principal,2017-01-08 05:00 PM,2017,01,08,17,67.1,157,Unhealthy,64.0,UG/M3,1 Hr,Valid
Hyderabad,PM2.5 - Principal,2017-01-08 06:00 PM,2017,01,08,18,63.1,155,Unhealthy,58.0,UG/M3,1 Hr,Valid
Hyderabad,PM2.5 - Principal,2017-01-08 07:00 PM,2017,01,08,19,68.3,158,Unhealthy,76.0,UG/M3,1 Hr,Valid
Hyderabad,PM2.5 - Principal,2017-01-08 08:00 PM,2017,01,08,20,76.8,162,Unhealthy,89.0,UG/M3,1 Hr,Valid
Hyderabad,PM2.5 - Principal,2017-01-08 09:00 PM,2017,01,08,21,80.9,164,Unhealthy,87.0,UG/M3,1 Hr,Valid
Hyderabad,PM2.5 - Principal,2017-01-08 10:00 PM,2017,01,08,22,83.8,166,Unhealthy,88.0,UG/M3,1 Hr,Valid
Hyderabad,PM2.5 - Principal,2017-01-08 11:00 PM,2017,01,08,23,83.3,165,Unhealthy,85.0,UG/M3,1 Hr,Valid
Hyderabad,PM2.5 - Principal,2017-01-09 12:00 AM,2017,01,09,00,81.4,164,Unhealthy,78.0,UG/M3,1 Hr,Valid
Hyderabad,PM2.5 - Principal,2017-01-09 01:00 AM,2017,01,09,01,74.7,161,Unhealthy,62.0,UG/M3,1 Hr,Valid
Hyderabad,PM2.5 - Principal,2017-01-09 02:00 AM,2017,01,09,02,72.0,160,Unhealthy,67.0,UG/M3,1 Hr,Valid
Hyderabad,PM2.5 - Principal,2017-01-09 03:00 AM,2017,01,09,03,63.7,155,Unhealthy,53.0,UG/M3,1 Hr,Valid
Hyderabad,PM2.5 - Principal,2017-01-09 04:00 AM,2017,01,09,04,60.9,154,Unhealthy,57.0,UG/M3,1 Hr,Valid
Hyderabad,PM2.5 - Principal,2017-01-09 05:00 AM,2017,01,09,05,55.0,149,Unhealthy for Sensitive Groups,49.0,UG/M3,1 Hr,Valid
Hyderabad,PM2.5 - Principal,2017-01-09 06:00 AM,2017,01,09,06,50.3,137,Unhealthy for Sensitive Groups,46.0,UG/M3,1 Hr,Valid
Hyderabad,PM2.5 - Principal,2017-01-09 07:00 AM,2017,01,09,07,52.5,143,Unhealthy for Sensitive Groups,55.0,UG/M3,1 Hr,Valid
Hyderabad,PM2.5 - Principal,2017-01-09 08:00 AM,2017,01,09,08,59.4,153,Unhealthy,67.0,UG/M3,1 Hr,Valid
Hyderabad,PM2.5 - Principal,2017-01-09 09:00 AM,2017,01,09,09,64.4,156,Unhealthy,70.0,UG/M3,1 Hr,Valid
Hyderabad,PM2.5 - Principal,2017-01-09 10:00 AM,2017,01,09,10,71.8,159,Unhealthy,81.0,UG/M3,1 Hr,Valid
Hyderabad,PM2.5 - Principal,2017-01-09 11:00 AM,2017,01,09,11,65.0,156,Unhealthy,57.0,UG/M3,1 Hr,Valid
Hyderabad,PM2.5 - Principal,2017-01-09 12:00 PM,2017,01,09,12,61.9,154,Unhealthy,58.0,UG/M3,1 Hr,Valid
Hyderabad,PM2.5 - Principal,2017-01-09 01:00 PM,2017,01,09,13,64.5,156,Unhealthy,68.0,UG/M3,1 Hr,Valid
Hyderabad,PM2.5 - Principal,2017-01-09 02:00 PM,2017,01,09,14,60.4,154,Unhealthy,55.0,UG/M3,1 Hr,Valid
Hyderabad,PM2.5 - Principal,2017-01-09 03:00 PM,2017,01,09,15,57.6,152,Unhealthy,54.0,UG/M3,1 Hr,Valid
Hyderabad,PM2.5 - Principal,2017-01-09 04:00 PM,2017,01,09,16,59.5,153,Unhealthy,62.0,UG/M3,1 Hr,Valid
Hyderabad,PM2.5 - Principal,2017-01-09 05:00 PM,2017,01,09,17,56.7,152,Unhealthy,53.0,UG/M3,1 Hr,Valid
Hyderabad,PM2.5 - Principal,2017-01-09 06:00 PM,2017,01,09,18,60.8,154,Unhealthy,67.0,UG/M3,1 Hr,Valid
Hyderabad,PM2.5 - Principal,2017-01-09 07:00 PM,2017,01,09,19,66.1,156,Unhealthy,76.0,UG/M3,1 Hr,Valid
Hyderabad,PM2.5 - Principal,2017-01-09 08:00 PM,2017,01,09,20,70.9,159,Unhealthy,80.0,UG/M3,1 Hr,Valid
Hyderabad,PM2.5 - Principal,2017-01-09 09:00 PM,2017,01,09,21,72.0,160,Unhealthy,74.0,UG/M3,1 Hr,Valid
Hyderabad,PM2.5 - Principal,2017-01-09 10:00 PM,2017,01,09,22,76.1,162,Unhealthy,83.0,UG/M3,1 Hr,Valid
Hyderabad,PM2.5 - Principal,2017-01-09 11:00 PM,2017,01,09,23,80.2,164,Unhealthy,86.0,UG/M3,1 Hr,Valid
Hyderabad,PM2.5 - Principal,2017-01-10 12:00 AM,2017,01,10,00,82.1,165,Unhealthy,85.0,UG/M3,1 Hr,Valid
Hyderabad,PM2.5 - Principal,2017-01-10 01:00 AM,2017,01,10,01,77.8,163,Unhealthy,71.0,UG/M3,1 Hr,Valid
Hyderabad,PM2.5 - Principal,2017-01-10 02:00 AM,2017,01,10,02,76.0,162,Unhealthy,73.0,UG/M3,1 Hr,Valid
Hyderabad,PM2.5 - Principal,2017-01-10 03:00 AM,2017,01,10,03,74.1,161,Unhealthy,71.0,UG/M3,1 Hr,Valid
Hyderabad,PM2.5 - Principal,2017-01-10 04:00 AM,2017,01,10,04,73.6,160,Unhealthy,73.0,UG/M3,1 Hr,Valid
Hyderabad,PM2.5 - Principal,2017-01-10 05:00 AM,2017,01,10,05,78.4,163,Unhealthy,89.0,UG/M3,1 Hr,Valid
Hyderabad,PM2.5 - Principal,2017-01-10 06:00 AM,2017,01,10,06,86.0,167,Unhealthy,102.0,UG/M3,1 Hr,Valid
Hyderabad,PM2.5 - Principal,2017-01-10 07:00 AM,2017,01,10,07,90.9,169,Unhealthy,102.0,UG/M3,1 Hr,Valid
Hyderabad,PM2.5 - Principal,2017-01-10 08:00 AM,2017,01,10,08,116.6,183,Unhealthy,138.0,UG/M3,1 Hr,Valid
Hyderabad,PM2.5 - Principal,2017-01-10 09:00 AM,2017,01,10,09,116.3,182,Unhealthy,116.0,UG/M3,1 Hr,Valid
Hyderabad,PM2.5 - Principal,2017-01-10 10:00 AM,2017,01,10,10,108.3,178,Unhealthy,100.0,UG/M3,1 Hr,Valid
Hyderabad,PM2.5 - Principal,2017-01-10 11:00 AM,2017,01,10,11,103.3,176,Unhealthy,98.0,UG/M3,1 Hr,Valid
Hyderabad,PM2.5 - Principal,2017-01-10 12:00 PM,2017,01,10,12,91.0,169,Unhealthy,78.0,UG/M3,1 Hr,Valid
Hyderabad,PM2.5 - Principal,2017-01-10 01:00 PM,2017,01,10,13,77.2,162,Unhealthy,64.0,UG/M3,1 Hr,Valid
Hyderabad,PM2.5 - Principal,2017-01-10 02:00 PM,2017,01,10,14,70.1,159,Unhealthy,63.0,UG/M3,1 Hr,Valid
Hyderabad,PM2.5 - Principal,2017-01-10 03:00 PM,2017,01,10,15,70.1,159,Unhealthy,-999.0,UG/M3,1 Hr,Missing
Hyderabad,PM2.5 - Principal,2017-01-10 04:00 PM,2017,01,10,16,64.0,155,Unhealthy,61.0,UG/M3,1 Hr,Valid
Hyderabad,PM2.5 - Principal,2017-01-10 05:00 PM,2017,01,10,17,64.5,156,Unhealthy,65.0,UG/M3,1 Hr,Valid
Hyderabad,PM2.5 - Principal,2017-01-10 06:00 PM,2017,01,10,18,68.0,157,Unhealthy,71.0,UG/M3,1 Hr,Valid
Hyderabad,PM2.5 - Principal,2017-01-10 07:00 PM,2017,01,10,19,79.3,163,Unhealthy,90.0,UG/M3,1 Hr,Valid
Hyderabad,PM2.5 - Principal,2017-01-10 08:00 PM,2017,01,10,20,86.6,167,Unhealthy,95.0,UG/M3,1 Hr,Valid
Hyderabad,PM2.5 - Principal,2017-01-10 09:00 PM,2017,01,10,21,79.4,163,Unhealthy,72.0,UG/M3,1 Hr,Valid
Hyderabad,PM2.5 - Principal,2017-01-10 10:00 PM,2017,01,10,22,76.1,162,Unhealthy,71.0,UG/M3,1 Hr,Valid
Hyderabad,PM2.5 - Principal,2017-01-10 11:00 PM,2017,01,10,23,72.7,160,Unhealthy,67.0,UG/M3,1 Hr,Valid
Hyderabad,PM2.5 - Principal,2017-01-11 12:00 AM,2017,01,11,00,74.6,161,Unhealthy,78.0,UG/M3,1 Hr,Valid
Hyderabad,PM2.5 - Principal,2017-01-11 01:00 AM,2017,01,11,01,74.4,161,Unhealthy,74.0,UG/M3,1 Hr,Valid
Hyderabad,PM2.5 - Principal,2017-01-11 02:00 AM,2017,01,11,02,80.4,164,Unhealthy,91.0,UG/M3,1 Hr,Valid
Hyderabad,PM2.5 - Principal,2017-01-11 03:00 AM,2017,01,11,03,80.6,164,Unhealthy,81.0,UG/M3,1 Hr,Valid
Hyderabad,PM2.5 - Principal,2017-01-11 04:00 AM,2017,01,11,04,77.6,162,Unhealthy,72.0,UG/M3,1 Hr,Valid
Hyderabad,PM2.5 - Principal,2017-01-11 05:00 AM,2017,01,11,05,83.3,165,Unhealthy,96.0,UG/M3,1 Hr,Valid
Hyderabad,PM2.5 - Principal,2017-01-11 06:00 AM,2017,01,11,06,88.2,168,Unhealthy,98.0,UG/M3,1 Hr,Valid
Hyderabad,PM2.5 - Principal,2017-01-11 07:00 AM,2017,01,11,07,99.5,174,Unhealthy,113.0,UG/M3,1 Hr,Valid
Hyderabad,PM2.5 - Principal,2017-01-11 08:00 AM,2017,01,11,08,104.2,176,Unhealthy,111.0,UG/M3,1 Hr,Valid
Hyderabad,PM2.5 - Principal,2017-01-11 09:00 AM,2017,01,11,09,111.2,180,Unhealthy,119.0,UG/M3,1 Hr,Valid
Hyderabad,PM2.5 - Principal,2017-01-11 10:00 AM,2017,01,11,10,106.3,177,Unhealthy,100.0,UG/M3,1 Hr,Valid
Hyderabad,PM2.5 - Principal,2017-01-11 11:00 AM,2017,01,11,11,97.7,173,Unhealthy,85.0,UG/M3,1 Hr,Valid
Hyderabad,PM2.5 - Principal,2017-01-11 12:00 PM,2017,01,11,12,91.5,170,Unhealthy,82.0,UG/M3,1 Hr,Valid
Hyderabad,PM2.5 - Principal,2017-01-11 01:00 PM,2017,01,11,13,86.5,167,Unhealthy,79.0,UG/M3,1 Hr,Valid
Hyderabad,PM2.5 - Principal,2017-01-11 02:00 PM,2017,01,11,14,80.8,164,Unhealthy,72.0,UG/M3,1 Hr,Valid
Hyderabad,PM2.5 - Principal,2017-01-11 03:00 PM,2017,01,11,15,69.8,158,Unhealthy,61.0,UG/M3,1 Hr,Valid
Hyderabad,PM2.5 - Principal,2017-01-11 04:00 PM,2017,01,11,16,58.7,153,Unhealthy,48.0,UG/M3,1 Hr,Valid
Hyderabad,PM2.5 - Principal,2017-01-11 05:00 PM,2017,01,11,17,55.8,151,Unhealthy,53.0,UG/M3,1 Hr,Valid
Hyderabad,PM2.5 - Principal,2017-01-11 06:00 PM,2017,01,11,18,58.4,152,Unhealthy,61.0,UG/M3,1 Hr,Valid
Hyderabad,PM2.5 - Principal,2017-01-11 07:00 PM,2017,01,11,19,69.2,158,Unhealthy,80.0,UG/M3,1 Hr,Valid
Hyderabad,PM2.5 - Principal,2017-01-11 08:00 PM,2017,01,11,20,68.5,158,Unhealthy,68.0,UG/M3,1 Hr,Valid
Hyderabad,PM2.5 - Principal,2017-01-11 09:00 PM,2017,01,11,21,68.7,158,Unhealthy,69.0,UG/M3,1 Hr,Valid
Hyderabad,PM2.5 - Principal,2017-01-11 10:00 PM,2017,01,11,22,71.7,159,Unhealthy,76.0,UG/M3,1 Hr,Valid
Hyderabad,PM2.5 - Principal,2017-01-11 11:00 PM,2017,01,11,23,78.0,163,Unhealthy,86.0,UG/M3,1 Hr,Valid
Hyderabad,PM2.5 - Principal,2017-01-12 12:00 AM,2017,01,12,00,79.8,164,Unhealthy,82.0,UG/M3,1 Hr,Valid
Hyderabad,PM2.5 - Principal,2017-01-12 01:00 AM,2017,01,12,01,76.3,162,Unhealthy,72.0,UG/M3,1 Hr,Valid
Hyderabad,PM2.5 - Principal,2017-01-12 02:00 AM,2017,01,12,02,82.7,165,Unhealthy,90.0,UG/M3,1 Hr,Valid
Hyderabad,PM2.5 - Principal,2017-01-12 03:00 AM,2017,01,12,03,79.1,163,Unhealthy,75.0,UG/M3,1 Hr,Valid
Hyderabad,PM2.5 - Principal,2017-01-12 04:00 AM,2017,01,12,04,77.0,162,Unhealthy,74.0,UG/M3,1 Hr,Valid
Hyderabad,PM2.5 - Principal,2017-01-12 05:00 AM,2017,01,12,05,78.8,163,Unhealthy,82.0,UG/M3,1 Hr,Valid
Hyderabad,PM2.5 - Principal,2017-01-12 06:00 AM,2017,01,12,06,82.7,165,Unhealthy,93.0,UG/M3,1 Hr,Valid
Hyderabad,PM2.5 - Principal,2017-01-12 07:00 AM,2017,01,12,07,88.8,168,Unhealthy,100.0,UG/M3,1 Hr,Valid
Hyderabad,PM2.5 - Principal,2017-01-12 08:00 AM,2017,01,12,08,103.5,176,Unhealthy,120.0,UG/M3,1 Hr,Valid
Hyderabad,PM2.5 - Principal,2017-01-12 09:00 AM,2017,01,12,09,107.1,178,Unhealthy,114.0,UG/M3,1 Hr,Valid
Hyderabad,PM2.5 - Principal,2017-01-12 10:00 AM,2017,01,12,10,100.7,174,Unhealthy,91.0,UG/M3,1 Hr,Valid
Hyderabad,PM2.5 - Principal,2017-01-12 11:00 AM,2017,01,12,11,93.2,170,Unhealthy,82.0,UG/M3,1 Hr,Valid
Hyderabad,PM2.5 - Principal,2017-01-12 12:00 PM,2017,01,12,12,82.6,165,Unhealthy,69.0,UG/M3,1 Hr,Valid
Hyderabad,PM2.5 - Principal,2017-01-12 01:00 PM,2017,01,12,13,78.5,163,Unhealthy,73.0,UG/M3,1 Hr,Valid
Hyderabad,PM2.5 - Principal,2017-01-12 02:00 PM,2017,01,12,14,74.9,161,Unhealthy,70.0,UG/M3,1 Hr,Valid
Hyderabad,PM2.5 - Principal,2017-01-12 03:00 PM,2017,01,12,15,75.3,161,Unhealthy,76.0,UG/M3,1 Hr,Valid
Hyderabad,PM2.5 - Principal,2017-01-12 04:00 PM,2017,01,12,16,73.5,160,Unhealthy,71.0,UG/M3,1 Hr,Valid
Hyderabad,PM2.5 - Principal,2017-01-12 05:00 PM,2017,01,12,17,74.9,161,Unhealthy,77.0,UG/M3,1 Hr,Valid
Hyderabad,PM2.5 - Principal,2017-01-12 06:00 PM,2017,01,12,18,77.9,163,Unhealthy,82.0,UG/M3,1 Hr,Valid
Hyderabad,PM2.5 - Principal,2017-01-12 07:00 PM,2017,01,12,19,83.0,165,Unhealthy,90.0,UG/M3,1 Hr,Valid
Hyderabad,PM2.5 - Principal,2017-01-12 08:00 PM,2017,01,12,20,91.8,170,Unhealthy,106.0,UG/M3,1 Hr,Valid
Hyderabad,PM2.5 - Principal,2017-01-12 09:00 PM,2017,01,12,21,101.2,175,Unhealthy,115.0,UG/M3,1 Hr,Valid
Hyderabad,PM2.5 - Principal,2017-01-12 10:00 PM,2017,01,12,22,102.3,175,Unhealthy,104.0,UG/M3,1 Hr,Valid
Hyderabad,PM2.5 - Principal,2017-01-12 11:00 PM,2017,01,12,23,101.4,175,Unhealthy,100.0,UG/M3,1 Hr,Valid
Hyderabad,PM2.5 - Principal,2017-01-13 12:00 AM,2017,01,13,00,102.3,175,Unhealthy,104.0,UG/M3,1 Hr,Valid
Hyderabad,PM2.5 - Principal,2017-01-13 01:00 AM,2017,01,13,01,100.6,174,Unhealthy,98.0,UG/M3,1 Hr,Valid
Hyderabad,PM2.5 - Principal,2017-01-13 02:00 AM,2017,01,13,02,95.4,172,Unhealthy,87.0,UG/M3,1 Hr,Valid
Hyderabad,PM2.5 - Principal,2017-01-13 03:00 AM,2017,01,13,03,94.5,171,Unhealthy,93.0,UG/M3,1 Hr,Valid
Hyderabad,PM2.5 - Principal,2017-01-13 04:00 AM,2017,01,13,04,96.1,172,Unhealthy,98.0,UG/M3,1 Hr,Valid
Hyderabad,PM2.5 - Principal,2017-01-13 05:00 AM,2017,01,13,05,96.9,172,Unhealthy,98.0,UG/M3,1 Hr,Valid
Hyderabad,PM2.5 - Principal,2017-01-13 06:00 AM,2017,01,13,06,98.9,173,Unhealthy,104.0,UG/M3,1 Hr,Valid
Hyderabad,PM2.5 - Principal,2017-01-13 07:00 AM,2017,01,13,07,108.5,178,Unhealthy,128.0,UG/M3,1 Hr,Valid
Hyderabad,PM2.5 - Principal,2017-01-13 08:00 AM,2017,01,13,08,137.7,193,Unhealthy,165.0,UG/M3,1 Hr,Valid
Hyderabad,PM2.5 - Principal,2017-01-13 09:00 AM,2017,01,13,09,139.7,194,Unhealthy,142.0,UG/M3,1 Hr,Valid
Hyderabad,PM2.5 - Principal,2017-01-13 10:00 AM,2017,01,13,10,122.8,186,Unhealthy,104.0,UG/M3,1 Hr,Valid
Hyderabad,PM2.5 - Principal,2017-01-13 11:00 AM,2017,01,13,11,97.1,172,Unhealthy,72.0,UG/M3,1 Hr,Valid
Hyderabad,PM2.5 - Principal,2017-01-13 12:00 PM,2017,01,13,12,82.0,165,Unhealthy,67.0,UG/M3,1 Hr,Valid
Hyderabad,PM2.5 - Principal,2017-01-13 01:00 PM,2017,01,13,13,76.0,162,Unhealthy,70.0,UG/M3,1 Hr,Valid
Hyderabad,PM2.5 - Principal,2017-01-13 02:00 PM,2017,01,13,14,76.0,162,Unhealthy,76.0,UG/M3,1 Hr,Valid
Hyderabad,PM2.5 - Principal,2017-01-13 03:00 PM,2017,01,13,15,74.0,161,Unhealthy,72.0,UG/M3,1 Hr,Valid
Hyderabad,PM2.5 - Principal,2017-01-13 04:00 PM,2017,01,13,16,74.5,161,Unhealthy,75.0,UG/M3,1 Hr,Valid
Hyderabad,PM2.5 - Principal,2017-01-13 05:00 PM,2017,01,13,17,73.7,160,Unhealthy,73.0,UG/M3,1 Hr,Valid
Hyderabad,PM2.5 - Principal,2017-01-13 06:00 PM,2017,01,13,18,79.8,164,Unhealthy,86.0,UG/M3,1 Hr,Valid
Hyderabad,PM2.5 - Principal,2017-01-13 07:00 PM,2017,01,13,19,80.9,164,Unhealthy,82.0,UG/M3,1 Hr,Valid
Hyderabad,PM2.5 - Principal,2017-01-13 08:00 PM,2017,01,13,20,87.4,167,Unhealthy,94.0,UG/M3,1 Hr,Valid
Hyderabad,PM2.5 - Principal,2017-01-13 09:00 PM,2017,01,13,21,103.2,176,Unhealthy,123.0,UG/M3,1 Hr,Valid
Hyderabad,PM2.5 - Principal,2017-01-13 10:00 PM,2017,01,13,22,105.8,177,Unhealthy,109.0,UG/M3,1 Hr,Valid
Hyderabad,PM2.5 - Principal,2017-01-13 11:00 PM,2017,01,13,23,105.9,177,Unhealthy,106.0,UG/M3,1 Hr,Valid
Hyderabad,PM2.5 - Principal,2017-01-14 12:00 AM,2017,01,14,00,101.8,175,Unhealthy,97.0,UG/M3,1 Hr,Valid
Hyderabad,PM2.5 - Principal,2017-01-14 01:00 AM,2017,01,14,01,94.0,171,Unhealthy,83.0,UG/M3,1 Hr,Valid
Hyderabad,PM2.5 - Principal,2017-01-14 02:00 AM,2017,01,14,02,92.3,170,Unhealthy,90.0,UG/M3,1 Hr,Valid
Hyderabad,PM2.5 - Principal,2017-01-14 03:00 AM,2017,01,14,03,91.4,170,Unhealthy,90.0,UG/M3,1 Hr,Valid
Hyderabad,PM2.5 - Principal,2017-01-14 04:00 AM,2017,01,14,04,92.9,170,Unhealthy,95.0,UG/M3,1 Hr,Valid
Hyderabad,PM2.5 - Principal,2017-01-14 05:00 AM,2017,01,14,05,94.2,171,Unhealthy,96.0,UG/M3,1 Hr,Valid
Hyderabad,PM2.5 - Principal,2017-01-14 06:00 AM,2017,01,14,06,94.5,171,Unhealthy,95.0,UG/M3,1 Hr,Valid
Hyderabad,PM2.5 - Principal,2017-01-14 07:00 AM,2017,01,14,07,99.3,174,Unhealthy,109.0,UG/M3,1 Hr,Valid
Hyderabad,PM2.5 - Principal,2017-01-14 08:00 AM,2017,01,14,08,97.2,173,Unhealthy,93.0,UG/M3,1 Hr,Valid
Hyderabad,PM2.5 - Principal,2017-01-14 09:00 AM,2017,01,14,09,98.0,173,Unhealthy,102.0,UG/M3,1 Hr,Valid
Hyderabad,PM2.5 - Principal,2017-01-14 10:00 AM,2017,01,14,10,94.7,171,Unhealthy,85.0,UG/M3,1 Hr,Valid
Hyderabad,PM2.5 - Principal,2017-01-14 11:00 AM,2017,01,14,11,90.9,169,Unhealthy,81.0,UG/M3,1 Hr,Valid
Hyderabad,PM2.5 - Principal,2017-01-14 12:00 PM,2017,01,14,12,89.3,168,Unhealthy,85.0,UG/M3,1 Hr,Valid
Hyderabad,PM2.5 - Principal,2017-01-14 01:00 PM,2017,01,14,13,81.3,164,Unhealthy,70.0,UG/M3,1 Hr,Valid
Hyderabad,PM2.5 - Principal,2017-01-14 02:00 PM,2017,01,14,14,72.6,160,Unhealthy,63.0,UG/M3,1 Hr,Valid
Hyderabad,PM2.5 - Principal,2017-01-14 03:00 PM,2017,01,14,15,64.3,156,Unhealthy,57.0,UG/M3,1 Hr,Valid
Hyderabad,PM2.5 - Principal,2017-01-14 04:00 PM,2017,01,14,16,62.2,154,Unhealthy,60.0,UG/M3,1 Hr,Valid
Hyderabad,PM2.5 - Principal,2017-01-14 05:00 PM,2017,01,14,17,62.6,155,Unhealthy,63.0,UG/M3,1 Hr,Valid
Hyderabad,PM2.5 - Principal,2017-01-14 06:00 PM,2017,01,14,18,70.9,159,Unhealthy,80.0,UG/M3,1 Hr,Valid
Hyderabad,PM2.5 - Principal,2017-01-14 07:00 PM,2017,01,14,19,76.4,162,Unhealthy,84.0,UG/M3,1 Hr,Valid
Hyderabad,PM2.5 - Principal,2017-01-14 08:00 PM,2017,01,14,20,87.2,167,Unhealthy,101.0,UG/M3,1 Hr,Valid
Hyderabad,PM2.5 - Principal,2017-01-14 09:00 PM,2017,01,14,21,89.6,169,Unhealthy,93.0,UG/M3,1 Hr,Valid
Hyderabad,PM2.5 - Principal,2017-01-14 10:00 PM,2017,01,14,22,93.2,170,Unhealthy,98.0,UG/M3,1 Hr,Valid
Hyderabad,PM2.5 - Principal,2017-01-14 11:00 PM,2017,01,14,23,96.2,172,Unhealthy,100.0,UG/M3,1 Hr,Valid
Hyderabad,PM2.5 - Principal,2017-01-15 12:00 AM,2017,01,15,00,97.0,172,Unhealthy,98.0,UG/M3,1 Hr,Valid
Hyderabad,PM2.5 - Principal,2017-01-15 01:00 AM,2017,01,15,01,100.8,174,Unhealthy,105.0,UG/M3,1 Hr,Valid
Hyderabad,PM2.5 - Principal,2017-01-15 02:00 AM,2017,01,15,02,100.9,174,Unhealthy,101.0,UG/M3,1 Hr,Valid
Hyderabad,PM2.5 - Principal,2017-01-15 03:00 AM,2017,01,15,03,99.1,174,Unhealthy,97.0,UG/M3,1 Hr,Valid
Hyderabad,PM2.5 - Principal,2017-01-15 04:00 AM,2017,01,15,04,95.0,171,Unhealthy,89.0,UG/M3,1 Hr,Valid
Hyderabad,PM2.5 - Principal,2017-01-15 05:00 AM,2017,01,15,05,99.2,174,Unhealthy,108.0,UG/M3,1 Hr,Valid
Hyderabad,PM2.5 - Principal,2017-01-15 06:00 AM,2017,01,15,06,98.0,173,Unhealthy,94.0,UG/M3,1 Hr,Valid
Hyderabad,PM2.5 - Principal,2017-01-15 07:00 AM,2017,01,15,07,97.6,173,Unhealthy,95.0,UG/M3,1 Hr,Valid
Hyderabad,PM2.5 - Principal,2017-01-15 08:00 AM,2017,01,15,08,98.2,173,Unhealthy,101.0,UG/M3,1 Hr,Valid
Hyderabad,PM2.5 - Principal,2017-01-15 09:00 AM,2017,01,15,09,98.9,173,Unhealthy,101.0,UG/M3,1 Hr,Valid
Hyderabad,PM2.5 - Principal,2017-01-15 10:00 AM,2017,01,15,10,99.7,174,Unhealthy,103.0,UG/M3,1 Hr,Valid
Hyderabad,PM2.5 - Principal,2017-01-15 11:00 AM,2017,01,15,11,99.5,174,Unhealthy,99.0,UG/M3,1 Hr,Valid
Hyderabad,PM2.5 - Principal,2017-01-15 12:00 PM,2017,01,15,12,97.7,173,Unhealthy,90.0,UG/M3,1 Hr,Valid
Hyderabad,PM2.5 - Principal,2017-01-15 01:00 PM,2017,01,15,13,94.2,171,Unhealthy,84.0,UG/M3,1 Hr,Valid
Hyderabad,PM2.5 - Principal,2017-01-15 02:00 PM,2017,01,15,14,90.8,169,Unhealthy,82.0,UG/M3,1 Hr,Valid
Hyderabad,PM2.5 - Principal,2017-01-15 03:00 PM,2017,01,15,15,82.5,165,Unhealthy,71.0,UG/M3,1 Hr,Valid
Hyderabad,PM2.5 - Principal,2017-01-15 04:00 PM,2017,01,15,16,75.9,162,Unhealthy,67.0,UG/M3,1 Hr,Valid
Hyderabad,PM2.5 - Principal,2017-01-15 05:00 PM,2017,01,15,17,74.4,161,Unhealthy,70.0,UG/M3,1 Hr,Valid
Hyderabad,PM2.5 - Principal,2017-01-15 06:00 PM,2017,01,15,18,77.0,162,Unhealthy,82.0,UG/M3,1 Hr,Valid
Hyderabad,PM2.5 - Principal,2017-01-15 07:00 PM,2017,01,15,19,86.1,167,Unhealthy,103.0,UG/M3,1 Hr,Valid
Hyderabad,PM2.5 - Principal,2017-01-15 08:00 PM,2017,01,15,20,97.8,173,Unhealthy,113.0,UG/M3,1 Hr,Valid
Hyderabad,PM2.5 - Principal,2017-01-15 09:00 PM,2017,01,15,21,107.7,178,Unhealthy,119.0,UG/M3,1 Hr,Valid
Hyderabad,PM2.5 - Principal,2017-01-15 10:00 PM,2017,01,15,22,112.2,180,Unhealthy,118.0,UG/M3,1 Hr,Valid
Hyderabad,PM2.5 - Principal,2017-01-15 11:00 PM,2017,01,15,23,127.0,188,Unhealthy,140.0,UG/M3,1 Hr,Valid
Hyderabad,PM2.5 - Principal,2017-01-16 12:00 AM,2017,01,16,00,133.5,191,Unhealthy,140.0,UG/M3,1 Hr,Valid
Hyderabad,PM2.5 - Principal,2017-01-16 01:00 AM,2017,01,16,01,129.2,189,Unhealthy,125.0,UG/M3,1 Hr,Valid
Hyderabad,PM2.5 - Principal,2017-01-16 02:00 AM,2017,01,16,02,119.6,184,Unhealthy,110.0,UG/M3,1 Hr,Valid
Hyderabad,PM2.5 - Principal,2017-01-16 03:00 AM,2017,01,16,03,103.3,176,Unhealthy,87.0,UG/M3,1 Hr,Valid
Hyderabad,PM2.5 - Principal,2017-01-16 04:00 AM,2017,01,16,04,91.6,170,Unhealthy,80.0,UG/M3,1 Hr,Valid
Hyderabad,PM2.5 - Principal,2017-01-16 05:00 AM,2017,01,16,05,91.9,170,Unhealthy,88.0,UG/M3,1 Hr,Valid
Hyderabad,PM2.5 - Principal,2017-01-16 06:00 AM,2017,01,16,06,90.7,169,Unhealthy,89.0,UG/M3,1 Hr,Valid
Hyderabad,PM2.5 - Principal,2017-01-16 07:00 AM,2017,01,16,07,99.4,174,Unhealthy,111.0,UG/M3,1 Hr,Valid
Hyderabad,PM2.5 - Principal,2017-01-16 08:00 AM,2017,01,16,08,106.5,177,Unhealthy,116.0,UG/M3,1 Hr,Valid
Hyderabad,PM2.5 - Principal,2017-01-16 09:00 AM,2017,01,16,09,114.4,181,Unhealthy,125.0,UG/M3,1 Hr,Valid
Hyderabad,PM2.5 - Principal,2017-01-16 10:00 AM,2017,01,16,10,102.6,175,Unhealthy,87.0,UG/M3,1 Hr,Valid
Hyderabad,PM2.5 - Principal,2017-01-16 11:00 AM,2017,01,16,11,83.3,165,Unhealthy,65.0,UG/M3,1 Hr,Valid
Hyderabad,PM2.5 - Principal,2017-01-16 12:00 PM,2017,01,16,12,78.3,163,Unhealthy,72.0,UG/M3,1 Hr,Valid
Hyderabad,PM2.5 - Principal,2017-01-16 01:00 PM,2017,01,16,13,72.8,160,Unhealthy,67.0,UG/M3,1 Hr,Valid
Hyderabad,PM2.5 - Principal,2017-01-16 02:00 PM,2017,01,16,14,57.6,152,Unhealthy,43.0,UG/M3,1 Hr,Valid
Hyderabad,PM2.5 - Principal,2017-01-16 03:00 PM,2017,01,16,15,53.8,146,Unhealthy for Sensitive Groups,50.0,UG/M3,1 Hr,Valid
Hyderabad,PM2.5 - Principal,2017-01-16 04:00 PM,2017,01,16,16,51.9,141,Unhealthy for Sensitive Groups,50.0,UG/M3,1 Hr,Valid
Hyderabad,PM2.5 - Principal,2017-01-16 05:00 PM,2017,01,16,17,50.4,138,Unhealthy for Sensitive Groups,49.0,UG/M3,1 Hr,Valid
Hyderabad,PM2.5 - Principal,2017-01-16 06:00 PM,2017,01,16,18,52.7,143,Unhealthy for Sensitive Groups,55.0,UG/M3,1 Hr,Valid
Hyderabad,PM2.5 - Principal,2017-01-16 07:00 PM,2017,01,16,19,58.3,152,Unhealthy,64.0,UG/M3,1 Hr,Valid
Hyderabad,PM2.5 - Principal,2017-01-16 08:00 PM,2017,01,16,20,66.6,157,Unhealthy,75.0,UG/M3,1 Hr,Valid
Hyderabad,PM2.5 - Principal,2017-01-16 09:00 PM,2017,01,16,21,79.3,163,Unhealthy,92.0,UG/M3,1 Hr,Valid
Hyderabad,PM2.5 - Principal,2017-01-16 10:00 PM,2017,01,16,22,83.1,165,Unhealthy,87.0,UG/M3,1 Hr,Valid
Hyderabad,PM2.5 - Principal,2017-01-16 11:00 PM,2017,01,16,23,77.5,162,Unhealthy,72.0,UG/M3,1 Hr,Valid
Hyderabad,PM2.5 - Principal,2017-01-17 12:00 AM,2017,01,17,00,79.2,163,Unhealthy,81.0,UG/M3,1 Hr,Valid
Hyderabad,PM2.5 - Principal,2017-01-17 01:00 AM,2017,01,17,01,88.6,168,Unhealthy,98.0,UG/M3,1 Hr,Valid
Hyderabad,PM2.5 - Principal,2017-01-17 02:00 AM,2017,01,17,02,101.8,175,Unhealthy,115.0,UG/M3,1 Hr,Valid
Hyderabad,PM2.5 - Principal,2017-01-17 03:00 AM,2017,01,17,03,106.9,178,Unhealthy,112.0,UG/M3,1 Hr,Valid
Hyderabad,PM2.5 - Principal,2017-01-17 04:00 AM,2017,01,17,04,110.4,179,Unhealthy,114.0,UG/M3,1 Hr,Valid
Hyderabad,PM2.5 - Principal,2017-01-17 05:00 AM,2017,01,17,05,103.2,176,Unhealthy,96.0,UG/M3,1 Hr,Valid
Hyderabad,PM2.5 - Principal,2017-01-17 06:00 AM,2017,01,17,06,98.3,173,Unhealthy,92.0,UG/M3,1 Hr,Valid
Hyderabad,PM2.5 - Principal,2017-01-17 07:00 AM,2017,01,17,07,111.9,180,Unhealthy,129.0,UG/M3,1 Hr,Valid
Hyderabad,PM2.5 - Principal,2017-01-17 08:00 AM,2017,01,17,08,124.2,186,Unhealthy,137.0,UG/M3,1 Hr,Valid
Hyderabad,PM2.5 - Principal,2017-01-17 09:00 AM,2017,01,17,09,119.3,184,Unhealthy,114.0,UG/M3,1 Hr,Valid
Hyderabad,PM2.5 - Principal,2017-01-17 10:00 AM,2017,01,17,10,116.8,183,Unhealthy,114.0,UG/M3,1 Hr,Valid
Hyderabad,PM2.5 - Principal,2017-01-17 11:00 AM,2017,01,17,11,107.4,178,Unhealthy,94.0,UG/M3,1 Hr,Valid
Hyderabad,PM2.5 - Principal,2017-01-17 12:00 PM,2017,01,17,12,86.6,167,Unhealthy,68.0,UG/M3,1 Hr,Valid
Hyderabad,PM2.5 - Principal,2017-01-17 01:00 PM,2017,01,17,13,72.3,160,Unhealthy,58.0,UG/M3,1 Hr,Valid
Hyderabad,PM2.5 - Principal,2017-01-17 02:00 PM,2017,01,17,14,62.6,155,Unhealthy,53.0,UG/M3,1 Hr,Valid
Hyderabad,PM2.5 - Principal,2017-01-17 03:00 PM,2017,01,17,15,56.8,152,Unhealthy,51.0,UG/M3,1 Hr,Valid
Hyderabad,PM2.5 - Principal,2017-01-17 04:00 PM,2017,01,17,16,55.4,150,Unhealthy for Sensitive Groups,54.0,UG/M3,1 Hr,Valid
Hyderabad,PM2.5 - Principal,2017-01-17 05:00 PM,2017,01,17,17,55.1,149,Unhealthy for Sensitive Groups,55.0,UG/M3,1 Hr,Valid
Hyderabad,PM2.5 - Principal,2017-01-17 06:00 PM,2017,01,17,18,54.0,147,Unhealthy for Sensitive Groups,53.0,UG/M3,1 Hr,Valid
Hyderabad,PM2.5 - Principal,2017-01-17 07:00 PM,2017,01,17,19,54.0,147,Unhealthy for Sensitive Groups,54.0,UG/M3,1 Hr,Valid
Hyderabad,PM2.5 - Principal,2017-01-17 08:00 PM,2017,01,17,20,63.5,155,Unhealthy,73.0,UG/M3,1 Hr,Valid
Hyderabad,PM2.5 - Principal,2017-01-17 09:00 PM,2017,01,17,21,69.2,158,Unhealthy,75.0,UG/M3,1 Hr,Valid
Hyderabad,PM2.5 - Principal,2017-01-17 10:00 PM,2017,01,17,22,70.4,159,Unhealthy,73.0,UG/M3,1 Hr,Valid
Hyderabad,PM2.5 - Principal,2017-01-17 11:00 PM,2017,01,17,23,71.1,159,Unhealthy,77.0,UG/M3,1 Hr,Valid
Hyderabad,PM2.5 - Principal,2017-01-18 12:00 AM,2017,01,18,00,81.0,164,Unhealthy,91.0,UG/M3,1 Hr,Valid
Hyderabad,PM2.5 - Principal,2017-01-18 01:00 AM,2017,01,18,01,77.0,162,Unhealthy,72.0,UG/M3,1 Hr,Valid
Hyderabad,PM2.5 - Principal,2017-01-18 02:00 AM,2017,01,18,02,76.6,162,Unhealthy,76.0,UG/M3,1 Hr,Valid
Hyderabad,PM2.5 - Principal,2017-01-18 03:00 AM,2017,01,18,03,73.8,160,Unhealthy,70.0,UG/M3,1 Hr,Valid
Hyderabad,PM2.5 - Principal,2017-01-18 04:00 AM,2017,01,18,04,70.5,159,Unhealthy,66.0,UG/M3,1 Hr,Valid
Hyderabad,PM2.5 - Principal,2017-01-18 05:00 AM,2017,01,18,05,72.4,160,Unhealthy,75.0,UG/M3,1 Hr,Valid
Hyderabad,PM2.5 - Principal,2017-01-18 06:00 AM,2017,01,18,06,73.9,161,Unhealthy,76.0,UG/M3,1 Hr,Valid
Hyderabad,PM2.5 - Principal,2017-01-18 07:00 AM,2017,01,18,07,73.9,161,Unhealthy,74.0,UG/M3,1 Hr,Valid
Hyderabad,PM2.5 - Principal,2017-01-18 08:00 AM,2017,01,18,08,77.6,162,Unhealthy,87.0,UG/M3,1 Hr,Valid
Hyderabad,PM2.5 - Principal,2017-01-18 09:00 AM,2017,01,18,09,79.7,163,Unhealthy,85.0,UG/M3,1 Hr,Valid
Hyderabad,PM2.5 - Principal,2017-01-18 10:00 AM,2017,01,18,10,73.6,160,Unhealthy,60.0,UG/M3,1 Hr,Valid
Hyderabad,PM2.5 - Principal,2017-01-18 11:00 AM,2017,01,18,11,68.9,158,Unhealthy,60.0,UG/M3,1 Hr,Valid
Hyderabad,PM2.5 - Principal,2017-01-18 12:00 PM,2017,01,18,12,63.4,155,Unhealthy,55.0,UG/M3,1 Hr,Valid
Hyderabad,PM2.5 - Principal,2017-01-18 01:00 PM,2017,01,18,13,55.4,150,Unhealthy for Sensitive Groups,48.0,UG/M3,1 Hr,Valid
Hyderabad,PM2.5 - Principal,2017-01-18 02:00 PM,2017,01,18,14,53.8,146,Unhealthy for Sensitive Groups,52.0,UG/M3,1 Hr,Valid
Hyderabad,PM2.5 - Principal,2017-01-18 03:00 PM,2017,01,18,15,51.2,140,Unhealthy for Sensitive Groups,48.0,UG/M3,1 Hr,Valid
Hyderabad,PM2.5 - Principal,2017-01-18 04:00 PM,2017,01,18,16,50.2,137,Unhealthy for Sensitive Groups,49.0,UG/M3,1 Hr,Valid
Hyderabad,PM2.5 - Principal,2017-01-18 05:00 PM,2017,01,18,17,53.7,146,Unhealthy for Sensitive Groups,58.0,UG/M3,1 Hr,Valid
Hyderabad,PM2.5 - Principal,2017-01-18 06:00 PM,2017,01,18,18,53.3,145,Unhealthy for Sensitive Groups,53.0,UG/M3,1 Hr,Valid
Hyderabad,PM2.5 - Principal,2017-01-18 07:00 PM,2017,01,18,19,57.6,152,Unhealthy,63.0,UG/M3,1 Hr,Valid
Hyderabad,PM2.5 - Principal,2017-01-18 08:00 PM,2017,01,18,20,63.8,155,Unhealthy,72.0,UG/M3,1 Hr,Valid
Hyderabad,PM2.5 - Principal,2017-01-18 09:00 PM,2017,01,18,21,72.4,160,Unhealthy,84.0,UG/M3,1 Hr,Valid
Hyderabad,PM2.5 - Principal,2017-01-18 10:00 PM,2017,01,18,22,82.5,165,Unhealthy,92.0,UG/M3,1 Hr,Valid
Hyderabad,PM2.5 - Principal,2017-01-18 11:00 PM,2017,01,18,23,96.1,172,Unhealthy,109.0,UG/M3,1 Hr,Valid
Hyderabad,PM2.5 - Principal,2017-01-19 12:00 AM,2017,01,19,00,92.0,170,Unhealthy,88.0,UG/M3,1 Hr,Valid
Hyderabad,PM2.5 - Principal,2017-01-19 01:00 AM,2017,01,19,01,80.5,164,Unhealthy,69.0,UG/M3,1 Hr,Valid
Hyderabad,PM2.5 - Principal,2017-01-19 02:00 AM,2017,01,19,02,81.7,165,Unhealthy,83.0,UG/M3,1 Hr,Valid
Hyderabad,PM2.5 - Principal,2017-01-19 03:00 AM,2017,01,19,03,81.3,164,Unhealthy,81.0,UG/M3,1 Hr,Valid
Hyderabad,PM2.5 - Principal,2017-01-19 04:00 AM,2017,01,19,04,77.1,162,Unhealthy,73.0,UG/M3,1 Hr,Valid
Hyderabad,PM2.5 - Principal,2017-01-19 05:00 AM,2017,01,19,05,77.1,162,Unhealthy,77.0,UG/M3,1 Hr,Valid
Hyderabad,PM2.5 - Principal,2017-01-19 06:00 AM,2017,01,19,06,79.9,164,Unhealthy,83.0,UG/M3,1 Hr,Valid
Hyderabad,PM2.5 - Principal,2017-01-19 07:00 AM,2017,01,19,07,112.0,180,Unhealthy,144.0,UG/M3,1 Hr,Valid
Hyderabad,PM2.5 - Principal,2017-01-19 08:00 AM,2017,01,19,08,102.5,175,Unhealthy,93.0,UG/M3,1 Hr,Valid
Hyderabad,PM2.5 - Principal,2017-01-19 09:00 AM,2017,01,19,09,93.7,171,Unhealthy,85.0,UG/M3,1 Hr,Valid
Hyderabad,PM2.5 - Principal,2017-01-19 10:00 AM,2017,01,19,10,88.3,168,Unhealthy,83.0,UG/M3,1 Hr,Valid
Hyderabad,PM2.5 - Principal,2017-01-19 11:00 AM,2017,01,19,11,86.1,167,Unhealthy,84.0,UG/M3,1 Hr,Valid
Hyderabad,PM2.5 - Principal,2017-01-19 12:00 PM,2017,01,19,12,89.5,169,Unhealthy,93.0,UG/M3,1 Hr,Valid
Hyderabad,PM2.5 - Principal,2017-01-19 01:00 PM,2017,01,19,13,81.4,164,Unhealthy,73.0,UG/M3,1 Hr,Valid
Hyderabad,PM2.5 - Principal,2017-01-19 02:00 PM,2017,01,19,14,76.6,162,Unhealthy,72.0,UG/M3,1 Hr,Valid
Hyderabad,PM2.5 - Principal,2017-01-19 03:00 PM,2017,01,19,15,75.3,161,Unhealthy,74.0,UG/M3,1 Hr,Valid
Hyderabad,PM2.5 - Principal,2017-01-19 04:00 PM,2017,01,19,16,74.6,161,Unhealthy,74.0,UG/M3,1 Hr,Valid
Hyderabad,PM2.5 - Principal,2017-01-19 05:00 PM,2017,01,19,17,75.3,161,Unhealthy,76.0,UG/M3,1 Hr,Valid
Hyderabad,PM2.5 - Principal,2017-01-19 06:00 PM,2017,01,19,18,76.6,162,Unhealthy,78.0,UG/M3,1 Hr,Valid
Hyderabad,PM2.5 - Principal,2017-01-19 07:00 PM,2017,01,19,19,80.3,164,Unhealthy,90.0,UG/M3,1 Hr,Valid
Hyderabad,PM2.5 - Principal,2017-01-19 08:00 PM,2017,01,19,20,83.2,165,Unhealthy,93.0,UG/M3,1 Hr,Valid
Hyderabad,PM2.5 - Principal,2017-01-19 09:00 PM,2017,01,19,21,92.8,170,Unhealthy,108.0,UG/M3,1 Hr,Valid
Hyderabad,PM2.5 - Principal,2017-01-19 10:00 PM,2017,01,19,22,109.5,179,Unhealthy,127.0,UG/M3,1 Hr,Valid
Hyderabad,PM2.5 - Principal,2017-01-19 11:00 PM,2017,01,19,23,108.4,178,Unhealthy,107.0,UG/M3,1 Hr,Valid
Hyderabad,PM2.5 - Principal,2017-01-20 12:00 AM,2017,01,20,00,121.2,185,Unhealthy,135.0,UG/M3,1 Hr,Valid
Hyderabad,PM2.5 - Principal,2017-01-20 01:00 AM,2017,01,20,01,111.8,180,Unhealthy,101.0,UG/M3,1 Hr,Valid
Hyderabad,PM2.5 - Principal,2017-01-20 02:00 AM,2017,01,20,02,104.6,176,Unhealthy,96.0,UG/M3,1 Hr,Valid
Hyderabad,PM2.5 - Principal,2017-01-20 03:00 AM,2017,01,20,03,98.4,173,Unhealthy,91.0,UG/M3,1 Hr,Valid
Hyderabad,PM2.5 - Principal,2017-01-20 04:00 AM,2017,01,20,04,94.9,171,Unhealthy,90.0,UG/M3,1 Hr,Valid
Hyderabad,PM2.5 - Principal,2017-01-20 05:00 AM,2017,01,20,05,95.1,171,Unhealthy,95.0,UG/M3,1 Hr,Valid
Hyderabad,PM2.5 - Principal,2017-01-20 06:00 AM,2017,01,20,06,98.1,173,Unhealthy,101.0,UG/M3,1 Hr,Valid
Hyderabad,PM2.5 - Principal,2017-01-20 07:00 AM,2017,01,20,07,111.0,180,Unhealthy,136.0,UG/M3,1 Hr,Valid
Hyderabad,PM2.5 - Principal,2017-01-20 08:00 AM,2017,01,20,08,133.0,191,Unhealthy,158.0,UG/M3,1 Hr,Valid
Hyderabad,PM2.5 - Principal,2017-01-20 09:00 AM,2017,01,20,09,154.5,205,Very Unhealthy,174.0,UG/M3,1 Hr,Valid
Hyderabad,PM2.5 - Principal,2017-01-20 10:00 AM,2017,01,20,10,132.0,190,Unhealthy,108.0,UG/M3,1 Hr,Valid
Hyderabad,PM2.5 - Principal,2017-01-20 11:00 AM,2017,01,20,11,109.4,179,Unhealthy,87.0,UG/M3,1 Hr,Valid
Hyderabad,PM2.5 - Principal,2017-01-20 12:00 PM,2017,01,20,12,94.7,171,Unhealthy,80.0,UG/M3,1 Hr,Valid
Hyderabad,PM2.5 - Principal,2017-01-20 01:00 PM,2017,01,20,13,78.3,163,Unhealthy,62.0,UG/M3,1 Hr,Valid
Hyderabad,PM2.5 - Principal,2017-01-20 02:00 PM,2017,01,20,14,66.1,156,Unhealthy,54.0,UG/M3,1 Hr,Valid
Hyderabad,PM2.5 - Principal,2017-01-20 03:00 PM,2017,01,20,15,60.0,153,Unhealthy,54.0,UG/M3,1 Hr,Valid
Hyderabad,PM2.5 - Principal,2017-01-20 04:00 PM,2017,01,20,16,53.5,145,Unhealthy for Sensitive Groups,47.0,UG/M3,1 Hr,Valid
Hyderabad,PM2.5 - Principal,2017-01-20 05:00 PM,2017,01,20,17,58.7,153,Unhealthy,64.0,UG/M3,1 Hr,Valid
Hyderabad,PM2.5 - Principal,2017-01-20 06:00 PM,2017,01,20,18,57.8,152,Unhealthy,57.0,UG/M3,1 Hr,Valid
Hyderabad,PM2.5 - Principal,2017-01-20 07:00 PM,2017,01,20,19,63.4,155,Unhealthy,69.0,UG/M3,1 Hr,Valid
Hyderabad,PM2.5 - Principal,2017-01-20 08:00 PM,2017,01,20,20,74.7,161,Unhealthy,86.0,UG/M3,1 Hr,Valid
Hyderabad,PM2.5 - Principal,2017-01-20 09:00 PM,2017,01,20,21,82.3,165,Unhealthy,90.0,UG/M3,1 Hr,Valid
Hyderabad,PM2.5 - Principal,2017-01-20 10:00 PM,2017,01,20,22,89.1,168,Unhealthy,96.0,UG/M3,1 Hr,Valid
Hyderabad,PM2.5 - Principal,2017-01-20 11:00 PM,2017,01,20,23,89.5,169,Unhealthy,90.0,UG/M3,1 Hr,Valid
Hyderabad,PM2.5 - Principal,2017-01-21 12:00 AM,2017,01,21,00,98.2,173,Unhealthy,107.0,UG/M3,1 Hr,Valid
Hyderabad,PM2.5 - Principal,2017-01-21 01:00 AM,2017,01,21,01,108.1,178,Unhealthy,118.0,UG/M3,1 Hr,Valid
Hyderabad,PM2.5 - Principal,2017-01-21 02:00 AM,2017,01,21,02,106.5,177,Unhealthy,105.0,UG/M3,1 Hr,Valid
Hyderabad,PM2.5 - Principal,2017-01-21 03:00 AM,2017,01,21,03,102.2,175,Unhealthy,98.0,UG/M3,1 Hr,Valid
Hyderabad,PM2.5 - Principal,2017-01-21 04:00 AM,2017,01,21,04,97.1,172,Unhealthy,92.0,UG/M3,1 Hr,Valid
Hyderabad,PM2.5 - Principal,2017-01-21 05:00 AM,2017,01,21,05,96.0,172,Unhealthy,95.0,UG/M3,1 Hr,Valid
Hyderabad,PM2.5 - Principal,2017-01-21 06:00 AM,2017,01,21,06,104.3,176,Unhealthy,115.0,UG/M3,1 Hr,Valid
Hyderabad,PM2.5 - Principal,2017-01-21 07:00 AM,2017,01,21,07,106.1,177,Unhealthy,115.0,UG/M3,1 Hr,Valid
Hyderabad,PM2.5 - Principal,2017-01-21 08:00 AM,2017,01,21,08,117.7,183,Unhealthy,137.0,UG/M3,1 Hr,Valid
Hyderabad,PM2.5 - Principal,2017-01-21 09:00 AM,2017,01,21,09,112.3,180,Unhealthy,102.0,UG/M3,1 Hr,Valid
Hyderabad,PM2.5 - Principal,2017-01-21 10:00 AM,2017,01,21,10,95.0,171,Unhealthy,74.0,UG/M3,1 Hr,Valid
Hyderabad,PM2.5 - Principal,2017-01-21 11:00 AM,2017,01,21,11,73.2,160,Unhealthy,53.0,UG/M3,1 Hr,Valid
Hyderabad,PM2.5 - Principal,2017-01-21 12:00 PM,2017,01,21,12,63.0,155,Unhealthy,53.0,UG/M3,1 Hr,Valid
Hyderabad,PM2.5 - Principal,2017-01-21 01:00 PM,2017,01,21,13,59.0,153,Unhealthy,55.0,UG/M3,1 Hr,Valid
Hyderabad,PM2.5 - Principal,2017-01-21 02:00 PM,2017,01,21,14,59.5,153,Unhealthy,60.0,UG/M3,1 Hr,Valid
Hyderabad,PM2.5 - Principal,2017-01-21 03:00 PM,2017,01,21,15,53.7,146,Unhealthy for Sensitive Groups,48.0,UG/M3,1 Hr,Valid
Hyderabad,PM2.5 - Principal,2017-01-21 04:00 PM,2017,01,21,16,50.3,137,Unhealthy for Sensitive Groups,47.0,UG/M3,1 Hr,Valid
Hyderabad,PM2.5 - Principal,2017-01-21 05:00 PM,2017,01,21,17,47.1,130,Unhealthy for Sensitive Groups,44.0,UG/M3,1 Hr,Valid
Hyderabad,PM2.5 - Principal,2017-01-21 06:00 PM,2017,01,21,18,45.0,124,Unhealthy for Sensitive Groups,43.0,UG/M3,1 Hr,Valid
Hyderabad,PM2.5 - Principal,2017-01-21 07:00 PM,2017,01,21,19,48.0,132,Unhealthy for Sensitive Groups,51.0,UG/M3,1 Hr,Valid
Hyderabad,PM2.5 - Principal,2017-01-21 08:00 PM,2017,01,21,20,53.5,145,Unhealthy for Sensitive Groups,59.0,UG/M3,1 Hr,Valid
Hyderabad,PM2.5 - Principal,2017-01-21 09:00 PM,2017,01,21,21,60.3,153,Unhealthy,71.0,UG/M3,1 Hr,Valid
Hyderabad,PM2.5 - Principal,2017-01-21 10:00 PM,2017,01,21,22,69.3,158,Unhealthy,79.0,UG/M3,1 Hr,Valid
Hyderabad,PM2.5 - Principal,2017-01-21 11:00 PM,2017,01,21,23,81.8,165,Unhealthy,93.0,UG/M3,1 Hr,Valid
Hyderabad,PM2.5 - Principal,2017-01-22 12:00 AM,2017,01,22,00,83.9,166,Unhealthy,86.0,UG/M3,1 Hr,Valid
Hyderabad,PM2.5 - Principal,2017-01-22 01:00 AM,2017,01,22,01,76.4,162,Unhealthy,69.0,UG/M3,1 Hr,Valid
Hyderabad,PM2.5 - Principal,2017-01-22 02:00 AM,2017,01,22,02,72.2,160,Unhealthy,68.0,UG/M3,1 Hr,Valid
Hyderabad,PM2.5 - Principal,2017-01-22 03:00 AM,2017,01,22,03,63.6,155,Unhealthy,55.0,UG/M3,1 Hr,Valid
Hyderabad,PM2.5 - Principal,2017-01-22 04:00 AM,2017,01,22,04,75.3,161,Unhealthy,87.0,UG/M3,1 Hr,Valid
Hyderabad,PM2.5 - Principal,2017-01-22 05:00 AM,2017,01,22,05,85.1,166,Unhealthy,95.0,UG/M3,1 Hr,Valid
Hyderabad,PM2.5 - Principal,2017-01-22 06:00 AM,2017,01,22,06,94.5,171,Unhealthy,104.0,UG/M3,1 Hr,Valid
Hyderabad,PM2.5 - Principal,2017-01-22 07:00 AM,2017,01,22,07,102.3,175,Unhealthy,110.0,UG/M3,1 Hr,Valid
Hyderabad,PM2.5 - Principal,2017-01-22 08:00 AM,2017,01,22,08,122.6,186,Unhealthy,143.0,UG/M3,1 Hr,Valid
Hyderabad,PM2.5 - Principal,2017-01-22 09:00 AM,2017,01,22,09,124.3,187,Unhealthy,126.0,UG/M3,1 Hr,Valid
Hyderabad,PM2.5 - Principal,2017-01-22 10:00 AM,2017,01,22,10,107.6,178,Unhealthy,91.0,UG/M3,1 Hr,Valid
Hyderabad,PM2.5 - Principal,2017-01-22 11:00 AM,2017,01,22,11,93.3,171,Unhealthy,79.0,UG/M3,1 Hr,Valid
Hyderabad,PM2.5 - Principal,2017-01-22 12:00 PM,2017,01,22,12,80.6,164,Unhealthy,68.0,UG/M3,1 Hr,Valid
Hyderabad,PM2.5 - Principal,2017-01-22 01:00 PM,2017,01,22,13,66.3,157,Unhealthy,52.0,UG/M3,1 Hr,Valid
Hyderabad,PM2.5 - Principal,2017-01-22 02:00 PM,2017,01,22,14,63.1,155,Unhealthy,60.0,UG/M3,1 Hr,Valid
Hyderabad,PM2.5 - Principal,2017-01-22 03:00 PM,2017,01,22,15,58.5,153,Unhealthy,54.0,UG/M3,1 Hr,Valid
Hyderabad,PM2.5 - Principal,2017-01-22 04:00 PM,2017,01,22,16,55.2,150,Unhealthy for Sensitive Groups,52.0,UG/M3,1 Hr,Valid
Hyderabad,PM2.5 - Principal,2017-01-22 05:00 PM,2017,01,22,17,57.1,152,Unhealthy,59.0,UG/M3,1 Hr,Valid
Hyderabad,PM2.5 - Principal,2017-01-22 06:00 PM,2017,01,22,18,57.5,152,Unhealthy,58.0,UG/M3,1 Hr,Valid
Hyderabad,PM2.5 - Principal,2017-01-22 07:00 PM,2017,01,22,19,60.7,154,Unhealthy,64.0,UG/M3,1 Hr,Valid
Hyderabad,PM2.5 - Principal,2017-01-22 08:00 PM,2017,01,22,20,68.8,158,Unhealthy,77.0,UG/M3,1 Hr,Valid
Hyderabad,PM2.5 - Principal,2017-01-22 09:00 PM,2017,01,22,21,76.7,162,Unhealthy,89.0,UG/M3,1 Hr,Valid
Hyderabad,PM2.5 - Principal,2017-01-22 10:00 PM,2017,01,22,22,79.9,164,Unhealthy,85.0,UG/M3,1 Hr,Valid
Hyderabad,PM2.5 - Principal,2017-01-22 11:00 PM,2017,01,22,23,86.6,167,Unhealthy,94.0,UG/M3,1 Hr,Valid
Hyderabad,PM2.5 - Principal,2017-01-23 12:00 AM,2017,01,23,00,106.4,177,Unhealthy,125.0,UG/M3,1 Hr,Valid
Hyderabad,PM2.5 - Principal,2017-01-23 01:00 AM,2017,01,23,01,109.2,179,Unhealthy,112.0,UG/M3,1 Hr,Valid
Hyderabad,PM2.5 - Principal,2017-01-23 02:00 AM,2017,01,23,02,110.1,179,Unhealthy,111.0,UG/M3,1 Hr,Valid
Hyderabad,PM2.5 - Principal,2017-01-23 03:00 AM,2017,01,23,03,107.0,178,Unhealthy,104.0,UG/M3,1 Hr,Valid
Hyderabad,PM2.5 - Principal,2017-01-23 04:00 AM,2017,01,23,04,105.5,177,Unhealthy,104.0,UG/M3,1 Hr,Valid
Hyderabad,PM2.5 - Principal,2017-01-23 05:00 AM,2017,01,23,05,106.7,177,Unhealthy,108.0,UG/M3,1 Hr,Valid
Hyderabad,PM2.5 - Principal,2017-01-23 06:00 AM,2017,01,23,06,106.3,177,Unhealthy,106.0,UG/M3,1 Hr,Valid
Hyderabad,PM2.5 - Principal,2017-01-23 07:00 AM,2017,01,23,07,128.9,189,Unhealthy,152.0,UG/M3,1 Hr,Valid
Hyderabad,PM2.5 - Principal,2017-01-23 08:00 AM,2017,01,23,08,133.8,191,Unhealthy,143.0,UG/M3,1 Hr,Valid
Hyderabad,PM2.5 - Principal,2017-01-23 09:00 AM,2017,01,23,09,131.7,190,Unhealthy,129.0,UG/M3,1 Hr,Valid
Hyderabad,PM2.5 - Principal,2017-01-23 10:00 AM,2017,01,23,10,121.5,185,Unhealthy,107.0,UG/M3,1 Hr,Valid
Hyderabad,PM2.5 - Principal,2017-01-23 11:00 AM,2017,01,23,11,112.1,180,Unhealthy,96.0,UG/M3,1 Hr,Valid
Hyderabad,PM2.5 - Principal,2017-01-23 12:00 PM,2017,01,23,12,112.1,180,Unhealthy,-999.0,UG/M3,1 Hr,Missing
Hyderabad,PM2.5 - Principal,2017-01-23 01:00 PM,2017,01,23,13,-999.0,-999,N/A,-999.0,UG/M3,1 Hr,Missing
Hyderabad,PM2.5 - Principal,2017-01-23 02:00 PM,2017,01,23,14,-999.0,-999,N/A,-999.0,UG/M3,1 Hr,Missing
Hyderabad,PM2.5 - Principal,2017-01-23 03:00 PM,2017,01,23,15,-999.0,-999,N/A,-999.0,UG/M3,1 Hr,Missing
Hyderabad,PM2.5 - Principal,2017-01-23 04:00 PM,2017,01,23,16,-999.0,-999,N/A,54.0,UG/M3,1 Hr,Valid
Hyderabad,PM2.5 - Principal,2017-01-23 05:00 PM,2017,01,23,17,59.6,153,Unhealthy,61.0,UG/M3,1 Hr,Valid
Hyderabad,PM2.5 - Principal,2017-01-23 06:00 PM,2017,01,23,18,69.4,158,Unhealthy,77.0,UG/M3,1 Hr,Valid
Hyderabad,PM2.5 - Principal,2017-01-23 07:00 PM,2017,01,23,19,78.2,163,Unhealthy,86.0,UG/M3,1 Hr,Valid
Hyderabad,PM2.5 - Principal,2017-01-23 08:00 PM,2017,01,23,20,86.8,167,Unhealthy,95.0,UG/M3,1 Hr,Valid
Hyderabad,PM2.5 - Principal,2017-01-23 09:00 PM,2017,01,23,21,88.3,168,Unhealthy,90.0,UG/M3,1 Hr,Valid
Hyderabad,PM2.5 - Principal,2017-01-23 10:00 PM,2017,01,23,22,87.4,167,Unhealthy,-999.0,UG/M3,1 Hr,Missing
Hyderabad,PM2.5 - Principal,2017-01-23 11:00 PM,2017,01,23,23,88.2,168,Unhealthy,89.0,UG/M3,1 Hr,Valid
Hyderabad,PM2.5 - Principal,2017-01-24 12:00 AM,2017,01,24,00,96.5,172,Unhealthy,103.0,UG/M3,1 Hr,Valid
Hyderabad,PM2.5 - Principal,2017-01-24 01:00 AM,2017,01,24,01,102.8,175,Unhealthy,108.0,UG/M3,1 Hr,Valid
Hyderabad,PM2.5 - Principal,2017-01-24 02:00 AM,2017,01,24,02,102.9,175,Unhealthy,103.0,UG/M3,1 Hr,Valid
Hyderabad,PM2.5 - Principal,2017-01-24 03:00 AM,2017,01,24,03,99.4,174,Unhealthy,96.0,UG/M3,1 Hr,Valid
Hyderabad,PM2.5 - Principal,2017-01-24 04:00 AM,2017,01,24,04,98.8,173,Unhealthy,98.0,UG/M3,1 Hr,Valid
Hyderabad,PM2.5 - Principal,2017-01-24 05:00 AM,2017,01,24,05,98.7,173,Unhealthy,99.0,UG/M3,1 Hr,Valid
Hyderabad,PM2.5 - Principal,2017-01-24 06:00 AM,2017,01,24,06,105.5,177,Unhealthy,121.0,UG/M3,1 Hr,Valid
Hyderabad,PM2.5 - Principal,2017-01-24 07:00 AM,2017,01,24,07,117.0,183,Unhealthy,136.0,UG/M3,1 Hr,Valid
Hyderabad,PM2.5 - Principal,2017-01-24 08:00 AM,2017,01,24,08,127.1,188,Unhealthy,142.0,UG/M3,1 Hr,Valid
Hyderabad,PM2.5 - Principal,2017-01-24 09:00 AM,2017,01,24,09,135.0,192,Unhealthy,146.0,UG/M3,1 Hr,Valid
Hyderabad,PM2.5 - Principal,2017-01-24 10:00 AM,2017,01,24,10,122.5,186,Unhealthy,103.0,UG/M3,1 Hr,Valid
Hyderabad,PM2.5 - Principal,2017-01-24 11:00 AM,2017,01,24,11,107.4,178,Unhealthy,86.0,UG/M3,1 Hr,Valid
Hyderabad,PM2.5 - Principal,2017-01-24 12:00 PM,2017,01,24,12,87.7,168,Unhealthy,72.0,UG/M3,1 Hr,Valid
Hyderabad,PM2.5 - Principal,2017-01-24 01:00 PM,2017,01,24,13,74.3,161,Unhealthy,61.0,UG/M3,1 Hr,Valid
Hyderabad,PM2.5 - Principal,2017-01-24 02:00 PM,2017,01,24,14,70.1,159,Unhealthy,66.0,UG/M3,1 Hr,Valid
Hyderabad,PM2.5 - Principal,2017-01-24 03:00 PM,2017,01,24,15,63.0,155,Unhealthy,56.0,UG/M3,1 Hr,Valid
Hyderabad,PM2.5 - Principal,2017-01-24 04:00 PM,2017,01,24,16,60.5,154,Unhealthy,58.0,UG/M3,1 Hr,Valid
Hyderabad,PM2.5 - Principal,2017-01-24 05:00 PM,2017,01,24,17,60.2,153,Unhealthy,60.0,UG/M3,1 Hr,Valid
Hyderabad,PM2.5 - Principal,2017-01-24 06:00 PM,2017,01,24,18,67.1,157,Unhealthy,74.0,UG/M3,1 Hr,Valid
Hyderabad,PM2.5 - Principal,2017-01-24 07:00 PM,2017,01,24,19,69.5,158,Unhealthy,72.0,UG/M3,1 Hr,Valid
Hyderabad,PM2.5 - Principal,2017-01-24 08:00 PM,2017,01,24,20,75.2,161,Unhealthy,81.0,UG/M3,1 Hr,Valid
Hyderabad,PM2.5 - Principal,2017-01-24 09:00 PM,2017,01,24,21,85.6,167,Unhealthy,99.0,UG/M3,1 Hr,Valid
Hyderabad,PM2.5 - Principal,2017-01-24 10:00 PM,2017,01,24,22,89.7,169,Unhealthy,96.0,UG/M3,1 Hr,Valid
Hyderabad,PM2.5 - Principal,2017-01-24 11:00 PM,2017,01,24,23,96.7,172,Unhealthy,104.0,UG/M3,1 Hr,Valid
Hyderabad,PM2.5 - Principal,2017-01-25 12:00 AM,2017,01,25,00,101.2,175,Unhealthy,106.0,UG/M3,1 Hr,Valid
Hyderabad,PM2.5 - Principal,2017-01-25 01:00 AM,2017,01,25,01,97.3,173,Unhealthy,93.0,UG/M3,1 Hr,Valid
Hyderabad,PM2.5 - Principal,2017-01-25 02:00 AM,2017,01,25,02,97.2,173,Unhealthy,97.0,UG/M3,1 Hr,Valid
Hyderabad,PM2.5 - Principal,2017-01-25 03:00 AM,2017,01,25,03,95.2,171,Unhealthy,93.0,UG/M3,1 Hr,Valid
Hyderabad,PM2.5 - Principal,2017-01-25 04:00 AM,2017,01,25,04,96.9,172,Unhealthy,99.0,UG/M3,1 Hr,Valid
Hyderabad,PM2.5 - Principal,2017-01-25 05:00 AM,2017,01,25,05,100.5,174,Unhealthy,108.0,UG/M3,1 Hr,Valid
Hyderabad,PM2.5 - Principal,2017-01-25 06:00 AM,2017,01,25,06,102.7,175,Unhealthy,107.0,UG/M3,1 Hr,Valid
Hyderabad,PM2.5 - Principal,2017-01-25 07:00 AM,2017,01,25,07,99.2,174,Unhealthy,92.0,UG/M3,1 Hr,Valid
Hyderabad,PM2.5 - Principal,2017-01-25 08:00 AM,2017,01,25,08,98.5,173,Unhealthy,94.0,UG/M3,1 Hr,Valid
Hyderabad,PM2.5 - Principal,2017-01-25 09:00 AM,2017,01,25,09,97.9,173,Unhealthy,95.0,UG/M3,1 Hr,Valid
Hyderabad,PM2.5 - Principal,2017-01-25 10:00 AM,2017,01,25,10,96.0,172,Unhealthy,89.0,UG/M3,1 Hr,Valid
Hyderabad,PM2.5 - Principal,2017-01-25 11:00 AM,2017,01,25,11,88.3,168,Unhealthy,75.0,UG/M3,1 Hr,Valid
Hyderabad,PM2.5 - Principal,2017-01-25 12:00 PM,2017,01,25,12,84.7,166,Unhealthy,77.0,UG/M3,1 Hr,Valid
Hyderabad,PM2.5 - Principal,2017-01-25 01:00 PM,2017,01,25,13,78.0,163,Unhealthy,69.0,UG/M3,1 Hr,Valid
Hyderabad,PM2.5 - Principal,2017-01-25 02:00 PM,2017,01,25,14,73.5,160,Unhealthy,67.0,UG/M3,1 Hr,Valid
Hyderabad,PM2.5 - Principal,2017-01-25 03:00 PM,2017,01,25,15,71.0,159,Unhealthy,67.0,UG/M3,1 Hr,Valid
Hyderabad,PM2.5 - Principal,2017-01-25 04:00 PM,2017,01,25,16,70.9,159,Unhealthy,71.0,UG/M3,1 Hr,Valid
Hyderabad,PM2.5 - Principal,2017-01-25 05:00 PM,2017,01,25,17,68.9,158,Unhealthy,66.0,UG/M3,1 Hr,Valid
Hyderabad,PM2.5 - Principal,2017-01-25 06:00 PM,2017,01,25,18,71.5,159,Unhealthy,75.0,UG/M3,1 Hr,Valid
Hyderabad,PM2.5 - Principal,2017-01-25 07:00 PM,2017,01,25,19,77.4,162,Unhealthy,91.0,UG/M3,1 Hr,Valid
Hyderabad,PM2.5 - Principal,2017-01-25 08:00 PM,2017,01,25,20,93.4,171,Unhealthy,113.0,UG/M3,1 Hr,Valid
Hyderabad,PM2.5 - Principal,2017-01-25 09:00 PM,2017,01,25,21,100.7,174,Unhealthy,111.0,UG/M3,1 Hr,Valid
Hyderabad,PM2.5 - Principal,2017-01-25 10:00 PM,2017,01,25,22,99.1,174,Unhealthy,97.0,UG/M3,1 Hr,Valid
Hyderabad,PM2.5 - Principal,2017-01-25 11:00 PM,2017,01,25,23,99.9,174,Unhealthy,101.0,UG/M3,1 Hr,Valid
Hyderabad,PM2.5 - Principal,2017-01-26 12:00 AM,2017,01,26,00,94.5,171,Unhealthy,87.0,UG/M3,1 Hr,Valid
Hyderabad,PM2.5 - Principal,2017-01-26 01:00 AM,2017,01,26,01,95.6,172,Unhealthy,97.0,UG/M3,1 Hr,Valid
Hyderabad,PM2.5 - Principal,2017-01-26 02:00 AM,2017,01,26,02,99.1,174,Unhealthy,104.0,UG/M3,1 Hr,Valid
Hyderabad,PM2.5 - Principal,2017-01-26 03:00 AM,2017,01,26,03,89.9,169,Unhealthy,77.0,UG/M3,1 Hr,Valid
Hyderabad,PM2.5 - Principal,2017-01-26 04:00 AM,2017,01,26,04,83.7,166,Unhealthy,75.0,UG/M3,1 Hr,Valid
Hyderabad,PM2.5 - Principal,2017-01-26 05:00 AM,2017,01,26,05,82.5,165,Unhealthy,76.0,UG/M3,1 Hr,Valid
Hyderabad,PM2.5 - Principal,2017-01-26 06:00 AM,2017,01,26,06,81.3,164,Unhealthy,79.0,UG/M3,1 Hr,Valid
Hyderabad,PM2.5 - Principal,2017-01-26 07:00 AM,2017,01,26,07,80.8,164,Unhealthy,80.0,UG/M3,1 Hr,Valid
Hyderabad,PM2.5 - Principal,2017-01-26 08:00 AM,2017,01,26,08,79.3,163,Unhealthy,76.0,UG/M3,1 Hr,Valid
Hyderabad,PM2.5 - Principal,2017-01-26 09:00 AM,2017,01,26,09,82.4,165,Unhealthy,89.0,UG/M3,1 Hr,Valid
Hyderabad,PM2.5 - Principal,2017-01-26 10:00 AM,2017,01,26,10,81.6,164,Unhealthy,80.0,UG/M3,1 Hr,Valid
Hyderabad,PM2.5 - Principal,2017-01-26 11:00 AM,2017,01,26,11,76.7,162,Unhealthy,68.0,UG/M3,1 Hr,Valid
Hyderabad,PM2.5 - Principal,2017-01-26 12:00 PM,2017,01,26,12,76.8,162,Unhealthy,77.0,UG/M3,1 Hr,Valid
Hyderabad,PM2.5 - Principal,2017-01-26 01:00 PM,2017,01,26,13,74.7,161,Unhealthy,71.0,UG/M3,1 Hr,Valid
Hyderabad,PM2.5 - Principal,2017-01-26 02:00 PM,2017,01,26,14,75.4,161,Unhealthy,75.0,UG/M3,1 Hr,Valid
Hyderabad,PM2.5 - Principal,2017-01-26 03:00 PM,2017,01,26,15,77.5,162,Unhealthy,84.0,UG/M3,1 Hr,Valid
Hyderabad,PM2.5 - Principal,2017-01-26 04:00 PM,2017,01,26,16,76.2,162,Unhealthy,72.0,UG/M3,1 Hr,Valid
Hyderabad,PM2.5 - Principal,2017-01-26 05:00 PM,2017,01,26,17,75.1,161,Unhealthy,72.0,UG/M3,1 Hr,Valid
Hyderabad,PM2.5 - Principal,2017-01-26 06:00 PM,2017,01,26,18,73.0,160,Unhealthy,67.0,UG/M3,1 Hr,Valid
Hyderabad,PM2.5 - Principal,2017-01-26 07:00 PM,2017,01,26,19,73.2,160,Unhealthy,74.0,UG/M3,1 Hr,Valid
Hyderabad,PM2.5 - Principal,2017-01-26 08:00 PM,2017,01,26,20,75.4,161,Unhealthy,82.0,UG/M3,1 Hr,Valid
Hyderabad,PM2.5 - Principal,2017-01-26 09:00 PM,2017,01,26,21,76.3,162,Unhealthy,81.0,UG/M3,1 Hr,Valid
Hyderabad,PM2.5 - Principal,2017-01-26 10:00 PM,2017,01,26,22,77.9,163,Unhealthy,84.0,UG/M3,1 Hr,Valid
Hyderabad,PM2.5 - Principal,2017-01-26 11:00 PM,2017,01,26,23,81.7,165,Unhealthy,90.0,UG/M3,1 Hr,Valid
Hyderabad,PM2.5 - Principal,2017-01-27 12:00 AM,2017,01,27,00,82.3,165,Unhealthy,84.0,UG/M3,1 Hr,Valid
Hyderabad,PM2.5 - Principal,2017-01-27 01:00 AM,2017,01,27,01,78.6,163,Unhealthy,68.0,UG/M3,1 Hr,Valid
Hyderabad,PM2.5 - Principal,2017-01-27 02:00 AM,2017,01,27,02,79.8,164,Unhealthy,83.0,UG/M3,1 Hr,Valid
Hyderabad,PM2.5 - Principal,2017-01-27 03:00 AM,2017,01,27,03,81.4,164,Unhealthy,86.0,UG/M3,1 Hr,Valid
Hyderabad,PM2.5 - Principal,2017-01-27 04:00 AM,2017,01,27,04,83.2,165,Unhealthy,88.0,UG/M3,1 Hr,Valid
Hyderabad,PM2.5 - Principal,2017-01-27 05:00 AM,2017,01,27,05,85.4,166,Unhealthy,91.0,UG/M3,1 Hr,Valid
Hyderabad,PM2.5 - Principal,2017-01-27 06:00 AM,2017,01,27,06,86.9,167,Unhealthy,91.0,UG/M3,1 Hr,Valid
Hyderabad,PM2.5 - Principal,2017-01-27 07:00 AM,2017,01,27,07,87.8,168,Unhealthy,90.0,UG/M3,1 Hr,Valid
Hyderabad,PM2.5 - Principal,2017-01-27 08:00 AM,2017,01,27,08,88.4,168,Unhealthy,90.0,UG/M3,1 Hr,Valid
Hyderabad,PM2.5 - Principal,2017-01-27 09:00 AM,2017,01,27,09,88.6,168,Unhealthy,89.0,UG/M3,1 Hr,Valid
Hyderabad,PM2.5 - Principal,2017-01-27 10:00 AM,2017,01,27,10,89.3,168,Unhealthy,91.0,UG/M3,1 Hr,Valid
Hyderabad,PM2.5 - Principal,2017-01-27 11:00 AM,2017,01,27,11,89.4,169,Unhealthy,90.0,UG/M3,1 Hr,Valid
Hyderabad,PM2.5 - Principal,2017-01-27 12:00 PM,2017,01,27,12,89.6,169,Unhealthy,90.0,UG/M3,1 Hr,Valid
Hyderabad,PM2.5 - Principal,2017-01-27 01:00 PM,2017,01,27,13,77.6,162,Unhealthy,57.0,UG/M3,1 Hr,Valid
Hyderabad,PM2.5 - Principal,2017-01-27 02:00 PM,2017,01,27,14,74.0,161,Unhealthy,68.0,UG/M3,1 Hr,Valid
Hyderabad,PM2.5 - Principal,2017-01-27 03:00 PM,2017,01,27,15,71.7,159,Unhealthy,68.0,UG/M3,1 Hr,Valid
Hyderabad,PM2.5 - Principal,2017-01-27 04:00 PM,2017,01,27,16,67.6,157,Unhealthy,61.0,UG/M3,1 Hr,Valid
Hyderabad,PM2.5 - Principal,2017-01-27 05:00 PM,2017,01,27,17,67.0,157,Unhealthy,66.0,UG/M3,1 Hr,Valid
Hyderabad,PM2.5 - Principal,2017-01-27 06:00 PM,2017,01,27,18,62.0,154,Unhealthy,55.0,UG/M3,1 Hr,Valid
Hyderabad,PM2.5 - Principal,2017-01-27 07:00 PM,2017,01,27,19,57.3,152,Unhealthy,52.0,UG/M3,1 Hr,Valid
Hyderabad,PM2.5 - Principal,2017-01-27 08:00 PM,2017,01,27,20,65.3,156,Unhealthy,76.0,UG/M3,1 Hr,Valid
Hyderabad,PM2.5 - Principal,2017-01-27 09:00 PM,2017,01,27,21,67.7,157,Unhealthy,71.0,UG/M3,1 Hr,Valid
Hyderabad,PM2.5 - Principal,2017-01-27 10:00 PM,2017,01,27,22,73.3,160,Unhealthy,81.0,UG/M3,1 Hr,Valid
Hyderabad,PM2.5 - Principal,2017-01-27 11:00 PM,2017,01,27,23,74.4,161,Unhealthy,76.0,UG/M3,1 Hr,Valid
Hyderabad,PM2.5 - Principal,2017-01-28 12:00 AM,2017,01,28,00,87.0,167,Unhealthy,100.0,UG/M3,1 Hr,Valid
Hyderabad,PM2.5 - Principal,2017-01-28 01:00 AM,2017,01,28,01,85.1,166,Unhealthy,83.0,UG/M3,1 Hr,Valid
Hyderabad,PM2.5 - Principal,2017-01-28 02:00 AM,2017,01,28,02,91.7,170,Unhealthy,99.0,UG/M3,1 Hr,Valid
Hyderabad,PM2.5 - Principal,2017-01-28 03:00 AM,2017,01,28,03,97.4,173,Unhealthy,103.0,UG/M3,1 Hr,Valid
Hyderabad,PM2.5 - Principal,2017-01-28 04:00 AM,2017,01,28,04,90.8,169,Unhealthy,84.0,UG/M3,1 Hr,Valid
Hyderabad,PM2.5 - Principal,2017-01-28 05:00 AM,2017,01,28,05,87.9,168,Unhealthy,85.0,UG/M3,1 Hr,Valid
Hyderabad,PM2.5 - Principal,2017-01-28 06:00 AM,2017,01,28,06,88.9,168,Unhealthy,90.0,UG/M3,1 Hr,Valid
Hyderabad,PM2.5 - Principal,2017-01-28 07:00 AM,2017,01,28,07,96.1,172,Unhealthy,109.0,UG/M3,1 Hr,Valid
Hyderabad,PM2.5 - Principal,2017-01-28 08:00 AM,2017,01,28,08,117.1,183,Unhealthy,137.0,UG/M3,1 Hr,Valid
Hyderabad,PM2.5 - Principal,2017-01-28 09:00 AM,2017,01,28,09,114.7,182,Unhealthy,114.0,UG/M3,1 Hr,Valid
Hyderabad,PM2.5 - Principal,2017-01-28 10:00 AM,2017,01,28,10,91.5,170,Unhealthy,67.0,UG/M3,1 Hr,Valid
Hyderabad,PM2.5 - Principal,2017-01-28 11:00 AM,2017,01,28,11,82.2,165,Unhealthy,73.0,UG/M3,1 Hr,Valid
Hyderabad,PM2.5 - Principal,2017-01-28 12:00 PM,2017,01,28,12,73.6,160,Unhealthy,65.0,UG/M3,1 Hr,Valid
Hyderabad,PM2.5 - Principal,2017-01-28 01:00 PM,2017,01,28,13,74.8,161,Unhealthy,76.0,UG/M3,1 Hr,Valid
Hyderabad,PM2.5 - Principal,2017-01-28 02:00 PM,2017,01,28,14,71.9,159,Unhealthy,69.0,UG/M3,1 Hr,Valid
Hyderabad,PM2.5 - Principal,2017-01-28 03:00 PM,2017,01,28,15,67.9,157,Unhealthy,64.0,UG/M3,1 Hr,Valid
Hyderabad,PM2.5 - Principal,2017-01-28 04:00 PM,2017,01,28,16,62.9,155,Unhealthy,58.0,UG/M3,1 Hr,Valid
Hyderabad,PM2.5 - Principal,2017-01-28 05:00 PM,2017,01,28,17,63.4,155,Unhealthy,64.0,UG/M3,1 Hr,Valid
Hyderabad,PM2.5 - Principal,2017-01-28 06:00 PM,2017,01,28,18,69.7,158,Unhealthy,76.0,UG/M3,1 Hr,Valid
Hyderabad,PM2.5 - Principal,2017-01-28 07:00 PM,2017,01,28,19,83.3,165,Unhealthy,97.0,UG/M3,1 Hr,Valid
Hyderabad,PM2.5 - Principal,2017-01-28 08:00 PM,2017,01,28,20,95.8,172,Unhealthy,109.0,UG/M3,1 Hr,Valid
Hyderabad,PM2.5 - Principal,2017-01-28 09:00 PM,2017,01,28,21,99.5,174,Unhealthy,105.0,UG/M3,1 Hr,Valid
Hyderabad,PM2.5 - Principal,2017-01-28 10:00 PM,2017,01,28,22,110.8,180,Unhealthy,121.0,UG/M3,1 Hr,Valid
Hyderabad,PM2.5 - Principal,2017-01-28 11:00 PM,2017,01,28,23,120.9,185,Unhealthy,131.0,UG/M3,1 Hr,Valid
Hyderabad,PM2.5 - Principal,2017-01-29 12:00 AM,2017,01,29,00,134.9,192,Unhealthy,149.0,UG/M3,1 Hr,Valid
Hyderabad,PM2.5 - Principal,2017-01-29 01:00 AM,2017,01,29,01,133.9,191,Unhealthy,133.0,UG/M3,1 Hr,Valid
Hyderabad,PM2.5 - Principal,2017-01-29 02:00 AM,2017,01,29,02,130.0,189,Unhealthy,126.0,UG/M3,1 Hr,Valid
Hyderabad,PM2.5 - Principal,2017-01-29 03:00 AM,2017,01,29,03,121.0,185,Unhealthy,112.0,UG/M3,1 Hr,Valid
Hyderabad,PM2.5 - Principal,2017-01-29 04:00 AM,2017,01,29,04,106.5,177,Unhealthy,92.0,UG/M3,1 Hr,Valid
Hyderabad,PM2.5 - Principal,2017-01-29 05:00 AM,2017,01,29,05,100.5,174,Unhealthy,94.0,UG/M3,1 Hr,Valid
Hyderabad,PM2.5 - Principal,2017-01-29 06:00 AM,2017,01,29,06,102.7,175,Unhealthy,100.0,UG/M3,1 Hr,Valid
Hyderabad,PM2.5 - Principal,2017-01-29 07:00 AM,2017,01,29,07,104.3,176,Unhealthy,107.0,UG/M3,1 Hr,Valid
Hyderabad,PM2.5 - Principal,2017-01-29 08:00 AM,2017,01,29,08,109.6,179,Unhealthy,118.0,UG/M3,1 Hr,Valid
Hyderabad,PM2.5 - Principal,2017-01-29 09:00 AM,2017,01,29,09,114.3,181,Unhealthy,122.0,UG/M3,1 Hr,Valid
Hyderabad,PM2.5 - Principal,2017-01-29 10:00 AM,2017,01,29,10,99.8,174,Unhealthy,81.0,UG/M3,1 Hr,Valid
Hyderabad,PM2.5 - Principal,2017-01-29 11:00 AM,2017,01,29,11,81.8,165,Unhealthy,65.0,UG/M3,1 Hr,Valid
Hyderabad,PM2.5 - Principal,2017-01-29 12:00 PM,2017,01,29,12,67.4,157,Unhealthy,53.0,UG/M3,1 Hr,Valid
Hyderabad,PM2.5 - Principal,2017-01-29 01:00 PM,2017,01,29,13,50.1,137,Unhealthy for Sensitive Groups,33.0,UG/M3,1 Hr,Valid
Hyderabad,PM2.5 - Principal,2017-01-29 02:00 PM,2017,01,29,14,50.0,137,Unhealthy for Sensitive Groups,50.0,UG/M3,1 Hr,Valid
Hyderabad,PM2.5 - Principal,2017-01-29 03:00 PM,2017,01,29,15,43.0,119,Unhealthy for Sensitive Groups,36.0,UG/M3,1 Hr,Valid
Hyderabad,PM2.5 - Principal,2017-01-29 04:00 PM,2017,01,29,16,45.5,126,Unhealthy for Sensitive Groups,48.0,UG/M3,1 Hr,Valid
Hyderabad,PM2.5 - Principal,2017-01-29 05:00 PM,2017,01,29,17,46.7,129,Unhealthy for Sensitive Groups,48.0,UG/M3,1 Hr,Valid
Hyderabad,PM2.5 - Principal,2017-01-29 06:00 PM,2017,01,29,18,48.3,133,Unhealthy for Sensitive Groups,50.0,UG/M3,1 Hr,Valid
Hyderabad,PM2.5 - Principal,2017-01-29 07:00 PM,2017,01,29,19,56.1,151,Unhealthy,64.0,UG/M3,1 Hr,Valid
Hyderabad,PM2.5 - Principal,2017-01-29 08:00 PM,2017,01,29,20,64.5,156,Unhealthy,73.0,UG/M3,1 Hr,Valid
Hyderabad,PM2.5 - Principal,2017-01-29 09:00 PM,2017,01,29,21,67.7,157,Unhealthy,71.0,UG/M3,1 Hr,Valid
Hyderabad,PM2.5 - Principal,2017-01-29 10:00 PM,2017,01,29,22,65.8,156,Unhealthy,64.0,UG/M3,1 Hr,Valid
Hyderabad,PM2.5 - Principal,2017-01-29 11:00 PM,2017,01,29,23,64.4,156,Unhealthy,63.0,UG/M3,1 Hr,Valid
Hyderabad,PM2.5 - Principal,2017-01-30 12:00 AM,2017,01,30,00,68.2,158,Unhealthy,72.0,UG/M3,1 Hr,Valid
Hyderabad,PM2.5 - Principal,2017-01-30 01:00 AM,2017,01,30,01,64.6,156,Unhealthy,61.0,UG/M3,1 Hr,Valid
Hyderabad,PM2.5 - Principal,2017-01-30 02:00 AM,2017,01,30,02,68.3,158,Unhealthy,72.0,UG/M3,1 Hr,Valid
Hyderabad,PM2.5 - Principal,2017-01-30 03:00 AM,2017,01,30,03,68.6,158,Unhealthy,71.0,UG/M3,1 Hr,Valid
Hyderabad,PM2.5 - Principal,2017-01-30 04:00 AM,2017,01,30,04,74.5,161,Unhealthy,82.0,UG/M3,1 Hr,Valid
Hyderabad,PM2.5 - Principal,2017-01-30 05:00 AM,2017,01,30,05,75.6,161,Unhealthy,78.0,UG/M3,1 Hr,Valid
Hyderabad,PM2.5 - Principal,2017-01-30 06:00 AM,2017,01,30,06,78.7,163,Unhealthy,88.0,UG/M3,1 Hr,Valid
Hyderabad,PM2.5 - Principal,2017-01-30 07:00 AM,2017,01,30,07,101.5,175,Unhealthy,121.0,UG/M3,1 Hr,Valid
Hyderabad,PM2.5 - Principal,2017-01-30 08:00 AM,2017,01,30,08,124.3,187,Unhealthy,147.0,UG/M3,1 Hr,Valid
Hyderabad,PM2.5 - Principal,2017-01-30 09:00 AM,2017,01,30,09,112.6,180,Unhealthy,101.0,UG/M3,1 Hr,Valid
Hyderabad,PM2.5 - Principal,2017-01-30 10:00 AM,2017,01,30,10,90.3,169,Unhealthy,68.0,UG/M3,1 Hr,Valid
Hyderabad,PM2.5 - Principal,2017-01-30 11:00 AM,2017,01,30,11,66.6,157,Unhealthy,43.0,UG/M3,1 Hr,Valid
Hyderabad,PM2.5 - Principal,2017-01-30 12:00 PM,2017,01,30,12,53.3,145,Unhealthy for Sensitive Groups,40.0,UG/M3,1 Hr,Valid
Hyderabad,PM2.5 - Principal,2017-01-30 01:00 PM,2017,01,30,13,46.1,127,Unhealthy for Sensitive Groups,39.0,UG/M3,1 Hr,Valid
Hyderabad,PM2.5 - Principal,2017-01-30 02:00 PM,2017,01,30,14,39.0,110,Unhealthy for Sensitive Groups,32.0,UG/M3,1 Hr,Valid
Hyderabad,PM2.5 - Principal,2017-01-30 03:00 PM,2017,01,30,15,36.5,103,Unhealthy for Sensitive Groups,34.0,UG/M3,1 Hr,Valid
Hyderabad,PM2.5 - Principal,2017-01-30 04:00 PM,2017,01,30,16,39.2,110,Unhealthy for Sensitive Groups,42.0,UG/M3,1 Hr,Valid
Hyderabad,PM2.5 - Principal,2017-01-30 05:00 PM,2017,01,30,17,41.1,115,Unhealthy for Sensitive Groups,43.0,UG/M3,1 Hr,Valid
Hyderabad,PM2.5 - Principal,2017-01-30 06:00 PM,2017,01,30,18,43.5,121,Unhealthy for Sensitive Groups,46.0,UG/M3,1 Hr,Valid
Hyderabad,PM2.5 - Principal,2017-01-30 07:00 PM,2017,01,30,19,51.2,140,Unhealthy for Sensitive Groups,59.0,UG/M3,1 Hr,Valid
Hyderabad,PM2.5 - Principal,2017-01-30 08:00 PM,2017,01,30,20,62.1,154,Unhealthy,73.0,UG/M3,1 Hr,Valid
Hyderabad,PM2.5 - Principal,2017-01-30 09:00 PM,2017,01,30,21,72.5,160,Unhealthy,83.0,UG/M3,1 Hr,Valid
Hyderabad,PM2.5 - Principal,2017-01-30 10:00 PM,2017,01,30,22,75.2,161,Unhealthy,78.0,UG/M3,1 Hr,Valid
Hyderabad,PM2.5 - Principal,2017-01-30 11:00 PM,2017,01,30,23,84.1,166,Unhealthy,93.0,UG/M3,1 Hr,Valid
Hyderabad,PM2.5 - Principal,2017-01-31 12:00 AM,2017,01,31,00,92.5,170,Unhealthy,101.0,UG/M3,1 Hr,Valid
Hyderabad,PM2.5 - Principal,2017-01-31 01:00 AM,2017,01,31,01,101.7,175,Unhealthy,111.0,UG/M3,1 Hr,Valid
Hyderabad,PM2.5 - Principal,2017-01-31 02:00 AM,2017,01,31,02,99.4,174,Unhealthy,97.0,UG/M3,1 Hr,Valid
Hyderabad,PM2.5 - Principal,2017-01-31 03:00 AM,2017,01,31,03,102.2,175,Unhealthy,105.0,UG/M3,1 Hr,Valid
Hyderabad,PM2.5 - Principal,2017-01-31 04:00 AM,2017,01,31,04,102.1,175,Unhealthy,102.0,UG/M3,1 Hr,Valid
Hyderabad,PM2.5 - Principal,2017-01-31 05:00 AM,2017,01,31,05,105.0,177,Unhealthy,108.0,UG/M3,1 Hr,Valid
Hyderabad,PM2.5 - Principal,2017-01-31 06:00 AM,2017,01,31,06,117.5,183,Unhealthy,130.0,UG/M3,1 Hr,Valid
Hyderabad,PM2.5 - Principal,2017-01-31 07:00 AM,2017,01,31,07,133.7,191,Unhealthy,150.0,UG/M3,1 Hr,Valid
Hyderabad,PM2.5 - Principal,2017-01-31 08:00 AM,2017,01,31,08,150.4,200,Unhealthy,167.0,UG/M3,1 Hr,Valid
Hyderabad,PM2.5 - Principal,2017-01-31 09:00 AM,2017,01,31,09,152.2,203,Very Unhealthy,154.0,UG/M3,1 Hr,Valid
Hyderabad,PM2.5 - Principal,2017-01-31 10:00 AM,2017,01,31,10,131.9,190,Unhealthy,109.0,UG/M3,1 Hr,Valid
Hyderabad,PM2.5 - Principal,2017-01-31 11:00 AM,2017,01,31,11,122.5,186,Unhealthy,109.0,UG/M3,1 Hr,Valid
Hyderabad,PM2.5 - Principal,2017-01-31 12:00 PM,2017,01,31,12,93.3,171,Unhealthy,67.0,UG/M3,1 Hr,Valid
Hyderabad,PM2.5 - Principal,2017-01-31 01:00 PM,2017,01,31,13,75.1,161,Unhealthy,57.0,UG/M3,1 Hr,Valid
Hyderabad,PM2.5 - Principal,2017-01-31 02:00 PM,2017,01,31,14,62.0,154,Unhealthy,49.0,UG/M3,1 Hr,Valid
Hyderabad,PM2.5 - Principal,2017-01-31 03:00 PM,2017,01,31,15,53.0,144,Unhealthy for Sensitive Groups,44.0,UG/M3,1 Hr,Valid
Hyderabad,PM2.5 - Principal,2017-01-31 04:00 PM,2017,01,31,16,50.0,137,Unhealthy for Sensitive Groups,47.0,UG/M3,1 Hr,Valid
Hyderabad,PM2.5 - Principal,2017-01-31 05:00 PM,2017,01,31,17,48.9,134,Unhealthy for Sensitive Groups,48.0,UG/M3,1 Hr,Valid
Hyderabad,PM2.5 - Principal,2017-01-31 06:00 PM,2017,01,31,18,54.9,149,Unhealthy for Sensitive Groups,61.0,UG/M3,1 Hr,Valid
Hyderabad,PM2.5 - Principal,2017-01-31 07:00 PM,2017,01,31,19,57.4,152,Unhealthy,60.0,UG/M3,1 Hr,Valid
Hyderabad,PM2.5 - Principal,2017-01-31 08:00 PM,2017,01,31,20,65.2,156,Unhealthy,73.0,UG/M3,1 Hr,Valid
Hyderabad,PM2.5 - Principal,2017-01-31 09:00 PM,2017,01,31,21,66.6,157,Unhealthy,68.0,UG/M3,1 Hr,Valid
Hyderabad,PM2.5 - Principal,2017-01-31 10:00 PM,2017,01,31,22,64.7,156,Unhealthy,63.0,UG/M3,1 Hr,Valid
Hyderabad,PM2.5 - Principal,2017-01-31 11:00 PM,2017,01,31,23,64.5,156,Unhealthy,65.0,UG/M3,1 Hr,Valid
Hyderabad,PM2.5 - Principal,2017-02-01 12:00 AM,2017,02,01,00,77.9,163,Unhealthy,91.0,UG/M3,1 Hr,Valid
Hyderabad,PM2.5 - Principal,2017-02-01 01:00 AM,2017,02,01,01,83.9,166,Unhealthy,90.0,UG/M3,1 Hr,Valid
Hyderabad,PM2.5 - Principal,2017-02-01 02:00 AM,2017,02,01,02,86.4,167,Unhealthy,89.0,UG/M3,1 Hr,Valid
Hyderabad,PM2.5 - Principal,2017-02-01 03:00 AM,2017,02,01,03,80.3,164,Unhealthy,74.0,UG/M3,1 Hr,Valid
Hyderabad,PM2.5 - Principal,2017-02-01 04:00 AM,2017,02,01,04,75.4,161,Unhealthy,70.0,UG/M3,1 Hr,Valid
Hyderabad,PM2.5 - Principal,2017-02-01 05:00 AM,2017,02,01,05,78.7,163,Unhealthy,83.0,UG/M3,1 Hr,Valid
Hyderabad,PM2.5 - Principal,2017-02-01 06:00 AM,2017,02,01,06,76.8,162,Unhealthy,73.0,UG/M3,1 Hr,Valid
Hyderabad,PM2.5 - Principal,2017-02-01 07:00 AM,2017,02,01,07,88.5,168,Unhealthy,106.0,UG/M3,1 Hr,Valid
Hyderabad,PM2.5 - Principal,2017-02-01 08:00 AM,2017,02,01,08,105.7,177,Unhealthy,122.0,UG/M3,1 Hr,Valid
Hyderabad,PM2.5 - Principal,2017-02-01 09:00 AM,2017,02,01,09,102.0,175,Unhealthy,98.0,UG/M3,1 Hr,Valid
Hyderabad,PM2.5 - Principal,2017-02-01 10:00 AM,2017,02,01,10,87.8,168,Unhealthy,72.0,UG/M3,1 Hr,Valid
Hyderabad,PM2.5 - Principal,2017-02-01 11:00 AM,2017,02,01,11,72.0,160,Unhealthy,57.0,UG/M3,1 Hr,Valid
Hyderabad,PM2.5 - Principal,2017-02-01 12:00 PM,2017,02,01,12,62.5,155,Unhealthy,53.0,UG/M3,1 Hr,Valid
Hyderabad,PM2.5 - Principal,2017-02-01 01:00 PM,2017,02,01,13,52.2,142,Unhealthy for Sensitive Groups,42.0,UG/M3,1 Hr,Valid
Hyderabad,PM2.5 - Principal,2017-02-01 02:00 PM,2017,02,01,14,44.6,123,Unhealthy for Sensitive Groups,37.0,UG/M3,1 Hr,Valid
Hyderabad,PM2.5 - Principal,2017-02-01 03:00 PM,2017,02,01,15,41.8,117,Unhealthy for Sensitive Groups,39.0,UG/M3,1 Hr,Valid
Hyderabad,PM2.5 - Principal,2017-02-01 04:00 PM,2017,02,01,16,44.4,123,Unhealthy for Sensitive Groups,47.0,UG/M3,1 Hr,Valid
Hyderabad,PM2.5 - Principal,2017-02-01 05:00 PM,2017,02,01,17,45.6,126,Unhealthy for Sensitive Groups,47.0,UG/M3,1 Hr,Valid
Hyderabad,PM2.5 - Principal,2017-02-01 06:00 PM,2017,02,01,18,47.3,130,Unhealthy for Sensitive Groups,49.0,UG/M3,1 Hr,Valid
Hyderabad,PM2.5 - Principal,2017-02-01 07:00 PM,2017,02,01,19,51.1,139,Unhealthy for Sensitive Groups,55.0,UG/M3,1 Hr,Valid
Hyderabad,PM2.5 - Principal,2017-02-01 08:00 PM,2017,02,01,20,58.5,153,Unhealthy,66.0,UG/M3,1 Hr,Valid
Hyderabad,PM2.5 - Principal,2017-02-01 09:00 PM,2017,02,01,21,66.7,157,Unhealthy,75.0,UG/M3,1 Hr,Valid
Hyderabad,PM2.5 - Principal,2017-02-01 10:00 PM,2017,02,01,22,65.8,156,Unhealthy,65.0,UG/M3,1 Hr,Valid
Hyderabad,PM2.5 - Principal,2017-02-01 11:00 PM,2017,02,01,23,64.4,156,Unhealthy,63.0,UG/M3,1 Hr,Valid
Hyderabad,PM2.5 - Principal,2017-02-02 12:00 AM,2017,02,02,00,63.2,155,Unhealthy,62.0,UG/M3,1 Hr,Valid
Hyderabad,PM2.5 - Principal,2017-02-02 01:00 AM,2017,02,02,01,63.1,155,Unhealthy,63.0,UG/M3,1 Hr,Valid
Hyderabad,PM2.5 - Principal,2017-02-02 02:00 AM,2017,02,02,02,63.5,155,Unhealthy,64.0,UG/M3,1 Hr,Valid
Hyderabad,PM2.5 - Principal,2017-02-02 03:00 AM,2017,02,02,03,63.6,155,Unhealthy,64.0,UG/M3,1 Hr,Valid
Hyderabad,PM2.5 - Principal,2017-02-02 04:00 AM,2017,02,02,04,67.1,157,Unhealthy,73.0,UG/M3,1 Hr,Valid
Hyderabad,PM2.5 - Principal,2017-02-02 05:00 AM,2017,02,02,05,70.7,159,Unhealthy,77.0,UG/M3,1 Hr,Valid
Hyderabad,PM2.5 - Principal,2017-02-02 06:00 AM,2017,02,02,06,71.4,159,Unhealthy,76.0,UG/M3,1 Hr,Valid
Hyderabad,PM2.5 - Principal,2017-02-02 07:00 AM,2017,02,02,07,71.2,159,Unhealthy,75.0,UG/M3,1 Hr,Valid
Hyderabad,PM2.5 - Principal,2017-02-02 08:00 AM,2017,02,02,08,79.8,164,Unhealthy,93.0,UG/M3,1 Hr,Valid
Hyderabad,PM2.5 - Principal,2017-02-02 09:00 AM,2017,02,02,09,82.9,165,Unhealthy,89.0,UG/M3,1 Hr,Valid
Hyderabad,PM2.5 - Principal,2017-02-02 10:00 AM,2017,02,02,10,83.6,166,Unhealthy,85.0,UG/M3,1 Hr,Valid
Hyderabad,PM2.5 - Principal,2017-02-02 11:00 AM,2017,02,02,11,78.4,163,Unhealthy,68.0,UG/M3,1 Hr,Valid
Hyderabad,PM2.5 - Principal,2017-02-02 12:00 PM,2017,02,02,12,69.9,158,Unhealthy,57.0,UG/M3,1 Hr,Valid
Hyderabad,PM2.5 - Principal,2017-02-02 01:00 PM,2017,02,02,13,60.4,154,Unhealthy,51.0,UG/M3,1 Hr,Valid
Hyderabad,PM2.5 - Principal,2017-02-02 02:00 PM,2017,02,02,14,56.6,152,Unhealthy,52.0,UG/M3,1 Hr,Valid
Hyderabad,PM2.5 - Principal,2017-02-02 03:00 PM,2017,02,02,15,51.3,140,Unhealthy for Sensitive Groups,47.0,UG/M3,1 Hr,Valid
Hyderabad,PM2.5 - Principal,2017-02-02 04:00 PM,2017,02,02,16,51.3,140,Unhealthy for Sensitive Groups,-999.0,UG/M3,1 Hr,Missing
Hyderabad,PM2.5 - Principal,2017-02-02 05:00 PM,2017,02,02,17,52.4,143,Unhealthy for Sensitive Groups,53.0,UG/M3,1 Hr,Valid
Hyderabad,PM2.5 - Principal,2017-02-02 06:00 PM,2017,02,02,18,64.0,155,Unhealthy,73.0,UG/M3,1 Hr,Valid
Hyderabad,PM2.5 - Principal,2017-02-02 07:00 PM,2017,02,02,19,63.5,155,Unhealthy,63.0,UG/M3,1 Hr,Valid
Hyderabad,PM2.5 - Principal,2017-02-02 08:00 PM,2017,02,02,20,68.0,157,Unhealthy,73.0,UG/M3,1 Hr,Valid
Hyderabad,PM2.5 - Principal,2017-02-02 09:00 PM,2017,02,02,21,73.7,160,Unhealthy,81.0,UG/M3,1 Hr,Valid
Hyderabad,PM2.5 - Principal,2017-02-02 10:00 PM,2017,02,02,22,68.8,158,Unhealthy,63.0,UG/M3,1 Hr,Valid
Hyderabad,PM2.5 - Principal,2017-02-02 11:00 PM,2017,02,02,23,69.3,158,Unhealthy,70.0,UG/M3,1 Hr,Valid
Hyderabad,PM2.5 - Principal,2017-02-03 12:00 AM,2017,02,03,00,74.7,161,Unhealthy,82.0,UG/M3,1 Hr,Valid
Hyderabad,PM2.5 - Principal,2017-02-03 01:00 AM,2017,02,03,01,88.8,168,Unhealthy,102.0,UG/M3,1 Hr,Valid
Hyderabad,PM2.5 - Principal,2017-02-03 02:00 AM,2017,02,03,02,87.9,168,Unhealthy,87.0,UG/M3,1 Hr,Valid
Hyderabad,PM2.5 - Principal,2017-02-03 03:00 AM,2017,02,03,03,94.0,171,Unhealthy,101.0,UG/M3,1 Hr,Valid
Hyderabad,PM2.5 - Principal,2017-02-03 04:00 AM,2017,02,03,04,92.5,170,Unhealthy,91.0,UG/M3,1 Hr,Valid
Hyderabad,PM2.5 - Principal,2017-02-03 05:00 AM,2017,02,03,05,88.9,168,Unhealthy,85.0,UG/M3,1 Hr,Valid
Hyderabad,PM2.5 - Principal,2017-02-03 06:00 AM,2017,02,03,06,96.4,172,Unhealthy,107.0,UG/M3,1 Hr,Valid
Hyderabad,PM2.5 - Principal,2017-02-03 07:00 AM,2017,02,03,07,97.1,172,Unhealthy,98.0,UG/M3,1 Hr,Valid
Hyderabad,PM2.5 - Principal,2017-02-03 08:00 AM,2017,02,03,08,106.0,177,Unhealthy,116.0,UG/M3,1 Hr,Valid
Hyderabad,PM2.5 - Principal,2017-02-03 09:00 AM,2017,02,03,09,106.4,177,Unhealthy,107.0,UG/M3,1 Hr,Valid
Hyderabad,PM2.5 - Principal,2017-02-03 10:00 AM,2017,02,03,10,102.5,175,Unhealthy,98.0,UG/M3,1 Hr,Valid
Hyderabad,PM2.5 - Principal,2017-02-03 11:00 AM,2017,02,03,11,96.7,172,Unhealthy,84.0,UG/M3,1 Hr,Valid
Hyderabad,PM2.5 - Principal,2017-02-03 12:00 PM,2017,02,03,12,72.1,160,Unhealthy,51.0,UG/M3,1 Hr,Valid
Hyderabad,PM2.5 - Principal,2017-02-03 01:00 PM,2017,02,03,13,65.5,156,Unhealthy,59.0,UG/M3,1 Hr,Valid
Hyderabad,PM2.5 - Principal,2017-02-03 02:00 PM,2017,02,03,14,58.7,153,Unhealthy,52.0,UG/M3,1 Hr,Valid
Hyderabad,PM2.5 - Principal,2017-02-03 03:00 PM,2017,02,03,15,53.8,146,Unhealthy for Sensitive Groups,49.0,UG/M3,1 Hr,Valid
Hyderabad,PM2.5 - Principal,2017-02-03 04:00 PM,2017,02,03,16,51.9,141,Unhealthy for Sensitive Groups,50.0,UG/M3,1 Hr,Valid
Hyderabad,PM2.5 - Principal,2017-02-03 05:00 PM,2017,02,03,17,52.9,144,Unhealthy for Sensitive Groups,54.0,UG/M3,1 Hr,Valid
Hyderabad,PM2.5 - Principal,2017-02-03 06:00 PM,2017,02,03,18,51.9,141,Unhealthy for Sensitive Groups,51.0,UG/M3,1 Hr,Valid
Hyderabad,PM2.5 - Principal,2017-02-03 07:00 PM,2017,02,03,19,55.9,151,Unhealthy,60.0,UG/M3,1 Hr,Valid
Hyderabad,PM2.5 - Principal,2017-02-03 08:00 PM,2017,02,03,20,64.9,156,Unhealthy,74.0,UG/M3,1 Hr,Valid
Hyderabad,PM2.5 - Principal,2017-02-03 09:00 PM,2017,02,03,21,67.4,157,Unhealthy,70.0,UG/M3,1 Hr,Valid
Hyderabad,PM2.5 - Principal,2017-02-03 10:00 PM,2017,02,03,22,82.0,165,Unhealthy,97.0,UG/M3,1 Hr,Valid
Hyderabad,PM2.5 - Principal,2017-02-03 11:00 PM,2017,02,03,23,85.9,167,Unhealthy,90.0,UG/M3,1 Hr,Valid
Hyderabad,PM2.5 - Principal,2017-02-04 12:00 AM,2017,02,04,00,86.4,167,Unhealthy,87.0,UG/M3,1 Hr,Valid
Hyderabad,PM2.5 - Principal,2017-02-04 01:00 AM,2017,02,04,01,85.7,167,Unhealthy,85.0,UG/M3,1 Hr,Valid
Hyderabad,PM2.5 - Principal,2017-02-04 02:00 AM,2017,02,04,02,87.3,167,Unhealthy,89.0,UG/M3,1 Hr,Valid
Hyderabad,PM2.5 - Principal,2017-02-04 03:00 AM,2017,02,04,03,87.3,167,Unhealthy,-999.0,UG/M3,1 Hr,Missing
Hyderabad,PM2.5 - Principal,2017-02-04 04:00 AM,2017,02,04,04,93.4,171,Unhealthy,97.0,UG/M3,1 Hr,Valid
Hyderabad,PM2.5 - Principal,2017-02-04 05:00 AM,2017,02,04,05,96.6,172,Unhealthy,99.0,UG/M3,1 Hr,Valid
Hyderabad,PM2.5 - Principal,2017-02-04 06:00 AM,2017,02,04,06,109.1,179,Unhealthy,120.0,UG/M3,1 Hr,Valid
Hyderabad,PM2.5 - Principal,2017-02-04 07:00 AM,2017,02,04,07,123.1,186,Unhealthy,137.0,UG/M3,1 Hr,Valid
Hyderabad,PM2.5 - Principal,2017-02-04 08:00 AM,2017,02,04,08,141.5,195,Unhealthy,159.0,UG/M3,1 Hr,Valid
Hyderabad,PM2.5 - Principal,2017-02-04 09:00 AM,2017,02,04,09,140.3,195,Unhealthy,141.0,UG/M3,1 Hr,Valid
Hyderabad,PM2.5 - Principal,2017-02-04 10:00 AM,2017,02,04,10,123.3,186,Unhealthy,104.0,UG/M3,1 Hr,Valid
Hyderabad,PM2.5 - Principal,2017-02-04 11:00 AM,2017,02,04,11,86.2,167,Unhealthy,50.0,UG/M3,1 Hr,Valid
Hyderabad,PM2.5 - Principal,2017-02-04 12:00 PM,2017,02,04,12,64.0,155,Unhealthy,42.0,UG/M3,1 Hr,Valid
Hyderabad,PM2.5 - Principal,2017-02-04 01:00 PM,2017,02,04,13,54.5,148,Unhealthy for Sensitive Groups,45.0,UG/M3,1 Hr,Valid
Hyderabad,PM2.5 - Principal,2017-02-04 02:00 PM,2017,02,04,14,51.2,140,Unhealthy for Sensitive Groups,48.0,UG/M3,1 Hr,Valid
Hyderabad,PM2.5 - Principal,2017-02-04 03:00 PM,2017,02,04,15,49.1,134,Unhealthy for Sensitive Groups,47.0,UG/M3,1 Hr,Valid
Hyderabad,PM2.5 - Principal,2017-02-04 04:00 PM,2017,02,04,16,50.0,137,Unhealthy for Sensitive Groups,51.0,UG/M3,1 Hr,Valid
Hyderabad,PM2.5 - Principal,2017-02-04 05:00 PM,2017,02,04,17,50.0,137,Unhealthy for Sensitive Groups,50.0,UG/M3,1 Hr,Valid
Hyderabad,PM2.5 - Principal,2017-02-04 06:00 PM,2017,02,04,18,49.0,134,Unhealthy for Sensitive Groups,48.0,UG/M3,1 Hr,Valid
Hyderabad,PM2.5 - Principal,2017-02-04 07:00 PM,2017,02,04,19,53.4,145,Unhealthy for Sensitive Groups,58.0,UG/M3,1 Hr,Valid
Hyderabad,PM2.5 - Principal,2017-02-04 08:00 PM,2017,02,04,20,68.2,158,Unhealthy,83.0,UG/M3,1 Hr,Valid
Hyderabad,PM2.5 - Principal,2017-02-04 09:00 PM,2017,02,04,21,77.6,162,Unhealthy,87.0,UG/M3,1 Hr,Valid
Hyderabad,PM2.5 - Principal,2017-02-04 10:00 PM,2017,02,04,22,77.3,162,Unhealthy,77.0,UG/M3,1 Hr,Valid
Hyderabad,PM2.5 - Principal,2017-02-04 11:00 PM,2017,02,04,23,84.6,166,Unhealthy,92.0,UG/M3,1 Hr,Valid
Hyderabad,PM2.5 - Principal,2017-02-05 12:00 AM,2017,02,05,00,91.8,170,Unhealthy,99.0,UG/M3,1 Hr,Valid
Hyderabad,PM2.5 - Principal,2017-02-05 01:00 AM,2017,02,05,01,96.9,172,Unhealthy,102.0,UG/M3,1 Hr,Valid
Hyderabad,PM2.5 - Principal,2017-02-05 02:00 AM,2017,02,05,02,94.4,171,Unhealthy,92.0,UG/M3,1 Hr,Valid
Hyderabad,PM2.5 - Principal,2017-02-05 03:00 AM,2017,02,05,03,98.2,173,Unhealthy,102.0,UG/M3,1 Hr,Valid
Hyderabad,PM2.5 - Principal,2017-02-05 04:00 AM,2017,02,05,04,83.6,166,Unhealthy,69.0,UG/M3,1 Hr,Valid
Hyderabad,PM2.5 - Principal,2017-02-05 05:00 AM,2017,02,05,05,83.8,166,Unhealthy,84.0,UG/M3,1 Hr,Valid
Hyderabad,PM2.5 - Principal,2017-02-05 06:00 AM,2017,02,05,06,81.8,165,Unhealthy,78.0,UG/M3,1 Hr,Valid
Hyderabad,PM2.5 - Principal,2017-02-05 07:00 AM,2017,02,05,07,87.2,167,Unhealthy,95.0,UG/M3,1 Hr,Valid
Hyderabad,PM2.5 - Principal,2017-02-05 08:00 AM,2017,02,05,08,91.4,170,Unhealthy,100.0,UG/M3,1 Hr,Valid
Hyderabad,PM2.5 - Principal,2017-02-05 09:00 AM,2017,02,05,09,98.7,173,Unhealthy,110.0,UG/M3,1 Hr,Valid
Hyderabad,PM2.5 - Principal,2017-02-05 10:00 AM,2017,02,05,10,103.0,176,Unhealthy,110.0,UG/M3,1 Hr,Valid
Hyderabad,PM2.5 - Principal,2017-02-05 11:00 AM,2017,02,05,11,95.1,171,Unhealthy,82.0,UG/M3,1 Hr,Valid
Hyderabad,PM2.5 - Principal,2017-02-05 12:00 PM,2017,02,05,12,77.1,162,Unhealthy,58.0,UG/M3,1 Hr,Valid
Hyderabad,PM2.5 - Principal,2017-02-05 01:00 PM,2017,02,05,13,61.9,154,Unhealthy,48.0,UG/M3,1 Hr,Valid
Hyderabad,PM2.5 - Principal,2017-02-05 02:00 PM,2017,02,05,14,54.9,149,Unhealthy for Sensitive Groups,48.0,UG/M3,1 Hr,Valid
Hyderabad,PM2.5 - Principal,2017-02-05 03:00 PM,2017,02,05,15,43.4,120,Unhealthy for Sensitive Groups,32.0,UG/M3,1 Hr,Valid
Hyderabad,PM2.5 - Principal,2017-02-05 04:00 PM,2017,02,05,16,45.7,126,Unhealthy for Sensitive Groups,48.0,UG/M3,1 Hr,Valid
Hyderabad,PM2.5 - Principal,2017-02-05 05:00 PM,2017,02,05,17,52.3,142,Unhealthy for Sensitive Groups,59.0,UG/M3,1 Hr,Valid
Hyderabad,PM2.5 - Principal,2017-02-05 06:00 PM,2017,02,05,18,56.1,151,Unhealthy,60.0,UG/M3,1 Hr,Valid
Hyderabad,PM2.5 - Principal,2017-02-05 07:00 PM,2017,02,05,19,67.5,157,Unhealthy,79.0,UG/M3,1 Hr,Valid
Hyderabad,PM2.5 - Principal,2017-02-05 08:00 PM,2017,02,05,20,71.7,159,Unhealthy,76.0,UG/M3,1 Hr,Valid
Hyderabad,PM2.5 - Principal,2017-02-05 09:00 PM,2017,02,05,21,73.3,160,Unhealthy,75.0,UG/M3,1 Hr,Valid
Hyderabad,PM2.5 - Principal,2017-02-05 10:00 PM,2017,02,05,22,76.6,162,Unhealthy,80.0,UG/M3,1 Hr,Valid
Hyderabad,PM2.5 - Principal,2017-02-05 11:00 PM,2017,02,05,23,73.8,160,Unhealthy,71.0,UG/M3,1 Hr,Valid
Hyderabad,PM2.5 - Principal,2017-02-06 12:00 AM,2017,02,06,00,72.9,160,Unhealthy,72.0,UG/M3,1 Hr,Valid
Hyderabad,PM2.5 - Principal,2017-02-06 01:00 AM,2017,02,06,01,77.4,162,Unhealthy,82.0,UG/M3,1 Hr,Valid
Hyderabad,PM2.5 - Principal,2017-02-06 02:00 AM,2017,02,06,02,78.2,163,Unhealthy,79.0,UG/M3,1 Hr,Valid
Hyderabad,PM2.5 - Principal,2017-02-06 03:00 AM,2017,02,06,03,76.5,162,Unhealthy,75.0,UG/M3,1 Hr,Valid
Hyderabad,PM2.5 - Principal,2017-02-06 04:00 AM,2017,02,06,04,79.0,163,Unhealthy,85.0,UG/M3,1 Hr,Valid
Hyderabad,PM2.5 - Principal,2017-02-06 05:00 AM,2017,02,06,05,80.8,164,Unhealthy,85.0,UG/M3,1 Hr,Valid
Hyderabad,PM2.5 - Principal,2017-02-06 06:00 AM,2017,02,06,06,81.9,165,Unhealthy,89.0,UG/M3,1 Hr,Valid
Hyderabad,PM2.5 - Principal,2017-02-06 07:00 AM,2017,02,06,07,82.8,165,Unhealthy,86.0,UG/M3,1 Hr,Valid
Hyderabad,PM2.5 - Principal,2017-02-06 08:00 AM,2017,02,06,08,93.3,171,Unhealthy,109.0,UG/M3,1 Hr,Valid
Hyderabad,PM2.5 - Principal,2017-02-06 09:00 AM,2017,02,06,09,96.7,172,Unhealthy,103.0,UG/M3,1 Hr,Valid
Hyderabad,PM2.5 - Principal,2017-02-06 10:00 AM,2017,02,06,10,98.9,173,Unhealthy,103.0,UG/M3,1 Hr,Valid
Hyderabad,PM2.5 - Principal,2017-02-06 11:00 AM,2017,02,06,11,93.7,171,Unhealthy,84.0,UG/M3,1 Hr,Valid
Hyderabad,PM2.5 - Principal,2017-02-06 12:00 PM,2017,02,06,12,85.8,167,Unhealthy,71.0,UG/M3,1 Hr,Valid
Hyderabad,PM2.5 - Principal,2017-02-06 01:00 PM,2017,02,06,13,80.6,164,Unhealthy,71.0,UG/M3,1 Hr,Valid
Hyderabad,PM2.5 - Principal,2017-02-06 02:00 PM,2017,02,06,14,67.4,157,Unhealthy,57.0,UG/M3,1 Hr,Valid
Hyderabad,PM2.5 - Principal,2017-02-06 03:00 PM,2017,02,06,15,62.4,155,Unhealthy,57.0,UG/M3,1 Hr,Valid
Hyderabad,PM2.5 - Principal,2017-02-06 04:00 PM,2017,02,06,16,56.9,152,Unhealthy,52.0,UG/M3,1 Hr,Valid
Hyderabad,PM2.5 - Principal,2017-02-06 05:00 PM,2017,02,06,17,55.9,151,Unhealthy,55.0,UG/M3,1 Hr,Valid
Hyderabad,PM2.5 - Principal,2017-02-06 06:00 PM,2017,02,06,18,58.4,152,Unhealthy,61.0,UG/M3,1 Hr,Valid
Hyderabad,PM2.5 - Principal,2017-02-06 07:00 PM,2017,02,06,19,62.2,154,Unhealthy,66.0,UG/M3,1 Hr,Valid
Hyderabad,PM2.5 - Principal,2017-02-06 08:00 PM,2017,02,06,20,90.1,169,Unhealthy,118.0,UG/M3,1 Hr,Valid
Hyderabad,PM2.5 - Principal,2017-02-06 09:00 PM,2017,02,06,21,90.1,169,Unhealthy,-999.0,UG/M3,1 Hr,Missing
Hyderabad,PM2.5 - Principal,2017-02-06 10:00 PM,2017,02,06,22,102.0,175,Unhealthy,108.0,UG/M3,1 Hr,Valid
Hyderabad,PM2.5 - Principal,2017-02-06 11:00 PM,2017,02,06,23,89.4,169,Unhealthy,80.0,UG/M3,1 Hr,Valid
Hyderabad,PM2.5 - Principal,2017-02-07 12:00 AM,2017,02,07,00,89.7,169,Unhealthy,90.0,UG/M3,1 Hr,Valid
Hyderabad,PM2.5 - Principal,2017-02-07 01:00 AM,2017,02,07,01,83.1,165,Unhealthy,77.0,UG/M3,1 Hr,Valid
Hyderabad,PM2.5 - Principal,2017-02-07 02:00 AM,2017,02,07,02,99.3,174,Unhealthy,115.0,UG/M3,1 Hr,Valid
Hyderabad,PM2.5 - Principal,2017-02-07 03:00 AM,2017,02,07,03,106.7,177,Unhealthy,114.0,UG/M3,1 Hr,Valid
Hyderabad,PM2.5 - Principal,2017-02-07 04:00 AM,2017,02,07,04,108.3,178,Unhealthy,110.0,UG/M3,1 Hr,Valid
Hyderabad,PM2.5 - Principal,2017-02-07 05:00 AM,2017,02,07,05,120.7,185,Unhealthy,133.0,UG/M3,1 Hr,Valid
Hyderabad,PM2.5 - Principal,2017-02-07 06:00 AM,2017,02,07,06,136.8,193,Unhealthy,153.0,UG/M3,1 Hr,Valid
Hyderabad,PM2.5 - Principal,2017-02-07 07:00 AM,2017,02,07,07,154.4,205,Very Unhealthy,172.0,UG/M3,1 Hr,Valid
Hyderabad,PM2.5 - Principal,2017-02-07 08:00 AM,2017,02,07,08,164.2,215,Very Unhealthy,174.0,UG/M3,1 Hr,Valid
Hyderabad,PM2.5 - Principal,2017-02-07 09:00 AM,2017,02,07,09,170.1,220,Very Unhealthy,176.0,UG/M3,1 Hr,Valid
Hyderabad,PM2.5 - Principal,2017-02-07 10:00 AM,2017,02,07,10,163.0,213,Very Unhealthy,156.0,UG/M3,1 Hr,Valid
Hyderabad,PM2.5 - Principal,2017-02-07 11:00 AM,2017,02,07,11,126.0,187,Unhealthy,89.0,UG/M3,1 Hr,Valid
Hyderabad,PM2.5 - Principal,2017-02-07 12:00 PM,2017,02,07,12,97.5,173,Unhealthy,69.0,UG/M3,1 Hr,Valid
Hyderabad,PM2.5 - Principal,2017-02-07 01:00 PM,2017,02,07,13,83.2,165,Unhealthy,69.0,UG/M3,1 Hr,Valid
Hyderabad,PM2.5 - Principal,2017-02-07 02:00 PM,2017,02,07,14,73.1,160,Unhealthy,63.0,UG/M3,1 Hr,Valid
Hyderabad,PM2.5 - Principal,2017-02-07 03:00 PM,2017,02,07,15,67.0,157,Unhealthy,61.0,UG/M3,1 Hr,Valid
Hyderabad,PM2.5 - Principal,2017-02-07 04:00 PM,2017,02,07,16,67.5,157,Unhealthy,68.0,UG/M3,1 Hr,Valid
Hyderabad,PM2.5 - Principal,2017-02-07 05:00 PM,2017,02,07,17,66.2,157,Unhealthy,65.0,UG/M3,1 Hr,Valid
Hyderabad,PM2.5 - Principal,2017-02-07 06:00 PM,2017,02,07,18,65.6,156,Unhealthy,65.0,UG/M3,1 Hr,Valid
Hyderabad,PM2.5 - Principal,2017-02-07 07:00 PM,2017,02,07,19,70.2,159,Unhealthy,75.0,UG/M3,1 Hr,Valid
Hyderabad,PM2.5 - Principal,2017-02-07 08:00 PM,2017,02,07,20,88.6,168,Unhealthy,107.0,UG/M3,1 Hr,Valid
Hyderabad,PM2.5 - Principal,2017-02-07 09:00 PM,2017,02,07,21,89.3,168,Unhealthy,90.0,UG/M3,1 Hr,Valid
Hyderabad,PM2.5 - Principal,2017-02-07 10:00 PM,2017,02,07,22,84.3,166,Unhealthy,80.0,UG/M3,1 Hr,Valid
Hyderabad,PM2.5 - Principal,2017-02-07 11:00 PM,2017,02,07,23,85.4,166,Unhealthy,87.0,UG/M3,1 Hr,Valid
Hyderabad,PM2.5 - Principal,2017-02-08 12:00 AM,2017,02,08,00,89.5,169,Unhealthy,95.0,UG/M3,1 Hr,Valid
Hyderabad,PM2.5 - Principal,2017-02-08 01:00 AM,2017,02,08,01,88.0,168,Unhealthy,86.0,UG/M3,1 Hr,Valid
Hyderabad,PM2.5 - Principal,2017-02-08 02:00 AM,2017,02,08,02,99.0,173,Unhealthy,112.0,UG/M3,1 Hr,Valid
Hyderabad,PM2.5 - Principal,2017-02-08 03:00 AM,2017,02,08,03,103.5,176,Unhealthy,111.0,UG/M3,1 Hr,Valid
Hyderabad,PM2.5 - Principal,2017-02-08 04:00 AM,2017,02,08,04,105.0,177,Unhealthy,107.0,UG/M3,1 Hr,Valid
Hyderabad,PM2.5 - Principal,2017-02-08 05:00 AM,2017,02,08,05,105.0,177,Unhealthy,105.0,UG/M3,1 Hr,Valid
Hyderabad,PM2.5 - Principal,2017-02-08 06:00 AM,2017,02,08,06,113.4,181,Unhealthy,126.0,UG/M3,1 Hr,Valid
Hyderabad,PM2.5 - Principal,2017-02-08 07:00 AM,2017,02,08,07,123.4,186,Unhealthy,137.0,UG/M3,1 Hr,Valid
Hyderabad,PM2.5 - Principal,2017-02-08 08:00 AM,2017,02,08,08,133.7,191,Unhealthy,145.0,UG/M3,1 Hr,Valid
Hyderabad,PM2.5 - Principal,2017-02-08 09:00 AM,2017,02,08,09,144.7,197,Unhealthy,155.0,UG/M3,1 Hr,Valid
Hyderabad,PM2.5 - Principal,2017-02-08 10:00 AM,2017,02,08,10,129.3,189,Unhealthy,112.0,UG/M3,1 Hr,Valid
Hyderabad,PM2.5 - Principal,2017-02-08 11:00 AM,2017,02,08,11,95.8,172,Unhealthy,63.0,UG/M3,1 Hr,Valid
Hyderabad,PM2.5 - Principal,2017-02-08 12:00 PM,2017,02,08,12,80.9,164,Unhealthy,66.0,UG/M3,1 Hr,Valid
Hyderabad,PM2.5 - Principal,2017-02-08 01:00 PM,2017,02,08,13,69.4,158,Unhealthy,58.0,UG/M3,1 Hr,Valid
Hyderabad,PM2.5 - Principal,2017-02-08 02:00 PM,2017,02,08,14,69.4,158,Unhealthy,-999.0,UG/M3,1 Hr,Missing
Hyderabad,PM2.5 - Principal,2017-02-08 03:00 PM,2017,02,08,15,63.8,155,Unhealthy,61.0,UG/M3,1 Hr,Valid
Hyderabad,PM2.5 - Principal,2017-02-08 04:00 PM,2017,02,08,16,64.4,156,Unhealthy,65.0,UG/M3,1 Hr,Valid
Hyderabad,PM2.5 - Principal,2017-02-08 05:00 PM,2017,02,08,17,64.7,156,Unhealthy,65.0,UG/M3,1 Hr,Valid
Hyderabad,PM2.5 - Principal,2017-02-08 06:00 PM,2017,02,08,18,80.3,164,Unhealthy,95.0,UG/M3,1 Hr,Valid
Hyderabad,PM2.5 - Principal,2017-02-08 07:00 PM,2017,02,08,19,94.3,171,Unhealthy,108.0,UG/M3,1 Hr,Valid
Hyderabad,PM2.5 - Principal,2017-02-08 08:00 PM,2017,02,08,20,96.7,172,Unhealthy,99.0,UG/M3,1 Hr,Valid
Hyderabad,PM2.5 - Principal,2017-02-08 09:00 PM,2017,02,08,21,101.9,175,Unhealthy,108.0,UG/M3,1 Hr,Valid
Hyderabad,PM2.5 - Principal,2017-02-08 10:00 PM,2017,02,08,22,89.6,169,Unhealthy,76.0,UG/M3,1 Hr,Valid
Hyderabad,PM2.5 - Principal,2017-02-08 11:00 PM,2017,02,08,23,89.3,168,Unhealthy,89.0,UG/M3,1 Hr,Valid
Hyderabad,PM2.5 - Principal,2017-02-09 12:00 AM,2017,02,09,00,93.3,171,Unhealthy,98.0,UG/M3,1 Hr,Valid
Hyderabad,PM2.5 - Principal,2017-02-09 01:00 AM,2017,02,09,01,88.3,168,Unhealthy,82.0,UG/M3,1 Hr,Valid
Hyderabad,PM2.5 - Principal,2017-02-09 02:00 AM,2017,02,09,02,95.5,172,Unhealthy,105.0,UG/M3,1 Hr,Valid
Hyderabad,PM2.5 - Principal,2017-02-09 03:00 AM,2017,02,09,03,100.8,174,Unhealthy,109.0,UG/M3,1 Hr,Valid
Hyderabad,PM2.5 - Principal,2017-02-09 04:00 AM,2017,02,09,04,102.9,175,Unhealthy,106.0,UG/M3,1 Hr,Valid
Hyderabad,PM2.5 - Principal,2017-02-09 05:00 AM,2017,02,09,05,100.3,174,Unhealthy,98.0,UG/M3,1 Hr,Valid
Hyderabad,PM2.5 - Principal,2017-02-09 06:00 AM,2017,02,09,06,97.4,173,Unhealthy,91.0,UG/M3,1 Hr,Valid
Hyderabad,PM2.5 - Principal,2017-02-09 07:00 AM,2017,02,09,07,103.3,176,Unhealthy,115.0,UG/M3,1 Hr,Valid
Hyderabad,PM2.5 - Principal,2017-02-09 08:00 AM,2017,02,09,08,107.3,178,Unhealthy,115.0,UG/M3,1 Hr,Valid
Hyderabad,PM2.5 - Principal,2017-02-09 09:00 AM,2017,02,09,09,108.2,178,Unhealthy,110.0,UG/M3,1 Hr,Valid
Hyderabad,PM2.5 - Principal,2017-02-09 10:00 AM,2017,02,09,10,109.1,179,Unhealthy,113.0,UG/M3,1 Hr,Valid
Hyderabad,PM2.5 - Principal,2017-02-09 11:00 AM,2017,02,09,11,103.6,176,Unhealthy,90.0,UG/M3,1 Hr,Valid
Hyderabad,PM2.5 - Principal,2017-02-09 12:00 PM,2017,02,09,12,89.0,168,Unhealthy,69.0,UG/M3,1 Hr,Valid
Hyderabad,PM2.5 - Principal,2017-02-09 01:00 PM,2017,02,09,13,71.6,159,Unhealthy,58.0,UG/M3,1 Hr,Valid
Hyderabad,PM2.5 - Principal,2017-02-09 02:00 PM,2017,02,09,14,63.7,155,Unhealthy,56.0,UG/M3,1 Hr,Valid
Hyderabad,PM2.5 - Principal,2017-02-09 03:00 PM,2017,02,09,15,62.8,155,Unhealthy,62.0,UG/M3,1 Hr,Valid
Hyderabad,PM2.5 - Principal,2017-02-09 04:00 PM,2017,02,09,16,60.9,154,Unhealthy,59.0,UG/M3,1 Hr,Valid
Hyderabad,PM2.5 - Principal,2017-02-09 05:00 PM,2017,02,09,17,61.9,154,Unhealthy,63.0,UG/M3,1 Hr,Valid
Hyderabad,PM2.5 - Principal,2017-02-09 06:00 PM,2017,02,09,18,63.9,155,Unhealthy,66.0,UG/M3,1 Hr,Valid
Hyderabad,PM2.5 - Principal,2017-02-09 07:00 PM,2017,02,09,19,68.4,158,Unhealthy,73.0,UG/M3,1 Hr,Valid
Hyderabad,PM2.5 - Principal,2017-02-09 08:00 PM,2017,02,09,20,77.7,162,Unhealthy,87.0,UG/M3,1 Hr,Valid
Hyderabad,PM2.5 - Principal,2017-02-09 09:00 PM,2017,02,09,21,81.8,165,Unhealthy,86.0,UG/M3,1 Hr,Valid
Hyderabad,PM2.5 - Principal,2017-02-09 10:00 PM,2017,02,09,22,82.7,165,Unhealthy,89.0,UG/M3,1 Hr,Valid
Hyderabad,PM2.5 - Principal,2017-02-09 11:00 PM,2017,02,09,23,90.6,169,Unhealthy,99.0,UG/M3,1 Hr,Valid
Hyderabad,PM2.5 - Principal,2017-02-10 12:00 AM,2017,02,10,00,92.5,170,Unhealthy,95.0,UG/M3,1 Hr,Valid
Hyderabad,PM2.5 - Principal,2017-02-10 01:00 AM,2017,02,10,01,91.0,169,Unhealthy,89.0,UG/M3,1 Hr,Valid
Hyderabad,PM2.5 - Principal,2017-02-10 02:00 AM,2017,02,10,02,92.4,170,Unhealthy,95.0,UG/M3,1 Hr,Valid
Hyderabad,PM2.5 - Principal,2017-02-10 03:00 AM,2017,02,10,03,88.6,168,Unhealthy,83.0,UG/M3,1 Hr,Valid
Hyderabad,PM2.5 - Principal,2017-02-10 04:00 AM,2017,02,10,04,87.8,168,Unhealthy,86.0,UG/M3,1 Hr,Valid
Hyderabad,PM2.5 - Principal,2017-02-10 05:00 AM,2017,02,10,05,87.6,168,Unhealthy,87.0,UG/M3,1 Hr,Valid
Hyderabad,PM2.5 - Principal,2017-02-10 06:00 AM,2017,02,10,06,87.5,168,Unhealthy,86.0,UG/M3,1 Hr,Valid
Hyderabad,PM2.5 - Principal,2017-02-10 07:00 AM,2017,02,10,07,91.5,170,Unhealthy,104.0,UG/M3,1 Hr,Valid
Hyderabad,PM2.5 - Principal,2017-02-10 08:00 AM,2017,02,10,08,100.6,174,Unhealthy,119.0,UG/M3,1 Hr,Valid
Hyderabad,PM2.5 - Principal,2017-02-10 09:00 AM,2017,02,10,09,116.2,182,Unhealthy,136.0,UG/M3,1 Hr,Valid
Hyderabad,PM2.5 - Principal,2017-02-10 10:00 AM,2017,02,10,10,108.7,178,Unhealthy,97.0,UG/M3,1 Hr,Valid
Hyderabad,PM2.5 - Principal,2017-02-10 11:00 AM,2017,02,10,11,90.2,169,Unhealthy,70.0,UG/M3,1 Hr,Valid
Hyderabad,PM2.5 - Principal,2017-02-10 12:00 PM,2017,02,10,12,78.8,163,Unhealthy,68.0,UG/M3,1 Hr,Valid
Hyderabad,PM2.5 - Principal,2017-02-10 01:00 PM,2017,02,10,13,72.9,160,Unhealthy,67.0,UG/M3,1 Hr,Valid
Hyderabad,PM2.5 - Principal,2017-02-10 02:00 PM,2017,02,10,14,69.9,158,Unhealthy,67.0,UG/M3,1 Hr,Valid
Hyderabad,PM2.5 - Principal,2017-02-10 03:00 PM,2017,02,10,15,68.9,158,Unhealthy,68.0,UG/M3,1 Hr,Valid
Hyderabad,PM2.5 - Principal,2017-02-10 04:00 PM,2017,02,10,16,69.9,158,Unhealthy,71.0,UG/M3,1 Hr,Valid
Hyderabad,PM2.5 - Principal,2017-02-10 05:00 PM,2017,02,10,17,72.9,160,Unhealthy,76.0,UG/M3,1 Hr,Valid
Hyderabad,PM2.5 - Principal,2017-02-10 06:00 PM,2017,02,10,18,73.9,161,Unhealthy,75.0,UG/M3,1 Hr,Valid
Hyderabad,PM2.5 - Principal,2017-02-10 07:00 PM,2017,02,10,19,75.4,161,Unhealthy,77.0,UG/M3,1 Hr,Valid
Hyderabad,PM2.5 - Principal,2017-02-10 08:00 PM,2017,02,10,20,76.7,162,Unhealthy,78.0,UG/M3,1 Hr,Valid
Hyderabad,PM2.5 - Principal,2017-02-10 09:00 PM,2017,02,10,21,74.6,161,Unhealthy,73.0,UG/M3,1 Hr,Valid
Hyderabad,PM2.5 - Principal,2017-02-10 10:00 PM,2017,02,10,22,73.5,160,Unhealthy,75.0,UG/M3,1 Hr,Valid
Hyderabad,PM2.5 - Principal,2017-02-10 11:00 PM,2017,02,10,23,74.2,161,Unhealthy,77.0,UG/M3,1 Hr,Valid
Hyderabad,PM2.5 - Principal,2017-02-11 12:00 AM,2017,02,11,00,73.6,160,Unhealthy,70.0,UG/M3,1 Hr,Valid
Hyderabad,PM2.5 - Principal,2017-02-11 01:00 AM,2017,02,11,01,72.7,160,Unhealthy,67.0,UG/M3,1 Hr,Valid
Hyderabad,PM2.5 - Principal,2017-02-11 02:00 AM,2017,02,11,02,73.2,160,Unhealthy,75.0,UG/M3,1 Hr,Valid
Hyderabad,PM2.5 - Principal,2017-02-11 03:00 AM,2017,02,11,03,73.8,160,Unhealthy,76.0,UG/M3,1 Hr,Valid
Hyderabad,PM2.5 - Principal,2017-02-11 04:00 AM,2017,02,11,04,74.3,161,Unhealthy,76.0,UG/M3,1 Hr,Valid
Hyderabad,PM2.5 - Principal,2017-02-11 05:00 AM,2017,02,11,05,75.0,161,Unhealthy,79.0,UG/M3,1 Hr,Valid
Hyderabad,PM2.5 - Principal,2017-02-11 06:00 AM,2017,02,11,06,76.5,162,Unhealthy,82.0,UG/M3,1 Hr,Valid
Hyderabad,PM2.5 - Principal,2017-02-11 07:00 AM,2017,02,11,07,78.3,163,Unhealthy,84.0,UG/M3,1 Hr,Valid
Hyderabad,PM2.5 - Principal,2017-02-11 08:00 AM,2017,02,11,08,81.9,165,Unhealthy,90.0,UG/M3,1 Hr,Valid
Hyderabad,PM2.5 - Principal,2017-02-11 09:00 AM,2017,02,11,09,82.5,165,Unhealthy,84.0,UG/M3,1 Hr,Valid
Hyderabad,PM2.5 - Principal,2017-02-11 10:00 AM,2017,02,11,10,77.4,162,Unhealthy,64.0,UG/M3,1 Hr,Valid
Hyderabad,PM2.5 - Principal,2017-02-11 11:00 AM,2017,02,11,11,64.1,155,Unhealthy,50.0,UG/M3,1 Hr,Valid
Hyderabad,PM2.5 - Principal,2017-02-11 12:00 PM,2017,02,11,12,59.1,153,Unhealthy,53.0,UG/M3,1 Hr,Valid
Hyderabad,PM2.5 - Principal,2017-02-11 01:00 PM,2017,02,11,13,50.8,139,Unhealthy for Sensitive Groups,44.0,UG/M3,1 Hr,Valid
Hyderabad,PM2.5 - Principal,2017-02-11 02:00 PM,2017,02,11,14,48.3,133,Unhealthy for Sensitive Groups,46.0,UG/M3,1 Hr,Valid
Hyderabad,PM2.5 - Principal,2017-02-11 03:00 PM,2017,02,11,15,48.1,132,Unhealthy for Sensitive Groups,48.0,UG/M3,1 Hr,Valid
Hyderabad,PM2.5 - Principal,2017-02-11 04:00 PM,2017,02,11,16,46.5,128,Unhealthy for Sensitive Groups,45.0,UG/M3,1 Hr,Valid
Hyderabad,PM2.5 - Principal,2017-02-11 05:00 PM,2017,02,11,17,49.7,136,Unhealthy for Sensitive Groups,53.0,UG/M3,1 Hr,Valid
Hyderabad,PM2.5 - Principal,2017-02-11 06:00 PM,2017,02,11,18,52.8,144,Unhealthy for Sensitive Groups,56.0,UG/M3,1 Hr,Valid
Hyderabad,PM2.5 - Principal,2017-02-11 07:00 PM,2017,02,11,19,59.9,153,Unhealthy,67.0,UG/M3,1 Hr,Valid
Hyderabad,PM2.5 - Principal,2017-02-11 08:00 PM,2017,02,11,20,62.5,155,Unhealthy,66.0,UG/M3,1 Hr,Valid
Hyderabad,PM2.5 - Principal,2017-02-11 09:00 PM,2017,02,11,21,64.1,155,Unhealthy,70.0,UG/M3,1 Hr,Valid
Hyderabad,PM2.5 - Principal,2017-02-11 10:00 PM,2017,02,11,22,64.4,156,Unhealthy,65.0,UG/M3,1 Hr,Valid
Hyderabad,PM2.5 - Principal,2017-02-11 11:00 PM,2017,02,11,23,60.5,154,Unhealthy,54.0,UG/M3,1 Hr,Valid
Hyderabad,PM2.5 - Principal,2017-02-12 12:00 AM,2017,02,12,00,58.5,153,Unhealthy,55.0,UG/M3,1 Hr,Valid
Hyderabad,PM2.5 - Principal,2017-02-12 01:00 AM,2017,02,12,01,55.5,151,Unhealthy,50.0,UG/M3,1 Hr,Valid
Hyderabad,PM2.5 - Principal,2017-02-12 02:00 AM,2017,02,12,02,56.0,151,Unhealthy,57.0,UG/M3,1 Hr,Valid
Hyderabad,PM2.5 - Principal,2017-02-12 03:00 AM,2017,02,12,03,54.2,147,Unhealthy for Sensitive Groups,51.0,UG/M3,1 Hr,Valid
Hyderabad,PM2.5 - Principal,2017-02-12 04:00 AM,2017,02,12,04,57.3,152,Unhealthy,63.0,UG/M3,1 Hr,Valid
Hyderabad,PM2.5 - Principal,2017-02-12 05:00 AM,2017,02,12,05,58.1,152,Unhealthy,60.0,UG/M3,1 Hr,Valid
Hyderabad,PM2.5 - Principal,2017-02-12 06:00 AM,2017,02,12,06,60.1,153,Unhealthy,65.0,UG/M3,1 Hr,Valid
Hyderabad,PM2.5 - Principal,2017-02-12 07:00 AM,2017,02,12,07,60.9,154,Unhealthy,63.0,UG/M3,1 Hr,Valid
Hyderabad,PM2.5 - Principal,2017-02-12 08:00 AM,2017,02,12,08,64.0,155,Unhealthy,71.0,UG/M3,1 Hr,Valid
Hyderabad,PM2.5 - Principal,2017-02-12 09:00 AM,2017,02,12,09,61.2,154,Unhealthy,55.0,UG/M3,1 Hr,Valid
Hyderabad,PM2.5 - Principal,2017-02-12 10:00 AM,2017,02,12,10,56.9,152,Unhealthy,48.0,UG/M3,1 Hr,Valid
Hyderabad,PM2.5 - Principal,2017-02-12 11:00 AM,2017,02,12,11,48.6,133,Unhealthy for Sensitive Groups,40.0,UG/M3,1 Hr,Valid
Hyderabad,PM2.5 - Principal,2017-02-12 12:00 PM,2017,02,12,12,45.3,125,Unhealthy for Sensitive Groups,41.0,UG/M3,1 Hr,Valid
Hyderabad,PM2.5 - Principal,2017-02-12 01:00 PM,2017,02,12,13,43.4,120,Unhealthy for Sensitive Groups,41.0,UG/M3,1 Hr,Valid
Hyderabad,PM2.5 - Principal,2017-02-12 02:00 PM,2017,02,12,14,42.3,118,Unhealthy for Sensitive Groups,41.0,UG/M3,1 Hr,Valid
Hyderabad,PM2.5 - Principal,2017-02-12 03:00 PM,2017,02,12,15,43.0,119,Unhealthy for Sensitive Groups,44.0,UG/M3,1 Hr,Valid
Hyderabad,PM2.5 - Principal,2017-02-12 04:00 PM,2017,02,12,16,41.7,116,Unhealthy for Sensitive Groups,40.0,UG/M3,1 Hr,Valid
Hyderabad,PM2.5 - Principal,2017-02-12 05:00 PM,2017,02,12,17,42.2,117,Unhealthy for Sensitive Groups,43.0,UG/M3,1 Hr,Valid
Hyderabad,PM2.5 - Principal,2017-02-12 06:00 PM,2017,02,12,18,44.3,123,Unhealthy for Sensitive Groups,47.0,UG/M3,1 Hr,Valid
Hyderabad,PM2.5 - Principal,2017-02-12 07:00 PM,2017,02,12,19,47.6,131,Unhealthy for Sensitive Groups,52.0,UG/M3,1 Hr,Valid
Hyderabad,PM2.5 - Principal,2017-02-12 08:00 PM,2017,02,12,20,45.9,127,Unhealthy for Sensitive Groups,-999.0,UG/M3,1 Hr,Missing
Hyderabad,PM2.5 - Principal,2017-02-12 09:00 PM,2017,02,12,21,52.3,142,Unhealthy for Sensitive Groups,60.0,UG/M3,1 Hr,Valid
Hyderabad,PM2.5 - Principal,2017-02-12 10:00 PM,2017,02,12,22,56.7,152,Unhealthy,62.0,UG/M3,1 Hr,Valid
Hyderabad,PM2.5 - Principal,2017-02-12 11:00 PM,2017,02,12,23,56.8,152,Unhealthy,57.0,UG/M3,1 Hr,Valid
Hyderabad,PM2.5 - Principal,2017-02-13 12:00 AM,2017,02,13,00,54.6,148,Unhealthy for Sensitive Groups,51.0,UG/M3,1 Hr,Valid
Hyderabad,PM2.5 - Principal,2017-02-13 01:00 AM,2017,02,13,01,50.3,137,Unhealthy for Sensitive Groups,43.0,UG/M3,1 Hr,Valid
Hyderabad,PM2.5 - Principal,2017-02-13 02:00 AM,2017,02,13,02,49.8,136,Unhealthy for Sensitive Groups,49.0,UG/M3,1 Hr,Valid
Hyderabad,PM2.5 - Principal,2017-02-13 03:00 AM,2017,02,13,03,47.7,131,Unhealthy for Sensitive Groups,44.0,UG/M3,1 Hr,Valid
Hyderabad,PM2.5 - Principal,2017-02-13 04:00 AM,2017,02,13,04,47.2,130,Unhealthy for Sensitive Groups,45.0,UG/M3,1 Hr,Valid
Hyderabad,PM2.5 - Principal,2017-02-13 05:00 AM,2017,02,13,05,46.2,127,Unhealthy for Sensitive Groups,44.0,UG/M3,1 Hr,Valid
Hyderabad,PM2.5 - Principal,2017-02-13 06:00 AM,2017,02,13,06,43.1,120,Unhealthy for Sensitive Groups,39.0,UG/M3,1 Hr,Valid
Hyderabad,PM2.5 - Principal,2017-02-13 07:00 AM,2017,02,13,07,45.7,126,Unhealthy for Sensitive Groups,50.0,UG/M3,1 Hr,Valid
Hyderabad,PM2.5 - Principal,2017-02-13 08:00 AM,2017,02,13,08,46.5,128,Unhealthy for Sensitive Groups,48.0,UG/M3,1 Hr,Valid
Hyderabad,PM2.5 - Principal,2017-02-13 09:00 AM,2017,02,13,09,48.5,133,Unhealthy for Sensitive Groups,52.0,UG/M3,1 Hr,Valid
Hyderabad,PM2.5 - Principal,2017-02-13 10:00 AM,2017,02,13,10,59.6,153,Unhealthy,72.0,UG/M3,1 Hr,Valid
Hyderabad,PM2.5 - Principal,2017-02-13 11:00 AM,2017,02,13,11,52.4,143,Unhealthy for Sensitive Groups,44.0,UG/M3,1 Hr,Valid
Hyderabad,PM2.5 - Principal,2017-02-13 12:00 PM,2017,02,13,12,46.2,127,Unhealthy for Sensitive Groups,39.0,UG/M3,1 Hr,Valid
Hyderabad,PM2.5 - Principal,2017-02-13 01:00 PM,2017,02,13,13,44.3,123,Unhealthy for Sensitive Groups,42.0,UG/M3,1 Hr,Valid
Hyderabad,PM2.5 - Principal,2017-02-13 02:00 PM,2017,02,13,14,46.0,127,Unhealthy for Sensitive Groups,48.0,UG/M3,1 Hr,Valid
Hyderabad,PM2.5 - Principal,2017-02-13 03:00 PM,2017,02,13,15,46.9,129,Unhealthy for Sensitive Groups,48.0,UG/M3,1 Hr,Valid
Hyderabad,PM2.5 - Principal,2017-02-13 04:00 PM,2017,02,13,16,48.7,134,Unhealthy for Sensitive Groups,51.0,UG/M3,1 Hr,Valid
Hyderabad,PM2.5 - Principal,2017-02-13 05:00 PM,2017,02,13,17,50.7,138,Unhealthy for Sensitive Groups,53.0,UG/M3,1 Hr,Valid
Hyderabad,PM2.5 - Principal,2017-02-13 06:00 PM,2017,02,13,18,53.1,144,Unhealthy for Sensitive Groups,56.0,UG/M3,1 Hr,Valid
Hyderabad,PM2.5 - Principal,2017-02-13 07:00 PM,2017,02,13,19,59.5,153,Unhealthy,67.0,UG/M3,1 Hr,Valid
Hyderabad,PM2.5 - Principal,2017-02-13 08:00 PM,2017,02,13,20,59.5,153,Unhealthy,-999.0,UG/M3,1 Hr,Missing
Hyderabad,PM2.5 - Principal,2017-02-13 09:00 PM,2017,02,13,21,-999.0,-999,N/A,-999.0,UG/M3,1 Hr,Missing
Hyderabad,PM2.5 - Principal,2017-02-13 10:00 PM,2017,02,13,22,-999.0,-999,N/A,-999.0,UG/M3,1 Hr,Missing
Hyderabad,PM2.5 - Principal,2017-02-13 11:00 PM,2017,02,13,23,-999.0,-999,N/A,-999.0,UG/M3,1 Hr,Missing
Hyderabad,PM2.5 - Principal,2017-02-14 12:00 AM,2017,02,14,00,-999.0,-999,N/A,77.0,UG/M3,1 Hr,Valid
Hyderabad,PM2.5 - Principal,2017-02-14 01:00 AM,2017,02,14,01,72.0,160,Unhealthy,71.0,UG/M3,1 Hr,Valid
Hyderabad,PM2.5 - Principal,2017-02-14 02:00 AM,2017,02,14,02,78.4,163,Unhealthy,84.0,UG/M3,1 Hr,Valid
Hyderabad,PM2.5 - Principal,2017-02-14 03:00 AM,2017,02,14,03,77.6,162,Unhealthy,77.0,UG/M3,1 Hr,Valid
Hyderabad,PM2.5 - Principal,2017-02-14 04:00 AM,2017,02,14,04,73.6,160,Unhealthy,68.0,UG/M3,1 Hr,Valid
Hyderabad,PM2.5 - Principal,2017-02-14 05:00 AM,2017,02,14,05,78.3,163,Unhealthy,86.0,UG/M3,1 Hr,Valid
Hyderabad,PM2.5 - Principal,2017-02-14 06:00 AM,2017,02,14,06,83.9,166,Unhealthy,96.0,UG/M3,1 Hr,Valid
Hyderabad,PM2.5 - Principal,2017-02-14 07:00 AM,2017,02,14,07,96.2,172,Unhealthy,112.0,UG/M3,1 Hr,Valid
Hyderabad,PM2.5 - Principal,2017-02-14 08:00 AM,2017,02,14,08,108.6,178,Unhealthy,122.0,UG/M3,1 Hr,Valid
Hyderabad,PM2.5 - Principal,2017-02-14 09:00 AM,2017,02,14,09,104.3,176,Unhealthy,99.0,UG/M3,1 Hr,Valid
Hyderabad,PM2.5 - Principal,2017-02-14 10:00 AM,2017,02,14,10,104.3,176,Unhealthy,70.0,UG/M3,1 Hr,Invalid
Hyderabad,PM2.5 - Principal,2017-02-14 11:00 AM,2017,02,14,11,104.3,176,Unhealthy,70.0,UG/M3,1 Hr,Invalid
Hyderabad,PM2.5 - Principal,2017-02-14 12:00 PM,2017,02,14,12,104.3,176,Unhealthy,-999.0,UG/M3,1 Hr,Missing
Hyderabad,PM2.5 - Principal,2017-02-14 01:00 PM,2017,02,14,13,104.3,176,Unhealthy,70.0,UG/M3,1 Hr,Invalid
Hyderabad,PM2.5 - Principal,2017-02-14 02:00 PM,2017,02,14,14,-999.0,-999,N/A,70.0,UG/M3,1 Hr,Invalid
Hyderabad,PM2.5 - Principal,2017-02-14 03:00 PM,2017,02,14,15,-999.0,-999,N/A,70.0,UG/M3,1 Hr,Invalid
Hyderabad,PM2.5 - Principal,2017-02-14 04:00 PM,2017,02,14,16,-999.0,-999,N/A,70.0,UG/M3,1 Hr,Invalid
Hyderabad,PM2.5 - Principal,2017-02-14 05:00 PM,2017,02,14,17,-999.0,-999,N/A,70.0,UG/M3,1 Hr,Invalid
Hyderabad,PM2.5 - Principal,2017-02-14 06:00 PM,2017,02,14,18,-999.0,-999,N/A,70.0,UG/M3,1 Hr,Invalid
Hyderabad,PM2.5 - Principal,2017-02-14 07:00 PM,2017,02,14,19,-999.0,-999,N/A,70.0,UG/M3,1 Hr,Invalid
Hyderabad,PM2.5 - Principal,2017-02-14 08:00 PM,2017,02,14,20,-999.0,-999,N/A,70.0,UG/M3,1 Hr,Invalid
Hyderabad,PM2.5 - Principal,2017-02-14 09:00 PM,2017,02,14,21,-999.0,-999,N/A,70.0,UG/M3,1 Hr,Invalid
Hyderabad,PM2.5 - Principal,2017-02-14 10:00 PM,2017,02,14,22,-999.0,-999,N/A,70.0,UG/M3,1 Hr,Invalid
Hyderabad,PM2.5 - Principal,2017-02-14 11:00 PM,2017,02,14,23,-999.0,-999,N/A,70.0,UG/M3,1 Hr,Invalid
Hyderabad,PM2.5 - Principal,2017-02-15 12:00 AM,2017,02,15,00,-999.0,-999,N/A,70.0,UG/M3,1 Hr,Invalid
Hyderabad,PM2.5 - Principal,2017-02-15 01:00 AM,2017,02,15,01,-999.0,-999,N/A,70.0,UG/M3,1 Hr,Invalid
Hyderabad,PM2.5 - Principal,2017-02-15 02:00 AM,2017,02,15,02,-999.0,-999,N/A,70.0,UG/M3,1 Hr,Invalid
Hyderabad,PM2.5 - Principal,2017-02-15 03:00 AM,2017,02,15,03,-999.0,-999,N/A,70.0,UG/M3,1 Hr,Invalid
Hyderabad,PM2.5 - Principal,2017-02-15 04:00 AM,2017,02,15,04,-999.0,-999,N/A,70.0,UG/M3,1 Hr,Invalid
Hyderabad,PM2.5 - Principal,2017-02-15 05:00 AM,2017,02,15,05,-999.0,-999,N/A,70.0,UG/M3,1 Hr,Invalid
Hyderabad,PM2.5 - Principal,2017-02-15 06:00 AM,2017,02,15,06,-999.0,-999,N/A,70.0,UG/M3,1 Hr,Invalid
Hyderabad,PM2.5 - Principal,2017-02-15 07:00 AM,2017,02,15,07,-999.0,-999,N/A,70.0,UG/M3,1 Hr,Invalid
Hyderabad,PM2.5 - Principal,2017-02-15 08:00 AM,2017,02,15,08,-999.0,-999,N/A,70.0,UG/M3,1 Hr,Invalid
Hyderabad,PM2.5 - Principal,2017-02-15 09:00 AM,2017,02,15,09,-999.0,-999,N/A,-999.0,UG/M3,1 Hr,Missing
Hyderabad,PM2.5 - Principal,2017-02-15 10:00 AM,2017,02,15,10,-999.0,-999,N/A,70.0,UG/M3,1 Hr,Invalid
Hyderabad,PM2.5 - Principal,2017-02-15 11:00 AM,2017,02,15,11,-999.0,-999,N/A,70.0,UG/M3,1 Hr,Invalid
Hyderabad,PM2.5 - Principal,2017-02-15 12:00 PM,2017,02,15,12,-999.0,-999,N/A,70.0,UG/M3,1 Hr,Invalid
Hyderabad,PM2.5 - Principal,2017-02-15 01:00 PM,2017,02,15,13,-999.0,-999,N/A,70.0,UG/M3,1 Hr,Invalid
Hyderabad,PM2.5 - Principal,2017-02-15 02:00 PM,2017,02,15,14,-999.0,-999,N/A,70.0,UG/M3,1 Hr,Invalid
Hyderabad,PM2.5 - Principal,2017-02-15 03:00 PM,2017,02,15,15,-999.0,-999,N/A,70.0,UG/M3,1 Hr,Invalid
Hyderabad,PM2.5 - Principal,2017-02-15 04:00 PM,2017,02,15,16,-999.0,-999,N/A,70.0,UG/M3,1 Hr,Invalid
Hyderabad,PM2.5 - Principal,2017-02-15 05:00 PM,2017,02,15,17,-999.0,-999,N/A,70.0,UG/M3,1 Hr,Invalid
Hyderabad,PM2.5 - Principal,2017-02-15 06:00 PM,2017,02,15,18,-999.0,-999,N/A,70.0,UG/M3,1 Hr,Invalid
Hyderabad,PM2.5 - Principal,2017-02-15 07:00 PM,2017,02,15,19,-999.0,-999,N/A,70.0,UG/M3,1 Hr,Invalid
Hyderabad,PM2.5 - Principal,2017-02-15 08:00 PM,2017,02,15,20,-999.0,-999,N/A,70.0,UG/M3,1 Hr,Invalid
Hyderabad,PM2.5 - Principal,2017-02-15 09:00 PM,2017,02,15,21,-999.0,-999,N/A,70.0,UG/M3,1 Hr,Invalid
Hyderabad,PM2.5 - Principal,2017-02-15 10:00 PM,2017,02,15,22,-999.0,-999,N/A,70.0,UG/M3,1 Hr,Invalid
Hyderabad,PM2.5 - Principal,2017-02-15 11:00 PM,2017,02,15,23,-999.0,-999,N/A,70.0,UG/M3,1 Hr,Invalid
Hyderabad,PM2.5 - Principal,2017-02-16 12:00 AM,2017,02,16,00,-999.0,-999,N/A,70.0,UG/M3,1 Hr,Invalid
Hyderabad,PM2.5 - Principal,2017-02-16 01:00 AM,2017,02,16,01,-999.0,-999,N/A,70.0,UG/M3,1 Hr,Invalid
Hyderabad,PM2.5 - Principal,2017-02-16 02:00 AM,2017,02,16,02,-999.0,-999,N/A,70.0,UG/M3,1 Hr,Invalid
Hyderabad,PM2.5 - Principal,2017-02-16 03:00 AM,2017,02,16,03,-999.0,-999,N/A,70.0,UG/M3,1 Hr,Invalid
Hyderabad,PM2.5 - Principal,2017-02-16 04:00 AM,2017,02,16,04,-999.0,-999,N/A,70.0,UG/M3,1 Hr,Invalid
Hyderabad,PM2.5 - Principal,2017-02-16 05:00 AM,2017,02,16,05,-999.0,-999,N/A,70.0,UG/M3,1 Hr,Invalid
Hyderabad,PM2.5 - Principal,2017-02-16 06:00 AM,2017,02,16,06,-999.0,-999,N/A,70.0,UG/M3,1 Hr,Invalid
Hyderabad,PM2.5 - Principal,2017-02-16 07:00 AM,2017,02,16,07,-999.0,-999,N/A,70.0,UG/M3,1 Hr,Invalid
Hyderabad,PM2.5 - Principal,2017-02-16 08:00 AM,2017,02,16,08,-999.0,-999,N/A,70.0,UG/M3,1 Hr,Invalid
Hyderabad,PM2.5 - Principal,2017-02-16 09:00 AM,2017,02,16,09,-999.0,-999,N/A,-999.0,UG/M3,1 Hr,Missing
Hyderabad,PM2.5 - Principal,2017-02-16 10:00 AM,2017,02,16,10,-999.0,-999,N/A,94.0,UG/M3,1 Hr,Valid
Hyderabad,PM2.5 - Principal,2017-02-16 11:00 AM,2017,02,16,11,77.5,162,Unhealthy,66.0,UG/M3,1 Hr,Valid
Hyderabad,PM2.5 - Principal,2017-02-16 12:00 PM,2017,02,16,12,71.7,159,Unhealthy,65.0,UG/M3,1 Hr,Valid
Hyderabad,PM2.5 - Principal,2017-02-16 01:00 PM,2017,02,16,13,59.7,153,Unhealthy,50.0,UG/M3,1 Hr,Valid
Hyderabad,PM2.5 - Principal,2017-02-16 02:00 PM,2017,02,16,14,55.9,151,Unhealthy,52.0,UG/M3,1 Hr,Valid
Hyderabad,PM2.5 - Principal,2017-02-16 03:00 PM,2017,02,16,15,59.8,153,Unhealthy,64.0,UG/M3,1 Hr,Valid
Hyderabad,PM2.5 - Principal,2017-02-16 04:00 PM,2017,02,16,16,61.7,154,Unhealthy,64.0,UG/M3,1 Hr,Valid
Hyderabad,PM2.5 - Principal,2017-02-16 05:00 PM,2017,02,16,17,62.3,155,Unhealthy,63.0,UG/M3,1 Hr,Valid
Hyderabad,PM2.5 - Principal,2017-02-16 06:00 PM,2017,02,16,18,62.6,155,Unhealthy,63.0,UG/M3,1 Hr,Valid
Hyderabad,PM2.5 - Principal,2017-02-16 07:00 PM,2017,02,16,19,65.6,156,Unhealthy,69.0,UG/M3,1 Hr,Valid
Hyderabad,PM2.5 - Principal,2017-02-16 08:00 PM,2017,02,16,20,76.1,162,Unhealthy,88.0,UG/M3,1 Hr,Valid
Hyderabad,PM2.5 - Principal,2017-02-16 09:00 PM,2017,02,16,21,97.9,173,Unhealthy,119.0,UG/M3,1 Hr,Valid
Hyderabad,PM2.5 - Principal,2017-02-16 10:00 PM,2017,02,16,22,99.9,174,Unhealthy,102.0,UG/M3,1 Hr,Valid
Hyderabad,PM2.5 - Principal,2017-02-16 11:00 PM,2017,02,16,23,104.4,176,Unhealthy,109.0,UG/M3,1 Hr,Valid
Hyderabad,PM2.5 - Principal,2017-02-17 12:00 AM,2017,02,17,00,118.2,183,Unhealthy,132.0,UG/M3,1 Hr,Valid
Hyderabad,PM2.5 - Principal,2017-02-17 01:00 AM,2017,02,17,01,124.1,186,Unhealthy,130.0,UG/M3,1 Hr,Valid
Hyderabad,PM2.5 - Principal,2017-02-17 02:00 AM,2017,02,17,02,116.0,182,Unhealthy,108.0,UG/M3,1 Hr,Valid
Hyderabad,PM2.5 - Principal,2017-02-17 03:00 AM,2017,02,17,03,117.5,183,Unhealthy,119.0,UG/M3,1 Hr,Valid
Hyderabad,PM2.5 - Principal,2017-02-17 04:00 AM,2017,02,17,04,115.2,182,Unhealthy,113.0,UG/M3,1 Hr,Valid
Hyderabad,PM2.5 - Principal,2017-02-17 05:00 AM,2017,02,17,05,128.1,188,Unhealthy,141.0,UG/M3,1 Hr,Valid
Hyderabad,PM2.5 - Principal,2017-02-17 06:00 AM,2017,02,17,06,115.5,182,Unhealthy,103.0,UG/M3,1 Hr,Valid
Hyderabad,PM2.5 - Principal,2017-02-17 07:00 AM,2017,02,17,07,121.4,185,Unhealthy,129.0,UG/M3,1 Hr,Valid
Hyderabad,PM2.5 - Principal,2017-02-17 08:00 AM,2017,02,17,08,124.6,187,Unhealthy,134.0,UG/M3,1 Hr,Valid
Hyderabad,PM2.5 - Principal,2017-02-17 09:00 AM,2017,02,17,09,124.6,187,Unhealthy,-999.0,UG/M3,1 Hr,Missing
Hyderabad,PM2.5 - Principal,2017-02-17 10:00 AM,2017,02,17,10,92.5,170,Unhealthy,73.0,UG/M3,1 Hr,Valid
Hyderabad,PM2.5 - Principal,2017-02-17 11:00 AM,2017,02,17,11,-999.0,-999,N/A,-999.0,UG/M3,1 Hr,Missing
Hyderabad,PM2.5 - Principal,2017-02-17 12:00 PM,2017,02,17,12,61.2,154,Unhealthy,50.0,UG/M3,1 Hr,Valid
Hyderabad,PM2.5 - Principal,2017-02-17 01:00 PM,2017,02,17,13,51.0,139,Unhealthy for Sensitive Groups,44.0,UG/M3,1 Hr,Valid
Hyderabad,PM2.5 - Principal,2017-02-17 02:00 PM,2017,02,17,14,49.9,136,Unhealthy for Sensitive Groups,49.0,UG/M3,1 Hr,Valid
Hyderabad,PM2.5 - Principal,2017-02-17 03:00 PM,2017,02,17,15,48.9,134,Unhealthy for Sensitive Groups,48.0,UG/M3,1 Hr,Valid
Hyderabad,PM2.5 - Principal,2017-02-17 04:00 PM,2017,02,17,16,42.3,118,Unhealthy for Sensitive Groups,36.0,UG/M3,1 Hr,Valid
Hyderabad,PM2.5 - Principal,2017-02-17 05:00 PM,2017,02,17,17,45.1,125,Unhealthy for Sensitive Groups,48.0,UG/M3,1 Hr,Valid
Hyderabad,PM2.5 - Principal,2017-02-17 06:00 PM,2017,02,17,18,47.0,129,Unhealthy for Sensitive Groups,49.0,UG/M3,1 Hr,Valid
Hyderabad,PM2.5 - Principal,2017-02-17 07:00 PM,2017,02,17,19,55.0,149,Unhealthy for Sensitive Groups,63.0,UG/M3,1 Hr,Valid
Hyderabad,PM2.5 - Principal,2017-02-17 08:00 PM,2017,02,17,20,62.0,154,Unhealthy,69.0,UG/M3,1 Hr,Valid
Hyderabad,PM2.5 - Principal,2017-02-17 09:00 PM,2017,02,17,21,69.5,158,Unhealthy,77.0,UG/M3,1 Hr,Valid
Hyderabad,PM2.5 - Principal,2017-02-17 10:00 PM,2017,02,17,22,73.7,160,Unhealthy,78.0,UG/M3,1 Hr,Valid
Hyderabad,PM2.5 - Principal,2017-02-17 11:00 PM,2017,02,17,23,93.8,171,Unhealthy,114.0,UG/M3,1 Hr,Valid
Hyderabad,PM2.5 - Principal,2017-02-18 12:00 AM,2017,02,18,00,116.4,182,Unhealthy,139.0,UG/M3,1 Hr,Valid
Hyderabad,PM2.5 - Principal,2017-02-18 01:00 AM,2017,02,18,01,125.7,187,Unhealthy,135.0,UG/M3,1 Hr,Valid
Hyderabad,PM2.5 - Principal,2017-02-18 02:00 AM,2017,02,18,02,132.8,191,Unhealthy,140.0,UG/M3,1 Hr,Valid
Hyderabad,PM2.5 - Principal,2017-02-18 03:00 AM,2017,02,18,03,132.9,191,Unhealthy,-999.0,UG/M3,1 Hr,Missing
Hyderabad,PM2.5 - Principal,2017-02-18 04:00 AM,2017,02,18,04,152.3,203,Very Unhealthy,162.0,UG/M3,1 Hr,Valid
Hyderabad,PM2.5 - Principal,2017-02-18 05:00 AM,2017,02,18,05,136.7,193,Unhealthy,125.0,UG/M3,1 Hr,Valid
Hyderabad,PM2.5 - Principal,2017-02-18 06:00 AM,2017,02,18,06,148.0,199,Unhealthy,158.0,UG/M3,1 Hr,Valid
Hyderabad,PM2.5 - Principal,2017-02-18 07:00 AM,2017,02,18,07,164.5,215,Very Unhealthy,180.0,UG/M3,1 Hr,Valid
Hyderabad,PM2.5 - Principal,2017-02-18 08:00 AM,2017,02,18,08,182.5,233,Very Unhealthy,200.0,UG/M3,1 Hr,Valid
Hyderabad,PM2.5 - Principal,2017-02-18 09:00 AM,2017,02,18,09,150.0,200,Unhealthy,118.0,UG/M3,1 Hr,Valid
Hyderabad,PM2.5 - Principal,2017-02-18 10:00 AM,2017,02,18,10,93.2,170,Unhealthy,37.0,UG/M3,1 Hr,Valid
Hyderabad,PM2.5 - Principal,2017-02-18 11:00 AM,2017,02,18,11,69.5,158,Unhealthy,46.0,UG/M3,1 Hr,Valid
Hyderabad,PM2.5 - Principal,2017-02-18 12:00 PM,2017,02,18,12,53.7,146,Unhealthy for Sensitive Groups,38.0,UG/M3,1 Hr,Valid
Hyderabad,PM2.5 - Principal,2017-02-18 01:00 PM,2017,02,18,13,47.8,131,Unhealthy for Sensitive Groups,42.0,UG/M3,1 Hr,Valid
Hyderabad,PM2.5 - Principal,2017-02-18 02:00 PM,2017,02,18,14,44.9,124,Unhealthy for Sensitive Groups,42.0,UG/M3,1 Hr,Valid
Hyderabad,PM2.5 - Principal,2017-02-18 03:00 PM,2017,02,18,15,37.9,107,Unhealthy for Sensitive Groups,31.0,UG/M3,1 Hr,Valid
Hyderabad,PM2.5 - Principal,2017-02-18 04:00 PM,2017,02,18,16,41.9,117,Unhealthy for Sensitive Groups,46.0,UG/M3,1 Hr,Valid
Hyderabad,PM2.5 - Principal,2017-02-18 05:00 PM,2017,02,18,17,47.9,132,Unhealthy for Sensitive Groups,54.0,UG/M3,1 Hr,Valid
Hyderabad,PM2.5 - Principal,2017-02-18 06:00 PM,2017,02,18,18,50.4,138,Unhealthy for Sensitive Groups,53.0,UG/M3,1 Hr,Valid
Hyderabad,PM2.5 - Principal,2017-02-18 07:00 PM,2017,02,18,19,53.2,145,Unhealthy for Sensitive Groups,56.0,UG/M3,1 Hr,Valid
Hyderabad,PM2.5 - Principal,2017-02-18 08:00 PM,2017,02,18,20,59.0,153,Unhealthy,65.0,UG/M3,1 Hr,Valid
Hyderabad,PM2.5 - Principal,2017-02-18 09:00 PM,2017,02,18,21,92.0,170,Unhealthy,125.0,UG/M3,1 Hr,Valid
Hyderabad,PM2.5 - Principal,2017-02-18 10:00 PM,2017,02,18,22,96.5,172,Unhealthy,101.0,UG/M3,1 Hr,Valid
Hyderabad,PM2.5 - Principal,2017-02-18 11:00 PM,2017,02,18,23,97.7,173,Unhealthy,99.0,UG/M3,1 Hr,Valid
Hyderabad,PM2.5 - Principal,2017-02-19 12:00 AM,2017,02,19,00,118.3,183,Unhealthy,139.0,UG/M3,1 Hr,Valid
Hyderabad,PM2.5 - Principal,2017-02-19 01:00 AM,2017,02,19,01,153.7,204,Very Unhealthy,189.0,UG/M3,1 Hr,Valid
Hyderabad,PM2.5 - Principal,2017-02-19 02:00 AM,2017,02,19,02,193.8,244,Very Unhealthy,234.0,UG/M3,1 Hr,Valid
Hyderabad,PM2.5 - Principal,2017-02-19 03:00 AM,2017,02,19,03,181.4,232,Very Unhealthy,169.0,UG/M3,1 Hr,Valid
Hyderabad,PM2.5 - Principal,2017-02-19 04:00 AM,2017,02,19,04,180.7,231,Very Unhealthy,180.0,UG/M3,1 Hr,Valid
Hyderabad,PM2.5 - Principal,2017-02-19 05:00 AM,2017,02,19,05,176.3,227,Very Unhealthy,172.0,UG/M3,1 Hr,Valid
Hyderabad,PM2.5 - Principal,2017-02-19 06:00 AM,2017,02,19,06,174.7,225,Very Unhealthy,173.0,UG/M3,1 Hr,Valid
Hyderabad,PM2.5 - Principal,2017-02-19 07:00 AM,2017,02,19,07,185.3,235,Very Unhealthy,196.0,UG/M3,1 Hr,Valid
Hyderabad,PM2.5 - Principal,2017-02-19 08:00 AM,2017,02,19,08,216.7,267,Very Unhealthy,248.0,UG/M3,1 Hr,Valid
Hyderabad,PM2.5 - Principal,2017-02-19 09:00 AM,2017,02,19,09,233.3,283,Very Unhealthy,250.0,UG/M3,1 Hr,Valid
Hyderabad,PM2.5 - Principal,2017-02-19 10:00 AM,2017,02,19,10,173.1,223,Very Unhealthy,113.0,UG/M3,1 Hr,Valid
Hyderabad,PM2.5 - Principal,2017-02-19 11:00 AM,2017,02,19,11,106.0,177,Unhealthy,39.0,UG/M3,1 Hr,Valid
Hyderabad,PM2.5 - Principal,2017-02-19 12:00 PM,2017,02,19,12,72.5,160,Unhealthy,39.0,UG/M3,1 Hr,Valid
Hyderabad,PM2.5 - Principal,2017-02-19 01:00 PM,2017,02,19,13,53.2,145,Unhealthy for Sensitive Groups,34.0,UG/M3,1 Hr,Valid
Hyderabad,PM2.5 - Principal,2017-02-19 02:00 PM,2017,02,19,14,46.5,128,Unhealthy for Sensitive Groups,40.0,UG/M3,1 Hr,Valid
Hyderabad,PM2.5 - Principal,2017-02-19 03:00 PM,2017,02,19,15,35.2,100,Moderate,24.0,UG/M3,1 Hr,Valid
Hyderabad,PM2.5 - Principal,2017-02-19 04:00 PM,2017,02,19,16,30.6,90,Moderate,26.0,UG/M3,1 Hr,Valid
Hyderabad,PM2.5 - Principal,2017-02-19 05:00 PM,2017,02,19,17,31.2,91,Moderate,32.0,UG/M3,1 Hr,Valid
Hyderabad,PM2.5 - Principal,2017-02-19 06:00 PM,2017,02,19,18,34.1,97,Moderate,37.0,UG/M3,1 Hr,Valid
Hyderabad,PM2.5 - Principal,2017-02-19 07:00 PM,2017,02,19,19,43.0,119,Unhealthy for Sensitive Groups,52.0,UG/M3,1 Hr,Valid
Hyderabad,PM2.5 - Principal,2017-02-19 08:00 PM,2017,02,19,20,57.5,152,Unhealthy,72.0,UG/M3,1 Hr,Valid
Hyderabad,PM2.5 - Principal,2017-02-19 09:00 PM,2017,02,19,21,69.2,158,Unhealthy,81.0,UG/M3,1 Hr,Valid
Hyderabad,PM2.5 - Principal,2017-02-19 10:00 PM,2017,02,19,22,72.1,160,Unhealthy,75.0,UG/M3,1 Hr,Valid
Hyderabad,PM2.5 - Principal,2017-02-19 11:00 PM,2017,02,19,23,93.0,170,Unhealthy,114.0,UG/M3,1 Hr,Valid
Hyderabad,PM2.5 - Principal,2017-02-20 12:00 AM,2017,02,20,00,129.5,189,Unhealthy,166.0,UG/M3,1 Hr,Valid
Hyderabad,PM2.5 - Principal,2017-02-20 01:00 AM,2017,02,20,01,164.2,215,Very Unhealthy,199.0,UG/M3,1 Hr,Valid
Hyderabad,PM2.5 - Principal,2017-02-20 02:00 AM,2017,02,20,02,188.1,238,Very Unhealthy,212.0,UG/M3,1 Hr,Valid
Hyderabad,PM2.5 - Principal,2017-02-20 03:00 AM,2017,02,20,03,192.1,242,Very Unhealthy,196.0,UG/M3,1 Hr,Valid
Hyderabad,PM2.5 - Principal,2017-02-20 04:00 AM,2017,02,20,04,187.0,237,Very Unhealthy,182.0,UG/M3,1 Hr,Valid
Hyderabad,PM2.5 - Principal,2017-02-20 05:00 AM,2017,02,20,05,204.0,254,Very Unhealthy,221.0,UG/M3,1 Hr,Valid
Hyderabad,PM2.5 - Principal,2017-02-20 06:00 AM,2017,02,20,06,214.0,264,Very Unhealthy,224.0,UG/M3,1 Hr,Valid
Hyderabad,PM2.5 - Principal,2017-02-20 07:00 AM,2017,02,20,07,238.5,288,Very Unhealthy,263.0,UG/M3,1 Hr,Valid
Hyderabad,PM2.5 - Principal,2017-02-20 08:00 AM,2017,02,20,08,277.8,328,Hazardous,317.0,UG/M3,1 Hr,Valid
Hyderabad,PM2.5 - Principal,2017-02-20 09:00 AM,2017,02,20,09,269.9,320,Hazardous,262.0,UG/M3,1 Hr,Valid
Hyderabad,PM2.5 - Principal,2017-02-20 10:00 AM,2017,02,20,10,217.9,268,Very Unhealthy,166.0,UG/M3,1 Hr,Valid
Hyderabad,PM2.5 - Principal,2017-02-20 11:00 AM,2017,02,20,11,144.9,197,Unhealthy,72.0,UG/M3,1 Hr,Valid
Hyderabad,PM2.5 - Principal,2017-02-20 12:00 PM,2017,02,20,12,100.4,174,Unhealthy,56.0,UG/M3,1 Hr,Valid
Hyderabad,PM2.5 - Principal,2017-02-20 01:00 PM,2017,02,20,13,70.2,159,Unhealthy,40.0,UG/M3,1 Hr,Valid
Hyderabad,PM2.5 - Principal,2017-02-20 02:00 PM,2017,02,20,14,51.0,139,Unhealthy for Sensitive Groups,32.0,UG/M3,1 Hr,Valid
Hyderabad,PM2.5 - Principal,2017-02-20 03:00 PM,2017,02,20,15,36.5,103,Unhealthy for Sensitive Groups,22.0,UG/M3,1 Hr,Valid
Hyderabad,PM2.5 - Principal,2017-02-20 04:00 PM,2017,02,20,16,26.7,82,Moderate,17.0,UG/M3,1 Hr,Valid
Hyderabad,PM2.5 - Principal,2017-02-20 05:00 PM,2017,02,20,17,26.3,81,Moderate,26.0,UG/M3,1 Hr,Valid
Hyderabad,PM2.5 - Principal,2017-02-20 06:00 PM,2017,02,20,18,30.6,90,Moderate,35.0,UG/M3,1 Hr,Valid
Hyderabad,PM2.5 - Principal,2017-02-20 07:00 PM,2017,02,20,19,44.8,124,Unhealthy for Sensitive Groups,59.0,UG/M3,1 Hr,Valid
Hyderabad,PM2.5 - Principal,2017-02-20 08:00 PM,2017,02,20,20,64.3,156,Unhealthy,84.0,UG/M3,1 Hr,Valid
Hyderabad,PM2.5 - Principal,2017-02-20 09:00 PM,2017,02,20,21,96.6,172,Unhealthy,129.0,UG/M3,1 Hr,Valid
Hyderabad,PM2.5 - Principal,2017-02-20 10:00 PM,2017,02,20,22,107.8,178,Unhealthy,119.0,UG/M3,1 Hr,Valid
Hyderabad,PM2.5 - Principal,2017-02-20 11:00 PM,2017,02,20,23,123.4,186,Unhealthy,139.0,UG/M3,1 Hr,Valid
Hyderabad,PM2.5 - Principal,2017-02-21 12:00 AM,2017,02,21,00,117.2,183,Unhealthy,111.0,UG/M3,1 Hr,Valid
Hyderabad,PM2.5 - Principal,2017-02-21 01:00 AM,2017,02,21,01,113.1,181,Unhealthy,109.0,UG/M3,1 Hr,Valid
Hyderabad,PM2.5 - Principal,2017-02-21 02:00 AM,2017,02,21,02,119.5,184,Unhealthy,126.0,UG/M3,1 Hr,Valid
Hyderabad,PM2.5 - Principal,2017-02-21 03:00 AM,2017,02,21,03,123.7,186,Unhealthy,128.0,UG/M3,1 Hr,Valid
Hyderabad,PM2.5 - Principal,2017-02-21 04:00 AM,2017,02,21,04,111.9,180,Unhealthy,100.0,UG/M3,1 Hr,Valid
Hyderabad,PM2.5 - Principal,2017-02-21 05:00 AM,2017,02,21,05,116.9,183,Unhealthy,122.0,UG/M3,1 Hr,Valid
Hyderabad,PM2.5 - Principal,2017-02-21 06:00 AM,2017,02,21,06,127.4,188,Unhealthy,138.0,UG/M3,1 Hr,Valid
Hyderabad,PM2.5 - Principal,2017-02-21 07:00 AM,2017,02,21,07,115.7,182,Unhealthy,101.0,UG/M3,1 Hr,Valid
Hyderabad,PM2.5 - Principal,2017-02-21 08:00 AM,2017,02,21,08,117.3,183,Unhealthy,118.0,UG/M3,1 Hr,Valid
Hyderabad,PM2.5 - Principal,2017-02-21 09:00 AM,2017,02,21,09,110.9,180,Unhealthy,97.0,UG/M3,1 Hr,Valid
Hyderabad,PM2.5 - Principal,2017-02-21 10:00 AM,2017,02,21,10,106.6,177,Unhealthy,97.0,UG/M3,1 Hr,Valid
Hyderabad,PM2.5 - Principal,2017-02-21 11:00 AM,2017,02,21,11,86.1,167,Unhealthy,70.0,UG/M3,1 Hr,Valid
Hyderabad,PM2.5 - Principal,2017-02-21 12:00 PM,2017,02,21,12,57.9,152,Unhealthy,30.0,UG/M3,1 Hr,Valid
Hyderabad,PM2.5 - Principal,2017-02-21 01:00 PM,2017,02,21,13,46.9,129,Unhealthy for Sensitive Groups,36.0,UG/M3,1 Hr,Valid
Hyderabad,PM2.5 - Principal,2017-02-21 02:00 PM,2017,02,21,14,38.4,108,Unhealthy for Sensitive Groups,30.0,UG/M3,1 Hr,Valid
Hyderabad,PM2.5 - Principal,2017-02-21 03:00 PM,2017,02,21,15,36.7,104,Unhealthy for Sensitive Groups,35.0,UG/M3,1 Hr,Valid
Hyderabad,PM2.5 - Principal,2017-02-21 04:00 PM,2017,02,21,16,40.8,114,Unhealthy for Sensitive Groups,45.0,UG/M3,1 Hr,Valid
Hyderabad,PM2.5 - Principal,2017-02-21 05:00 PM,2017,02,21,17,39.4,111,Unhealthy for Sensitive Groups,38.0,UG/M3,1 Hr,Valid
Hyderabad,PM2.5 - Principal,2017-02-21 06:00 PM,2017,02,21,18,38.1,107,Unhealthy for Sensitive Groups,37.0,UG/M3,1 Hr,Valid
Hyderabad,PM2.5 - Principal,2017-02-21 07:00 PM,2017,02,21,19,49.0,134,Unhealthy for Sensitive Groups,60.0,UG/M3,1 Hr,Valid
Hyderabad,PM2.5 - Principal,2017-02-21 08:00 PM,2017,02,21,20,82.5,165,Unhealthy,116.0,UG/M3,1 Hr,Valid
Hyderabad,PM2.5 - Principal,2017-02-21 09:00 PM,2017,02,21,21,89.2,168,Unhealthy,96.0,UG/M3,1 Hr,Valid
Hyderabad,PM2.5 - Principal,2017-02-21 10:00 PM,2017,02,21,22,80.1,164,Unhealthy,71.0,UG/M3,1 Hr,Valid
Hyderabad,PM2.5 - Principal,2017-02-21 11:00 PM,2017,02,21,23,84.0,166,Unhealthy,88.0,UG/M3,1 Hr,Valid
Hyderabad,PM2.5 - Principal,2017-02-22 12:00 AM,2017,02,22,00,84.0,166,Unhealthy,84.0,UG/M3,1 Hr,Valid
Hyderabad,PM2.5 - Principal,2017-02-22 01:00 AM,2017,02,22,01,81.0,164,Unhealthy,78.0,UG/M3,1 Hr,Valid
Hyderabad,PM2.5 - Principal,2017-02-22 02:00 AM,2017,02,22,02,84.0,166,Unhealthy,87.0,UG/M3,1 Hr,Valid
Hyderabad,PM2.5 - Principal,2017-02-22 03:00 AM,2017,02,22,03,84.0,166,Unhealthy,-999.0,UG/M3,1 Hr,Missing
Hyderabad,PM2.5 - Principal,2017-02-22 04:00 AM,2017,02,22,04,-999.0,-999,N/A,-999.0,UG/M3,1 Hr,Missing
Hyderabad,PM2.5 - Principal,2017-02-22 05:00 AM,2017,02,22,05,-999.0,-999,N/A,-999.0,UG/M3,1 Hr,Missing
Hyderabad,PM2.5 - Principal,2017-02-22 06:00 AM,2017,02,22,06,-999.0,-999,N/A,-999.0,UG/M3,1 Hr,Missing
Hyderabad,PM2.5 - Principal,2017-02-22 07:00 AM,2017,02,22,07,-999.0,-999,N/A,116.0,UG/M3,1 Hr,Valid
Hyderabad,PM2.5 - Principal,2017-02-22 08:00 AM,2017,02,22,08,120.0,184,Unhealthy,125.0,UG/M3,1 Hr,Valid
Hyderabad,PM2.5 - Principal,2017-02-22 09:00 AM,2017,02,22,09,135.8,192,Unhealthy,147.0,UG/M3,1 Hr,Valid
Hyderabad,PM2.5 - Principal,2017-02-22 10:00 AM,2017,02,22,10,119.3,184,Unhealthy,104.0,UG/M3,1 Hr,Valid
Hyderabad,PM2.5 - Principal,2017-02-22 11:00 AM,2017,02,22,11,95.9,172,Unhealthy,74.0,UG/M3,1 Hr,Valid
Hyderabad,PM2.5 - Principal,2017-02-22 12:00 PM,2017,02,22,12,79.1,163,Unhealthy,63.0,UG/M3,1 Hr,Valid
Hyderabad,PM2.5 - Principal,2017-02-22 01:00 PM,2017,02,22,13,73.0,160,Unhealthy,67.0,UG/M3,1 Hr,Valid
Hyderabad,PM2.5 - Principal,2017-02-22 02:00 PM,2017,02,22,14,61.4,154,Unhealthy,50.0,UG/M3,1 Hr,Valid
Hyderabad,PM2.5 - Principal,2017-02-22 03:00 PM,2017,02,22,15,52.2,142,Unhealthy for Sensitive Groups,43.0,UG/M3,1 Hr,Valid
Hyderabad,PM2.5 - Principal,2017-02-22 04:00 PM,2017,02,22,16,47.1,130,Unhealthy for Sensitive Groups,42.0,UG/M3,1 Hr,Valid
Hyderabad,PM2.5 - Principal,2017-02-22 05:00 PM,2017,02,22,17,41.0,115,Unhealthy for Sensitive Groups,35.0,UG/M3,1 Hr,Valid
Hyderabad,PM2.5 - Principal,2017-02-22 06:00 PM,2017,02,22,18,39.0,110,Unhealthy for Sensitive Groups,37.0,UG/M3,1 Hr,Valid
Hyderabad,PM2.5 - Principal,2017-02-22 07:00 PM,2017,02,22,19,43.5,121,Unhealthy for Sensitive Groups,48.0,UG/M3,1 Hr,Valid
Hyderabad,PM2.5 - Principal,2017-02-22 08:00 PM,2017,02,22,20,69.7,158,Unhealthy,96.0,UG/M3,1 Hr,Valid
Hyderabad,PM2.5 - Principal,2017-02-22 09:00 PM,2017,02,22,21,77.3,162,Unhealthy,85.0,UG/M3,1 Hr,Valid
Hyderabad,PM2.5 - Principal,2017-02-22 10:00 PM,2017,02,22,22,96.1,172,Unhealthy,115.0,UG/M3,1 Hr,Valid
Hyderabad,PM2.5 - Principal,2017-02-22 11:00 PM,2017,02,22,23,96.1,172,Unhealthy,-999.0,UG/M3,1 Hr,Missing
Hyderabad,PM2.5 - Principal,2017-02-23 12:00 AM,2017,02,23,00,96.1,172,Unhealthy,-999.0,UG/M3,1 Hr,Missing
Hyderabad,PM2.5 - Principal,2017-02-23 01:00 AM,2017,02,23,01,96.1,172,Unhealthy,-999.0,UG/M3,1 Hr,Missing
Hyderabad,PM2.5 - Principal,2017-02-23 02:00 AM,2017,02,23,02,96.1,172,Unhealthy,-999.0,UG/M3,1 Hr,Missing
Hyderabad,PM2.5 - Principal,2017-02-23 03:00 AM,2017,02,23,03,-999.0,-999,N/A,-999.0,UG/M3,1 Hr,Missing
Hyderabad,PM2.5 - Principal,2017-02-23 04:00 AM,2017,02,23,04,-999.0,-999,N/A,-999.0,UG/M3,1 Hr,Missing
Hyderabad,PM2.5 - Principal,2017-02-23 05:00 AM,2017,02,23,05,-999.0,-999,N/A,-999.0,UG/M3,1 Hr,Missing
Hyderabad,PM2.5 - Principal,2017-02-23 06:00 AM,2017,02,23,06,-999.0,-999,N/A,-999.0,UG/M3,1 Hr,Missing
Hyderabad,PM2.5 - Principal,2017-02-23 07:00 AM,2017,02,23,07,-999.0,-999,N/A,-999.0,UG/M3,1 Hr,Missing
Hyderabad,PM2.5 - Principal,2017-02-23 08:00 AM,2017,02,23,08,-999.0,-999,N/A,-999.0,UG/M3,1 Hr,Missing
Hyderabad,PM2.5 - Principal,2017-02-23 09:00 AM,2017,02,23,09,-999.0,-999,N/A,-999.0,UG/M3,1 Hr,Missing
Hyderabad,PM2.5 - Principal,2017-02-23 10:00 AM,2017,02,23,10,-999.0,-999,N/A,-999.0,UG/M3,1 Hr,Missing
Hyderabad,PM2.5 - Principal,2017-02-23 11:00 AM,2017,02,23,11,-999.0,-999,N/A,117.0,UG/M3,1 Hr,Valid
Hyderabad,PM2.5 - Principal,2017-02-23 12:00 PM,2017,02,23,12,106.6,177,Unhealthy,98.0,UG/M3,1 Hr,Valid
Hyderabad,PM2.5 - Principal,2017-02-23 01:00 PM,2017,02,23,13,81.0,164,Unhealthy,62.0,UG/M3,1 Hr,Valid
Hyderabad,PM2.5 - Principal,2017-02-23 02:00 PM,2017,02,23,14,68.3,158,Unhealthy,58.0,UG/M3,1 Hr,Valid
Hyderabad,PM2.5 - Principal,2017-02-23 03:00 PM,2017,02,23,15,54.2,147,Unhealthy for Sensitive Groups,41.0,UG/M3,1 Hr,Valid
Hyderabad,PM2.5 - Principal,2017-02-23 04:00 PM,2017,02,23,16,54.2,147,Unhealthy for Sensitive Groups,-999.0,UG/M3,1 Hr,Missing
Hyderabad,PM2.5 - Principal,2017-02-23 05:00 PM,2017,02,23,17,54.2,147,Unhealthy for Sensitive Groups,-999.0,UG/M3,1 Hr,Missing
Hyderabad,PM2.5 - Principal,2017-02-23 06:00 PM,2017,02,23,18,54.2,147,Unhealthy for Sensitive Groups,-999.0,UG/M3,1 Hr,Missing
Hyderabad,PM2.5 - Principal,2017-02-23 07:00 PM,2017,02,23,19,54.2,147,Unhealthy for Sensitive Groups,-999.0,UG/M3,1 Hr,Missing
Hyderabad,PM2.5 - Principal,2017-02-23 08:00 PM,2017,02,23,20,-999.0,-999,N/A,-999.0,UG/M3,1 Hr,Missing
Hyderabad,PM2.5 - Principal,2017-02-23 09:00 PM,2017,02,23,21,-999.0,-999,N/A,-999.0,UG/M3,1 Hr,Missing
Hyderabad,PM2.5 - Principal,2017-02-23 10:00 PM,2017,02,23,22,-999.0,-999,N/A,-999.0,UG/M3,1 Hr,Missing
Hyderabad,PM2.5 - Principal,2017-02-23 11:00 PM,2017,02,23,23,-999.0,-999,N/A,-999.0,UG/M3,1 Hr,Missing
Hyderabad,PM2.5 - Principal,2017-02-24 12:00 AM,2017,02,24,00,-999.0,-999,N/A,-999.0,UG/M3,1 Hr,Missing
Hyderabad,PM2.5 - Principal,2017-02-24 01:00 AM,2017,02,24,01,-999.0,-999,N/A,-999.0,UG/M3,1 Hr,Missing
Hyderabad,PM2.5 - Principal,2017-02-24 02:00 AM,2017,02,24,02,-999.0,-999,N/A,-999.0,UG/M3,1 Hr,Missing
Hyderabad,PM2.5 - Principal,2017-02-24 03:00 AM,2017,02,24,03,-999.0,-999,N/A,-999.0,UG/M3,1 Hr,Missing
Hyderabad,PM2.5 - Principal,2017-02-24 04:00 AM,2017,02,24,04,-999.0,-999,N/A,-999.0,UG/M3,1 Hr,Missing
Hyderabad,PM2.5 - Principal,2017-02-24 05:00 AM,2017,02,24,05,-999.0,-999,N/A,80.0,UG/M3,1 Hr,Valid
Hyderabad,PM2.5 - Principal,2017-02-24 06:00 AM,2017,02,24,06,80.5,164,Unhealthy,81.0,UG/M3,1 Hr,Valid
Hyderabad,PM2.5 - Principal,2017-02-24 07:00 AM,2017,02,24,07,95.2,171,Unhealthy,113.0,UG/M3,1 Hr,Valid
Hyderabad,PM2.5 - Principal,2017-02-24 08:00 AM,2017,02,24,08,108.7,178,Unhealthy,125.0,UG/M3,1 Hr,Valid
Hyderabad,PM2.5 - Principal,2017-02-24 09:00 AM,2017,02,24,09,117.0,183,Unhealthy,128.0,UG/M3,1 Hr,Valid
Hyderabad,PM2.5 - Principal,2017-02-24 10:00 AM,2017,02,24,10,103.8,176,Unhealthy,84.0,UG/M3,1 Hr,Valid
Hyderabad,PM2.5 - Principal,2017-02-24 11:00 AM,2017,02,24,11,84.5,166,Unhealthy,66.0,UG/M3,1 Hr,Valid
Hyderabad,PM2.5 - Principal,2017-02-24 12:00 PM,2017,02,24,12,72.4,160,Unhealthy,61.0,UG/M3,1 Hr,Valid
Hyderabad,PM2.5 - Principal,2017-02-24 01:00 PM,2017,02,24,13,57.6,152,Unhealthy,43.0,UG/M3,1 Hr,Valid
Hyderabad,PM2.5 - Principal,2017-02-24 02:00 PM,2017,02,24,14,42.3,118,Unhealthy for Sensitive Groups,27.0,UG/M3,1 Hr,Valid
Hyderabad,PM2.5 - Principal,2017-02-24 03:00 PM,2017,02,24,15,34.6,98,Moderate,27.0,UG/M3,1 Hr,Valid
Hyderabad,PM2.5 - Principal,2017-02-24 04:00 PM,2017,02,24,16,32.8,95,Moderate,31.0,UG/M3,1 Hr,Valid
Hyderabad,PM2.5 - Principal,2017-02-24 05:00 PM,2017,02,24,17,31.4,92,Moderate,30.0,UG/M3,1 Hr,Valid
Hyderabad,PM2.5 - Principal,2017-02-24 06:00 PM,2017,02,24,18,37.6,106,Unhealthy for Sensitive Groups,44.0,UG/M3,1 Hr,Valid
Hyderabad,PM2.5 - Principal,2017-02-24 07:00 PM,2017,02,24,19,46.3,128,Unhealthy for Sensitive Groups,55.0,UG/M3,1 Hr,Valid
Hyderabad,PM2.5 - Principal,2017-02-24 08:00 PM,2017,02,24,20,64.1,155,Unhealthy,82.0,UG/M3,1 Hr,Valid
Hyderabad,PM2.5 - Principal,2017-02-24 09:00 PM,2017,02,24,21,73.0,160,Unhealthy,82.0,UG/M3,1 Hr,Valid
Hyderabad,PM2.5 - Principal,2017-02-24 10:00 PM,2017,02,24,22,90.0,169,Unhealthy,107.0,UG/M3,1 Hr,Valid
Hyderabad,PM2.5 - Principal,2017-02-24 11:00 PM,2017,02,24,23,94.0,171,Unhealthy,98.0,UG/M3,1 Hr,Valid
Hyderabad,PM2.5 - Principal,2017-02-25 12:00 AM,2017,02,25,00,103.0,176,Unhealthy,112.0,UG/M3,1 Hr,Valid
Hyderabad,PM2.5 - Principal,2017-02-25 01:00 AM,2017,02,25,01,100.0,174,Unhealthy,97.0,UG/M3,1 Hr,Valid
Hyderabad,PM2.5 - Principal,2017-02-25 02:00 AM,2017,02,25,02,93.5,171,Unhealthy,87.0,UG/M3,1 Hr,Valid
Hyderabad,PM2.5 - Principal,2017-02-25 03:00 AM,2017,02,25,03,76.2,162,Unhealthy,59.0,UG/M3,1 Hr,Valid
Hyderabad,PM2.5 - Principal,2017-02-25 04:00 AM,2017,02,25,04,68.1,158,Unhealthy,60.0,UG/M3,1 Hr,Valid
Hyderabad,PM2.5 - Principal,2017-02-25 05:00 AM,2017,02,25,05,68.5,158,Unhealthy,69.0,UG/M3,1 Hr,Valid
Hyderabad,PM2.5 - Principal,2017-02-25 06:00 AM,2017,02,25,06,69.2,158,Unhealthy,70.0,UG/M3,1 Hr,Valid
Hyderabad,PM2.5 - Principal,2017-02-25 07:00 AM,2017,02,25,07,76.8,162,Unhealthy,85.0,UG/M3,1 Hr,Valid
Hyderabad,PM2.5 - Principal,2017-02-25 08:00 AM,2017,02,25,08,83.5,165,Unhealthy,91.0,UG/M3,1 Hr,Valid
Hyderabad,PM2.5 - Principal,2017-02-25 09:00 AM,2017,02,25,09,85.6,167,Unhealthy,88.0,UG/M3,1 Hr,Valid
Hyderabad,PM2.5 - Principal,2017-02-25 10:00 AM,2017,02,25,10,86.7,167,Unhealthy,88.0,UG/M3,1 Hr,Valid
Hyderabad,PM2.5 - Principal,2017-02-25 11:00 AM,2017,02,25,11,86.7,167,Unhealthy,-999.0,UG/M3,1 Hr,Missing
Hyderabad,PM2.5 - Principal,2017-02-25 12:00 PM,2017,02,25,12,-999.0,-999,N/A,-999.0,UG/M3,1 Hr,Missing
Hyderabad,PM2.5 - Principal,2017-02-25 01:00 PM,2017,02,25,13,-999.0,-999,N/A,-999.0,UG/M3,1 Hr,Missing
Hyderabad,PM2.5 - Principal,2017-02-25 02:00 PM,2017,02,25,14,-999.0,-999,N/A,-999.0,UG/M3,1 Hr,Missing
Hyderabad,PM2.5 - Principal,2017-02-25 03:00 PM,2017,02,25,15,-999.0,-999,N/A,-999.0,UG/M3,1 Hr,Missing
Hyderabad,PM2.5 - Principal,2017-02-25 04:00 PM,2017,02,25,16,-999.0,-999,N/A,46.0,UG/M3,1 Hr,Valid
Hyderabad,PM2.5 - Principal,2017-02-25 05:00 PM,2017,02,25,17,47.7,131,Unhealthy for Sensitive Groups,48.0,UG/M3,1 Hr,Valid
Hyderabad,PM2.5 - Principal,2017-02-25 06:00 PM,2017,02,25,18,46.1,127,Unhealthy for Sensitive Groups,45.0,UG/M3,1 Hr,Valid
Hyderabad,PM2.5 - Principal,2017-02-25 07:00 PM,2017,02,25,19,57.7,152,Unhealthy,68.0,UG/M3,1 Hr,Valid
Hyderabad,PM2.5 - Principal,2017-02-25 08:00 PM,2017,02,25,20,69.4,158,Unhealthy,81.0,UG/M3,1 Hr,Valid
Hyderabad,PM2.5 - Principal,2017-02-25 09:00 PM,2017,02,25,21,92.7,170,Unhealthy,115.0,UG/M3,1 Hr,Valid
Hyderabad,PM2.5 - Principal,2017-02-25 10:00 PM,2017,02,25,22,92.7,170,Unhealthy,-999.0,UG/M3,1 Hr,Missing
Hyderabad,PM2.5 - Principal,2017-02-25 11:00 PM,2017,02,25,23,76.1,162,Unhealthy,68.0,UG/M3,1 Hr,Valid
Hyderabad,PM2.5 - Principal,2017-02-26 12:00 AM,2017,02,26,00,67.4,157,Unhealthy,61.0,UG/M3,1 Hr,Valid
Hyderabad,PM2.5 - Principal,2017-02-26 01:00 AM,2017,02,26,01,63.4,155,Unhealthy,60.0,UG/M3,1 Hr,Valid
Hyderabad,PM2.5 - Principal,2017-02-26 02:00 AM,2017,02,26,02,84.9,166,Unhealthy,105.0,UG/M3,1 Hr,Valid
Hyderabad,PM2.5 - Principal,2017-02-26 03:00 AM,2017,02,26,03,105.2,177,Unhealthy,125.0,UG/M3,1 Hr,Valid
Hyderabad,PM2.5 - Principal,2017-02-26 04:00 AM,2017,02,26,04,115.7,182,Unhealthy,126.0,UG/M3,1 Hr,Valid
Hyderabad,PM2.5 - Principal,2017-02-26 05:00 AM,2017,02,26,05,102.8,175,Unhealthy,90.0,UG/M3,1 Hr,Valid
Hyderabad,PM2.5 - Principal,2017-02-26 06:00 AM,2017,02,26,06,98.4,173,Unhealthy,94.0,UG/M3,1 Hr,Valid
Hyderabad,PM2.5 - Principal,2017-02-26 07:00 AM,2017,02,26,07,91.6,170,Unhealthy,85.0,UG/M3,1 Hr,Valid
Hyderabad,PM2.5 - Principal,2017-02-26 08:00 AM,2017,02,26,08,89.3,168,Unhealthy,87.0,UG/M3,1 Hr,Valid
Hyderabad,PM2.5 - Principal,2017-02-26 09:00 AM,2017,02,26,09,94.1,171,Unhealthy,99.0,UG/M3,1 Hr,Valid
Hyderabad,PM2.5 - Principal,2017-02-26 10:00 AM,2017,02,26,10,65.5,156,Unhealthy,37.0,UG/M3,1 Hr,Valid
Hyderabad,PM2.5 - Principal,2017-02-26 11:00 AM,2017,02,26,11,45.7,126,Unhealthy for Sensitive Groups,26.0,UG/M3,1 Hr,Valid
Hyderabad,PM2.5 - Principal,2017-02-26 12:00 PM,2017,02,26,12,43.8,121,Unhealthy for Sensitive Groups,42.0,UG/M3,1 Hr,Valid
Hyderabad,PM2.5 - Principal,2017-02-26 01:00 PM,2017,02,26,13,40.9,114,Unhealthy for Sensitive Groups,38.0,UG/M3,1 Hr,Valid
Hyderabad,PM2.5 - Principal,2017-02-26 02:00 PM,2017,02,26,14,40.9,114,Unhealthy for Sensitive Groups,-999.0,UG/M3,1 Hr,Missing
Hyderabad,PM2.5 - Principal,2017-02-26 03:00 PM,2017,02,26,15,31.6,92,Moderate,27.0,UG/M3,1 Hr,Valid
Hyderabad,PM2.5 - Principal,2017-02-26 04:00 PM,2017,02,26,16,30.6,90,Moderate,30.0,UG/M3,1 Hr,Valid
Hyderabad,PM2.5 - Principal,2017-02-26 05:00 PM,2017,02,26,17,29.2,87,Moderate,28.0,UG/M3,1 Hr,Valid
Hyderabad,PM2.5 - Principal,2017-02-26 06:00 PM,2017,02,26,18,30.1,89,Moderate,31.0,UG/M3,1 Hr,Valid
Hyderabad,PM2.5 - Principal,2017-02-26 07:00 PM,2017,02,26,19,35.6,101,Unhealthy for Sensitive Groups,41.0,UG/M3,1 Hr,Valid
Hyderabad,PM2.5 - Principal,2017-02-26 08:00 PM,2017,02,26,20,39.3,110,Unhealthy for Sensitive Groups,43.0,UG/M3,1 Hr,Valid
Hyderabad,PM2.5 - Principal,2017-02-26 09:00 PM,2017,02,26,21,38.0,107,Unhealthy for Sensitive Groups,-999.0,UG/M3,1 Hr,Missing
Hyderabad,PM2.5 - Principal,2017-02-26 10:00 PM,2017,02,26,22,46.9,129,Unhealthy for Sensitive Groups,51.0,UG/M3,1 Hr,Valid
Hyderabad,PM2.5 - Principal,2017-02-26 11:00 PM,2017,02,26,23,66.5,157,Unhealthy,81.0,UG/M3,1 Hr,Valid
Hyderabad,PM2.5 - Principal,2017-02-27 12:00 AM,2017,02,27,00,87.5,168,Unhealthy,106.0,UG/M3,1 Hr,Valid
Hyderabad,PM2.5 - Principal,2017-02-27 01:00 AM,2017,02,27,01,98.6,173,Unhealthy,109.0,UG/M3,1 Hr,Valid
Hyderabad,PM2.5 - Principal,2017-02-27 02:00 AM,2017,02,27,02,116.6,183,Unhealthy,134.0,UG/M3,1 Hr,Valid
Hyderabad,PM2.5 - Principal,2017-02-27 03:00 AM,2017,02,27,03,131.4,190,Unhealthy,146.0,UG/M3,1 Hr,Valid
Hyderabad,PM2.5 - Principal,2017-02-27 04:00 AM,2017,02,27,04,175.4,226,Very Unhealthy,219.0,UG/M3,1 Hr,Valid
Hyderabad,PM2.5 - Principal,2017-02-27 05:00 AM,2017,02,27,05,189.7,240,Very Unhealthy,204.0,UG/M3,1 Hr,Valid
Hyderabad,PM2.5 - Principal,2017-02-27 06:00 AM,2017,02,27,06,195.4,245,Very Unhealthy,201.0,UG/M3,1 Hr,Valid
Hyderabad,PM2.5 - Principal,2017-02-27 07:00 AM,2017,02,27,07,176.2,226,Very Unhealthy,157.0,UG/M3,1 Hr,Valid
Hyderabad,PM2.5 - Principal,2017-02-27 08:00 AM,2017,02,27,08,171.6,222,Very Unhealthy,167.0,UG/M3,1 Hr,Valid
Hyderabad,PM2.5 - Principal,2017-02-27 09:00 AM,2017,02,27,09,176.3,227,Very Unhealthy,181.0,UG/M3,1 Hr,Valid
Hyderabad,PM2.5 - Principal,2017-02-27 10:00 AM,2017,02,27,10,137.1,193,Unhealthy,98.0,UG/M3,1 Hr,Valid
Hyderabad,PM2.5 - Principal,2017-02-27 11:00 AM,2017,02,27,11,106.5,177,Unhealthy,76.0,UG/M3,1 Hr,Valid
Hyderabad,PM2.5 - Principal,2017-02-27 12:00 PM,2017,02,27,12,83.7,166,Unhealthy,61.0,UG/M3,1 Hr,Valid
Hyderabad,PM2.5 - Principal,2017-02-27 01:00 PM,2017,02,27,13,70.3,159,Unhealthy,57.0,UG/M3,1 Hr,Valid
Hyderabad,PM2.5 - Principal,2017-02-27 02:00 PM,2017,02,27,14,61.6,154,Unhealthy,53.0,UG/M3,1 Hr,Valid
Hyderabad,PM2.5 - Principal,2017-02-27 03:00 PM,2017,02,27,15,53.3,145,Unhealthy for Sensitive Groups,45.0,UG/M3,1 Hr,Valid
Hyderabad,PM2.5 - Principal,2017-02-27 04:00 PM,2017,02,27,16,53.2,145,Unhealthy for Sensitive Groups,-999.0,UG/M3,1 Hr,Missing
Hyderabad,PM2.5 - Principal,2017-02-27 05:00 PM,2017,02,27,17,53.2,145,Unhealthy for Sensitive Groups,-999.0,UG/M3,1 Hr,Missing
Hyderabad,PM2.5 - Principal,2017-02-27 06:00 PM,2017,02,27,18,53.2,145,Unhealthy for Sensitive Groups,-999.0,UG/M3,1 Hr,Missing
Hyderabad,PM2.5 - Principal,2017-02-27 07:00 PM,2017,02,27,19,53.2,145,Unhealthy for Sensitive Groups,-999.0,UG/M3,1 Hr,Missing
Hyderabad,PM2.5 - Principal,2017-02-27 08:00 PM,2017,02,27,20,-999.0,-999,N/A,-999.0,UG/M3,1 Hr,Missing
Hyderabad,PM2.5 - Principal,2017-02-27 09:00 PM,2017,02,27,21,-999.0,-999,N/A,-999.0,UG/M3,1 Hr,Missing
Hyderabad,PM2.5 - Principal,2017-02-27 10:00 PM,2017,02,27,22,-999.0,-999,N/A,-999.0,UG/M3,1 Hr,Missing
Hyderabad,PM2.5 - Principal,2017-02-27 11:00 PM,2017,02,27,23,-999.0,-999,N/A,-999.0,UG/M3,1 Hr,Missing
Hyderabad,PM2.5 - Principal,2017-02-28 12:00 AM,2017,02,28,00,-999.0,-999,N/A,-999.0,UG/M3,1 Hr,Missing
Hyderabad,PM2.5 - Principal,2017-02-28 01:00 AM,2017,02,28,01,-999.0,-999,N/A,-999.0,UG/M3,1 Hr,Missing
Hyderabad,PM2.5 - Principal,2017-02-28 02:00 AM,2017,02,28,02,-999.0,-999,N/A,-999.0,UG/M3,1 Hr,Missing
Hyderabad,PM2.5 - Principal,2017-02-28 03:00 AM,2017,02,28,03,-999.0,-999,N/A,-999.0,UG/M3,1 Hr,Missing
Hyderabad,PM2.5 - Principal,2017-02-28 04:00 AM,2017,02,28,04,-999.0,-999,N/A,-999.0,UG/M3,1 Hr,Missing
Hyderabad,PM2.5 - Principal,2017-02-28 05:00 AM,2017,02,28,05,-999.0,-999,N/A,-999.0,UG/M3,1 Hr,Missing
Hyderabad,PM2.5 - Principal,2017-02-28 06:00 AM,2017,02,28,06,-999.0,-999,N/A,-999.0,UG/M3,1 Hr,Missing
Hyderabad,PM2.5 - Principal,2017-02-28 07:00 AM,2017,02,28,07,-999.0,-999,N/A,-999.0,UG/M3,1 Hr,Missing
Hyderabad,PM2.5 - Principal,2017-02-28 08:00 AM,2017,02,28,08,-999.0,-999,N/A,-999.0,UG/M3,1 Hr,Missing
Hyderabad,PM2.5 - Principal,2017-02-28 09:00 AM,2017,02,28,09,-999.0,-999,N/A,-999.0,UG/M3,1 Hr,Missing
Hyderabad,PM2.5 - Principal,2017-02-28 10:00 AM,2017,02,28,10,-999.0,-999,N/A,-999.0,UG/M3,1 Hr,Missing
Hyderabad,PM2.5 - Principal,2017-02-28 11:00 AM,2017,02,28,11,-999.0,-999,N/A,69.0,UG/M3,1 Hr,Valid
Hyderabad,PM2.5 - Principal,2017-02-28 12:00 PM,2017,02,28,12,55.2,150,Unhealthy for Sensitive Groups,46.0,UG/M3,1 Hr,Valid
Hyderabad,PM2.5 - Principal,2017-02-28 01:00 PM,2017,02,28,13,50.8,139,Unhealthy for Sensitive Groups,46.0,UG/M3,1 Hr,Valid
Hyderabad,PM2.5 - Principal,2017-02-28 02:00 PM,2017,02,28,14,43.9,122,Unhealthy for Sensitive Groups,38.0,UG/M3,1 Hr,Valid
Hyderabad,PM2.5 - Principal,2017-02-28 03:00 PM,2017,02,28,15,43.0,119,Unhealthy for Sensitive Groups,42.0,UG/M3,1 Hr,Valid
Hyderabad,PM2.5 - Principal,2017-02-28 04:00 PM,2017,02,28,16,42.5,118,Unhealthy for Sensitive Groups,42.0,UG/M3,1 Hr,Valid
Hyderabad,PM2.5 - Principal,2017-02-28 05:00 PM,2017,02,28,17,38.6,109,Unhealthy for Sensitive Groups,35.0,UG/M3,1 Hr,Valid
Hyderabad,PM2.5 - Principal,2017-02-28 06:00 PM,2017,02,28,18,38.3,108,Unhealthy for Sensitive Groups,38.0,UG/M3,1 Hr,Valid
Hyderabad,PM2.5 - Principal,2017-02-28 07:00 PM,2017,02,28,19,47.0,129,Unhealthy for Sensitive Groups,56.0,UG/M3,1 Hr,Valid
Hyderabad,PM2.5 - Principal,2017-02-28 08:00 PM,2017,02,28,20,48.5,133,Unhealthy for Sensitive Groups,50.0,UG/M3,1 Hr,Valid
Hyderabad,PM2.5 - Principal,2017-02-28 09:00 PM,2017,02,28,21,56.6,152,Unhealthy,65.0,UG/M3,1 Hr,Valid
Hyderabad,PM2.5 - Principal,2017-02-28 10:00 PM,2017,02,28,22,64.9,156,Unhealthy,73.0,UG/M3,1 Hr,Valid
Hyderabad,PM2.5 - Principal,2017-02-28 11:00 PM,2017,02,28,23,77.9,163,Unhealthy,91.0,UG/M3,1 Hr,Valid
Hyderabad,PM2.5 - Principal,2017-03-01 12:00 AM,2017,03,01,00,90.9,169,Unhealthy,104.0,UG/M3,1 Hr,Valid
Hyderabad,PM2.5 - Principal,2017-03-01 01:00 AM,2017,03,01,01,90.4,169,Unhealthy,90.0,UG/M3,1 Hr,Valid
Hyderabad,PM2.5 - Principal,2017-03-01 02:00 AM,2017,03,01,02,118.2,183,Unhealthy,146.0,UG/M3,1 Hr,Valid
Hyderabad,PM2.5 - Principal,2017-03-01 03:00 AM,2017,03,01,03,127.1,188,Unhealthy,136.0,UG/M3,1 Hr,Valid
Hyderabad,PM2.5 - Principal,2017-03-01 04:00 AM,2017,03,01,04,123.0,186,Unhealthy,119.0,UG/M3,1 Hr,Valid
Hyderabad,PM2.5 - Principal,2017-03-01 05:00 AM,2017,03,01,05,121.0,185,Unhealthy,119.0,UG/M3,1 Hr,Valid
Hyderabad,PM2.5 - Principal,2017-03-01 06:00 AM,2017,03,01,06,121.5,185,Unhealthy,122.0,UG/M3,1 Hr,Valid
Hyderabad,PM2.5 - Principal,2017-03-01 07:00 AM,2017,03,01,07,104.7,176,Unhealthy,88.0,UG/M3,1 Hr,Valid
Hyderabad,PM2.5 - Principal,2017-03-01 08:00 AM,2017,03,01,08,108.8,179,Unhealthy,113.0,UG/M3,1 Hr,Valid
Hyderabad,PM2.5 - Principal,2017-03-01 09:00 AM,2017,03,01,09,100.9,174,Unhealthy,93.0,UG/M3,1 Hr,Valid
Hyderabad,PM2.5 - Principal,2017-03-01 10:00 AM,2017,03,01,10,89.2,168,Unhealthy,76.0,UG/M3,1 Hr,Valid
Hyderabad,PM2.5 - Principal,2017-03-01 11:00 AM,2017,03,01,11,83.8,166,Unhealthy,78.0,UG/M3,1 Hr,Valid
Hyderabad,PM2.5 - Principal,2017-03-01 12:00 PM,2017,03,01,12,76.6,162,Unhealthy,70.0,UG/M3,1 Hr,Valid
Hyderabad,PM2.5 - Principal,2017-03-01 01:00 PM,2017,03,01,13,70.8,159,Unhealthy,65.0,UG/M3,1 Hr,Valid
Hyderabad,PM2.5 - Principal,2017-03-01 02:00 PM,2017,03,01,14,63.8,155,Unhealthy,57.0,UG/M3,1 Hr,Valid
Hyderabad,PM2.5 - Principal,2017-03-01 03:00 PM,2017,03,01,15,54.9,149,Unhealthy for Sensitive Groups,46.0,UG/M3,1 Hr,Valid
Hyderabad,PM2.5 - Principal,2017-03-01 04:00 PM,2017,03,01,16,51.4,140,Unhealthy for Sensitive Groups,48.0,UG/M3,1 Hr,Valid
Hyderabad,PM2.5 - Principal,2017-03-01 05:00 PM,2017,03,01,17,51.4,140,Unhealthy for Sensitive Groups,-999.0,UG/M3,1 Hr,Missing
Hyderabad,PM2.5 - Principal,2017-03-01 06:00 PM,2017,03,01,18,62.4,155,Unhealthy,68.0,UG/M3,1 Hr,Valid
Hyderabad,PM2.5 - Principal,2017-03-01 07:00 PM,2017,03,01,19,60.4,154,Unhealthy,59.0,UG/M3,1 Hr,Valid
Hyderabad,PM2.5 - Principal,2017-03-01 08:00 PM,2017,03,01,20,73.0,160,Unhealthy,84.0,UG/M3,1 Hr,Valid
Hyderabad,PM2.5 - Principal,2017-03-01 09:00 PM,2017,03,01,21,80.8,164,Unhealthy,89.0,UG/M3,1 Hr,Valid
Hyderabad,PM2.5 - Principal,2017-03-01 10:00 PM,2017,03,01,22,88.2,168,Unhealthy,95.0,UG/M3,1 Hr,Valid
Hyderabad,PM2.5 - Principal,2017-03-01 11:00 PM,2017,03,01,23,96.1,172,Unhealthy,104.0,UG/M3,1 Hr,Valid
Hyderabad,PM2.5 - Principal,2017-03-02 12:00 AM,2017,03,02,00,105.1,177,Unhealthy,114.0,UG/M3,1 Hr,Valid
Hyderabad,PM2.5 - Principal,2017-03-02 01:00 AM,2017,03,02,01,96.5,172,Unhealthy,88.0,UG/M3,1 Hr,Valid
Hyderabad,PM2.5 - Principal,2017-03-02 02:00 AM,2017,03,02,02,86.2,167,Unhealthy,76.0,UG/M3,1 Hr,Valid
Hyderabad,PM2.5 - Principal,2017-03-02 03:00 AM,2017,03,02,03,77.6,162,Unhealthy,69.0,UG/M3,1 Hr,Valid
Hyderabad,PM2.5 - Principal,2017-03-02 04:00 AM,2017,03,02,04,75.6,161,Unhealthy,73.0,UG/M3,1 Hr,Valid
Hyderabad,PM2.5 - Principal,2017-03-02 05:00 AM,2017,03,02,05,72.4,160,Unhealthy,69.0,UG/M3,1 Hr,Valid
Hyderabad,PM2.5 - Principal,2017-03-02 06:00 AM,2017,03,02,06,74.6,161,Unhealthy,77.0,UG/M3,1 Hr,Valid
Hyderabad,PM2.5 - Principal,2017-03-02 07:00 AM,2017,03,02,07,83.5,165,Unhealthy,96.0,UG/M3,1 Hr,Valid
Hyderabad,PM2.5 - Principal,2017-03-02 08:00 AM,2017,03,02,08,93.9,171,Unhealthy,110.0,UG/M3,1 Hr,Valid
Hyderabad,PM2.5 - Principal,2017-03-02 09:00 AM,2017,03,02,09,95.9,172,Unhealthy,99.0,UG/M3,1 Hr,Valid
Hyderabad,PM2.5 - Principal,2017-03-02 10:00 AM,2017,03,02,10,95.9,172,Unhealthy,-999.0,UG/M3,1 Hr,Missing
Hyderabad,PM2.5 - Principal,2017-03-02 11:00 AM,2017,03,02,11,82.9,165,Unhealthy,71.0,UG/M3,1 Hr,Valid
Hyderabad,PM2.5 - Principal,2017-03-02 12:00 PM,2017,03,02,12,65.1,156,Unhealthy,54.0,UG/M3,1 Hr,Valid
Hyderabad,PM2.5 - Principal,2017-03-02 01:00 PM,2017,03,02,13,64.5,156,Unhealthy,64.0,UG/M3,1 Hr,Valid
Hyderabad,PM2.5 - Principal,2017-03-02 02:00 PM,2017,03,02,14,63.2,155,Unhealthy,62.0,UG/M3,1 Hr,Valid
Hyderabad,PM2.5 - Principal,2017-03-02 03:00 PM,2017,03,02,15,59.0,153,Unhealthy,55.0,UG/M3,1 Hr,Valid
Hyderabad,PM2.5 - Principal,2017-03-02 04:00 PM,2017,03,02,16,57.0,152,Unhealthy,55.0,UG/M3,1 Hr,Valid
Hyderabad,PM2.5 - Principal,2017-03-02 05:00 PM,2017,03,02,17,58.0,152,Unhealthy,59.0,UG/M3,1 Hr,Valid
Hyderabad,PM2.5 - Principal,2017-03-02 06:00 PM,2017,03,02,18,53.9,146,Unhealthy for Sensitive Groups,50.0,UG/M3,1 Hr,Valid
Hyderabad,PM2.5 - Principal,2017-03-02 07:00 PM,2017,03,02,19,63.5,155,Unhealthy,73.0,UG/M3,1 Hr,Valid
Hyderabad,PM2.5 - Principal,2017-03-02 08:00 PM,2017,03,02,20,74.6,161,Unhealthy,86.0,UG/M3,1 Hr,Valid
Hyderabad,PM2.5 - Principal,2017-03-02 09:00 PM,2017,03,02,21,74.6,161,Unhealthy,78.0,UG/M3,1 Hr,Valid
Hyderabad,PM2.5 - Principal,2017-03-02 10:00 PM,2017,03,02,22,76.9,162,Unhealthy,80.0,UG/M3,1 Hr,Valid
Hyderabad,PM2.5 - Principal,2017-03-02 11:00 PM,2017,03,02,23,72.7,160,Unhealthy,67.0,UG/M3,1 Hr,Valid
Hyderabad,PM2.5 - Principal,2017-03-03 12:00 AM,2017,03,03,00,67.8,157,Unhealthy,61.0,UG/M3,1 Hr,Valid
Hyderabad,PM2.5 - Principal,2017-03-03 01:00 AM,2017,03,03,01,63.7,155,Unhealthy,58.0,UG/M3,1 Hr,Valid
Hyderabad,PM2.5 - Principal,2017-03-03 02:00 AM,2017,03,03,02,55.8,151,Unhealthy,47.0,UG/M3,1 Hr,Valid
Hyderabad,PM2.5 - Principal,2017-03-03 03:00 AM,2017,03,03,03,48.3,133,Unhealthy for Sensitive Groups,42.0,UG/M3,1 Hr,Valid
Hyderabad,PM2.5 - Principal,2017-03-03 04:00 AM,2017,03,03,04,45.6,126,Unhealthy for Sensitive Groups,43.0,UG/M3,1 Hr,Valid
Hyderabad,PM2.5 - Principal,2017-03-03 05:00 AM,2017,03,03,05,45.6,126,Unhealthy for Sensitive Groups,-999.0,UG/M3,1 Hr,Missing
Hyderabad,PM2.5 - Principal,2017-03-03 06:00 AM,2017,03,03,06,45.6,126,Unhealthy for Sensitive Groups,-999.0,UG/M3,1 Hr,Missing
Hyderabad,PM2.5 - Principal,2017-03-03 07:00 AM,2017,03,03,07,45.6,126,Unhealthy for Sensitive Groups,57.0,UG/M3,1 Hr,Valid
Hyderabad,PM2.5 - Principal,2017-03-03 08:00 AM,2017,03,03,08,45.6,126,Unhealthy for Sensitive Groups,-999.0,UG/M3,1 Hr,Missing
Hyderabad,PM2.5 - Principal,2017-03-03 09:00 AM,2017,03,03,09,-999.0,-999,N/A,-999.0,UG/M3,1 Hr,Missing
Hyderabad,PM2.5 - Principal,2017-03-03 10:00 AM,2017,03,03,10,-999.0,-999,N/A,-999.0,UG/M3,1 Hr,Missing
Hyderabad,PM2.5 - Principal,2017-03-03 11:00 AM,2017,03,03,11,-999.0,-999,N/A,-999.0,UG/M3,1 Hr,Missing
Hyderabad,PM2.5 - Principal,2017-03-03 12:00 PM,2017,03,03,12,-999.0,-999,N/A,-999.0,UG/M3,1 Hr,Missing
Hyderabad,PM2.5 - Principal,2017-03-03 01:00 PM,2017,03,03,13,-999.0,-999,N/A,-999.0,UG/M3,1 Hr,Missing
Hyderabad,PM2.5 - Principal,2017-03-03 02:00 PM,2017,03,03,14,-999.0,-999,N/A,-999.0,UG/M3,1 Hr,Missing
Hyderabad,PM2.5 - Principal,2017-03-03 03:00 PM,2017,03,03,15,-999.0,-999,N/A,-999.0,UG/M3,1 Hr,Missing
Hyderabad,PM2.5 - Principal,2017-03-03 04:00 PM,2017,03,03,16,-999.0,-999,N/A,-999.0,UG/M3,1 Hr,Missing
Hyderabad,PM2.5 - Principal,2017-03-03 05:00 PM,2017,03,03,17,-999.0,-999,N/A,-999.0,UG/M3,1 Hr,Missing
Hyderabad,PM2.5 - Principal,2017-03-03 06:00 PM,2017,03,03,18,-999.0,-999,N/A,-999.0,UG/M3,1 Hr,Missing
Hyderabad,PM2.5 - Principal,2017-03-03 07:00 PM,2017,03,03,19,-999.0,-999,N/A,-999.0,UG/M3,1 Hr,Missing
Hyderabad,PM2.5 - Principal,2017-03-03 08:00 PM,2017,03,03,20,-999.0,-999,N/A,50.0,UG/M3,1 Hr,Valid
Hyderabad,PM2.5 - Principal,2017-03-03 09:00 PM,2017,03,03,21,48.9,134,Unhealthy for Sensitive Groups,48.0,UG/M3,1 Hr,Valid
Hyderabad,PM2.5 - Principal,2017-03-03 10:00 PM,2017,03,03,22,49.3,135,Unhealthy for Sensitive Groups,50.0,UG/M3,1 Hr,Valid
Hyderabad,PM2.5 - Principal,2017-03-03 11:00 PM,2017,03,03,23,48.3,133,Unhealthy for Sensitive Groups,46.0,UG/M3,1 Hr,Valid
Hyderabad,PM2.5 - Principal,2017-03-04 12:00 AM,2017,03,04,00,45.7,126,Unhealthy for Sensitive Groups,40.0,UG/M3,1 Hr,Valid
Hyderabad,PM2.5 - Principal,2017-03-04 01:00 AM,2017,03,04,01,35.9,102,Unhealthy for Sensitive Groups,27.0,UG/M3,1 Hr,Valid
Hyderabad,PM2.5 - Principal,2017-03-04 02:00 AM,2017,03,04,02,31.7,92,Moderate,27.0,UG/M3,1 Hr,Valid
Hyderabad,PM2.5 - Principal,2017-03-04 03:00 AM,2017,03,04,03,28.8,86,Moderate,26.0,UG/M3,1 Hr,Valid
Hyderabad,PM2.5 - Principal,2017-03-04 04:00 AM,2017,03,04,04,28.8,86,Moderate,29.0,UG/M3,1 Hr,Valid
Hyderabad,PM2.5 - Principal,2017-03-04 05:00 AM,2017,03,04,05,29.9,88,Moderate,31.0,UG/M3,1 Hr,Valid
Hyderabad,PM2.5 - Principal,2017-03-04 06:00 AM,2017,03,04,06,31.3,91,Moderate,33.0,UG/M3,1 Hr,Valid
Hyderabad,PM2.5 - Principal,2017-03-04 07:00 AM,2017,03,04,07,38.4,108,Unhealthy for Sensitive Groups,46.0,UG/M3,1 Hr,Valid
Hyderabad,PM2.5 - Principal,2017-03-04 08:00 AM,2017,03,04,08,56.8,152,Unhealthy,75.0,UG/M3,1 Hr,Valid
Hyderabad,PM2.5 - Principal,2017-03-04 09:00 AM,2017,03,04,09,63.4,155,Unhealthy,70.0,UG/M3,1 Hr,Valid
Hyderabad,PM2.5 - Principal,2017-03-04 10:00 AM,2017,03,04,10,66.7,157,Unhealthy,70.0,UG/M3,1 Hr,Valid
Hyderabad,PM2.5 - Principal,2017-03-04 11:00 AM,2017,03,04,11,56.3,151,Unhealthy,46.0,UG/M3,1 Hr,Valid
Hyderabad,PM2.5 - Principal,2017-03-04 12:00 PM,2017,03,04,12,56.3,151,Unhealthy,-999.0,UG/M3,1 Hr,Missing
Hyderabad,PM2.5 - Principal,2017-03-04 01:00 PM,2017,03,04,13,49.4,135,Unhealthy for Sensitive Groups,46.0,UG/M3,1 Hr,Valid
Hyderabad,PM2.5 - Principal,2017-03-04 02:00 PM,2017,03,04,14,48.6,133,Unhealthy for Sensitive Groups,48.0,UG/M3,1 Hr,Valid
Hyderabad,PM2.5 - Principal,2017-03-04 03:00 PM,2017,03,04,15,44.5,123,Unhealthy for Sensitive Groups,41.0,UG/M3,1 Hr,Valid
Hyderabad,PM2.5 - Principal,2017-03-04 04:00 PM,2017,03,04,16,43.7,121,Unhealthy for Sensitive Groups,43.0,UG/M3,1 Hr,Valid
Hyderabad,PM2.5 - Principal,2017-03-04 05:00 PM,2017,03,04,17,46.9,129,Unhealthy for Sensitive Groups,50.0,UG/M3,1 Hr,Valid
Hyderabad,PM2.5 - Principal,2017-03-04 06:00 PM,2017,03,04,18,47.8,131,Unhealthy for Sensitive Groups,49.0,UG/M3,1 Hr,Valid
Hyderabad,PM2.5 - Principal,2017-03-04 07:00 PM,2017,03,04,19,45.1,125,Unhealthy for Sensitive Groups,42.0,UG/M3,1 Hr,Valid
Hyderabad,PM2.5 - Principal,2017-03-04 08:00 PM,2017,03,04,20,46.4,128,Unhealthy for Sensitive Groups,48.0,UG/M3,1 Hr,Valid
Hyderabad,PM2.5 - Principal,2017-03-04 09:00 PM,2017,03,04,21,53.3,145,Unhealthy for Sensitive Groups,63.0,UG/M3,1 Hr,Valid
Hyderabad,PM2.5 - Principal,2017-03-04 10:00 PM,2017,03,04,22,52.1,142,Unhealthy for Sensitive Groups,52.0,UG/M3,1 Hr,Valid
Hyderabad,PM2.5 - Principal,2017-03-04 11:00 PM,2017,03,04,23,56.5,152,Unhealthy,64.0,UG/M3,1 Hr,Valid
Hyderabad,PM2.5 - Principal,2017-03-05 12:00 AM,2017,03,05,00,55.6,151,Unhealthy,54.0,UG/M3,1 Hr,Valid
Hyderabad,PM2.5 - Principal,2017-03-05 01:00 AM,2017,03,05,01,43.6,121,Unhealthy for Sensitive Groups,31.0,UG/M3,1 Hr,Valid
Hyderabad,PM2.5 - Principal,2017-03-05 02:00 AM,2017,03,05,02,41.8,117,Unhealthy for Sensitive Groups,40.0,UG/M3,1 Hr,Valid
Hyderabad,PM2.5 - Principal,2017-03-05 03:00 AM,2017,03,05,03,37.4,106,Unhealthy for Sensitive Groups,33.0,UG/M3,1 Hr,Valid
Hyderabad,PM2.5 - Principal,2017-03-05 04:00 AM,2017,03,05,04,37.4,106,Unhealthy for Sensitive Groups,-999.0,UG/M3,1 Hr,Missing
Hyderabad,PM2.5 - Principal,2017-03-05 05:00 AM,2017,03,05,05,38.4,108,Unhealthy for Sensitive Groups,39.0,UG/M3,1 Hr,Valid
Hyderabad,PM2.5 - Principal,2017-03-05 06:00 AM,2017,03,05,06,38.4,108,Unhealthy for Sensitive Groups,-999.0,UG/M3,1 Hr,Missing
Hyderabad,PM2.5 - Principal,2017-03-05 07:00 AM,2017,03,05,07,38.4,108,Unhealthy for Sensitive Groups,-999.0,UG/M3,1 Hr,Missing
Hyderabad,PM2.5 - Principal,2017-03-05 08:00 AM,2017,03,05,08,38.4,108,Unhealthy for Sensitive Groups,-999.0,UG/M3,1 Hr,Missing
Hyderabad,PM2.5 - Principal,2017-03-05 09:00 AM,2017,03,05,09,-999.0,-999,N/A,-999.0,UG/M3,1 Hr,Missing
Hyderabad,PM2.5 - Principal,2017-03-05 10:00 AM,2017,03,05,10,-999.0,-999,N/A,-999.0,UG/M3,1 Hr,Missing
Hyderabad,PM2.5 - Principal,2017-03-05 11:00 AM,2017,03,05,11,-999.0,-999,N/A,-999.0,UG/M3,1 Hr,Missing
Hyderabad,PM2.5 - Principal,2017-03-05 12:00 PM,2017,03,05,12,-999.0,-999,N/A,-999.0,UG/M3,1 Hr,Missing
Hyderabad,PM2.5 - Principal,2017-03-05 01:00 PM,2017,03,05,13,-999.0,-999,N/A,27.0,UG/M3,1 Hr,Valid
Hyderabad,PM2.5 - Principal,2017-03-05 02:00 PM,2017,03,05,14,31.8,92,Moderate,35.0,UG/M3,1 Hr,Valid
Hyderabad,PM2.5 - Principal,2017-03-05 03:00 PM,2017,03,05,15,30.1,89,Moderate,28.0,UG/M3,1 Hr,Valid
Hyderabad,PM2.5 - Principal,2017-03-05 04:00 PM,2017,03,05,16,34.6,98,Moderate,41.0,UG/M3,1 Hr,Valid
Hyderabad,PM2.5 - Principal,2017-03-05 05:00 PM,2017,03,05,17,35.9,102,Unhealthy for Sensitive Groups,38.0,UG/M3,1 Hr,Valid
Hyderabad,PM2.5 - Principal,2017-03-05 06:00 PM,2017,03,05,18,35.9,102,Unhealthy for Sensitive Groups,-999.0,UG/M3,1 Hr,Missing
Hyderabad,PM2.5 - Principal,2017-03-05 07:00 PM,2017,03,05,19,35.9,102,Unhealthy for Sensitive Groups,-999.0,UG/M3,1 Hr,Missing
Hyderabad,PM2.5 - Principal,2017-03-05 08:00 PM,2017,03,05,20,35.9,102,Unhealthy for Sensitive Groups,-999.0,UG/M3,1 Hr,Missing
Hyderabad,PM2.5 - Principal,2017-03-05 09:00 PM,2017,03,05,21,35.9,102,Unhealthy for Sensitive Groups,-999.0,UG/M3,1 Hr,Missing
Hyderabad,PM2.5 - Principal,2017-03-05 10:00 PM,2017,03,05,22,-999.0,-999,N/A,-999.0,UG/M3,1 Hr,Missing
Hyderabad,PM2.5 - Principal,2017-03-05 11:00 PM,2017,03,05,23,-999.0,-999,N/A,-999.0,UG/M3,1 Hr,Missing
Hyderabad,PM2.5 - Principal,2017-03-06 12:00 AM,2017,03,06,00,-999.0,-999,N/A,-999.0,UG/M3,1 Hr,Missing
Hyderabad,PM2.5 - Principal,2017-03-06 01:00 AM,2017,03,06,01,-999.0,-999,N/A,-999.0,UG/M3,1 Hr,Missing
Hyderabad,PM2.5 - Principal,2017-03-06 02:00 AM,2017,03,06,02,-999.0,-999,N/A,-999.0,UG/M3,1 Hr,Missing
Hyderabad,PM2.5 - Principal,2017-03-06 03:00 AM,2017,03,06,03,-999.0,-999,N/A,-999.0,UG/M3,1 Hr,Missing
Hyderabad,PM2.5 - Principal,2017-03-06 04:00 AM,2017,03,06,04,-999.0,-999,N/A,-999.0,UG/M3,1 Hr,Missing
Hyderabad,PM2.5 - Principal,2017-03-06 05:00 AM,2017,03,06,05,-999.0,-999,N/A,-999.0,UG/M3,1 Hr,Missing
Hyderabad,PM2.5 - Principal,2017-03-06 06:00 AM,2017,03,06,06,-999.0,-999,N/A,-999.0,UG/M3,1 Hr,Missing
Hyderabad,PM2.5 - Principal,2017-03-06 07:00 AM,2017,03,06,07,-999.0,-999,N/A,-999.0,UG/M3,1 Hr,Missing
Hyderabad,PM2.5 - Principal,2017-03-06 08:00 AM,2017,03,06,08,-999.0,-999,N/A,-999.0,UG/M3,1 Hr,Missing
Hyderabad,PM2.5 - Principal,2017-03-06 09:00 AM,2017,03,06,09,-999.0,-999,N/A,-999.0,UG/M3,1 Hr,Missing
Hyderabad,PM2.5 - Principal,2017-03-06 10:00 AM,2017,03,06,10,-999.0,-999,N/A,35.0,UG/M3,1 Hr,Valid
Hyderabad,PM2.5 - Principal,2017-03-06 11:00 AM,2017,03,06,11,41.2,115,Unhealthy for Sensitive Groups,46.0,UG/M3,1 Hr,Valid
Hyderabad,PM2.5 - Principal,2017-03-06 12:00 PM,2017,03,06,12,41.1,115,Unhealthy for Sensitive Groups,41.0,UG/M3,1 Hr,Valid
Hyderabad,PM2.5 - Principal,2017-03-06 01:00 PM,2017,03,06,13,40.0,112,Unhealthy for Sensitive Groups,38.0,UG/M3,1 Hr,Valid
Hyderabad,PM2.5 - Principal,2017-03-06 02:00 PM,2017,03,06,14,39.6,111,Unhealthy for Sensitive Groups,39.0,UG/M3,1 Hr,Valid
Hyderabad,PM2.5 - Principal,2017-03-06 03:00 PM,2017,03,06,15,40.3,113,Unhealthy for Sensitive Groups,42.0,UG/M3,1 Hr,Valid
Hyderabad,PM2.5 - Principal,2017-03-06 04:00 PM,2017,03,06,16,40.3,113,Unhealthy for Sensitive Groups,-999.0,UG/M3,1 Hr,Missing
Hyderabad,PM2.5 - Principal,2017-03-06 05:00 PM,2017,03,06,17,34.7,99,Moderate,29.0,UG/M3,1 Hr,Valid
Hyderabad,PM2.5 - Principal,2017-03-06 06:00 PM,2017,03,06,18,38.4,108,Unhealthy for Sensitive Groups,43.0,UG/M3,1 Hr,Valid
Hyderabad,PM2.5 - Principal,2017-03-06 07:00 PM,2017,03,06,19,39.8,112,Unhealthy for Sensitive Groups,42.0,UG/M3,1 Hr,Valid
Hyderabad,PM2.5 - Principal,2017-03-06 08:00 PM,2017,03,06,20,43.3,120,Unhealthy for Sensitive Groups,48.0,UG/M3,1 Hr,Valid
Hyderabad,PM2.5 - Principal,2017-03-06 09:00 PM,2017,03,06,21,47.5,131,Unhealthy for Sensitive Groups,52.0,UG/M3,1 Hr,Valid
Hyderabad,PM2.5 - Principal,2017-03-06 10:00 PM,2017,03,06,22,49.0,134,Unhealthy for Sensitive Groups,51.0,UG/M3,1 Hr,Valid
Hyderabad,PM2.5 - Principal,2017-03-06 11:00 PM,2017,03,06,23,49.9,136,Unhealthy for Sensitive Groups,51.0,UG/M3,1 Hr,Valid
Hyderabad,PM2.5 - Principal,2017-03-07 12:00 AM,2017,03,07,00,47.3,130,Unhealthy for Sensitive Groups,44.0,UG/M3,1 Hr,Valid
Hyderabad,PM2.5 - Principal,2017-03-07 01:00 AM,2017,03,07,01,40.0,112,Unhealthy for Sensitive Groups,31.0,UG/M3,1 Hr,Valid
Hyderabad,PM2.5 - Principal,2017-03-07 02:00 AM,2017,03,07,02,37.3,105,Unhealthy for Sensitive Groups,34.0,UG/M3,1 Hr,Valid
Hyderabad,PM2.5 - Principal,2017-03-07 03:00 AM,2017,03,07,03,34.1,97,Moderate,30.0,UG/M3,1 Hr,Valid
Hyderabad,PM2.5 - Principal,2017-03-07 04:00 AM,2017,03,07,04,36.2,103,Unhealthy for Sensitive Groups,39.0,UG/M3,1 Hr,Valid
Hyderabad,PM2.5 - Principal,2017-03-07 05:00 AM,2017,03,07,05,34.0,97,Moderate,31.0,UG/M3,1 Hr,Valid
Hyderabad,PM2.5 - Principal,2017-03-07 06:00 AM,2017,03,07,06,35.7,101,Unhealthy for Sensitive Groups,38.0,UG/M3,1 Hr,Valid
Hyderabad,PM2.5 - Principal,2017-03-07 07:00 AM,2017,03,07,07,39.2,110,Unhealthy for Sensitive Groups,44.0,UG/M3,1 Hr,Valid
Hyderabad,PM2.5 - Principal,2017-03-07 08:00 AM,2017,03,07,08,43.3,120,Unhealthy for Sensitive Groups,49.0,UG/M3,1 Hr,Valid
Hyderabad,PM2.5 - Principal,2017-03-07 09:00 AM,2017,03,07,09,46.0,127,Unhealthy for Sensitive Groups,50.0,UG/M3,1 Hr,Valid
Hyderabad,PM2.5 - Principal,2017-03-07 10:00 AM,2017,03,07,10,46.8,129,Unhealthy for Sensitive Groups,48.0,UG/M3,1 Hr,Valid
Hyderabad,PM2.5 - Principal,2017-03-07 11:00 AM,2017,03,07,11,47.2,130,Unhealthy for Sensitive Groups,48.0,UG/M3,1 Hr,Valid
Hyderabad,PM2.5 - Principal,2017-03-07 12:00 PM,2017,03,07,12,44.3,123,Unhealthy for Sensitive Groups,40.0,UG/M3,1 Hr,Valid
Hyderabad,PM2.5 - Principal,2017-03-07 01:00 PM,2017,03,07,13,42.6,118,Unhealthy for Sensitive Groups,40.0,UG/M3,1 Hr,Valid
Hyderabad,PM2.5 - Principal,2017-03-07 02:00 PM,2017,03,07,14,42.7,119,Unhealthy for Sensitive Groups,43.0,UG/M3,1 Hr,Valid
Hyderabad,PM2.5 - Principal,2017-03-07 03:00 PM,2017,03,07,15,39.8,112,Unhealthy for Sensitive Groups,35.0,UG/M3,1 Hr,Valid
Hyderabad,PM2.5 - Principal,2017-03-07 04:00 PM,2017,03,07,16,42.5,118,Unhealthy for Sensitive Groups,47.0,UG/M3,1 Hr,Valid
Hyderabad,PM2.5 - Principal,2017-03-07 05:00 PM,2017,03,07,17,43.0,119,Unhealthy for Sensitive Groups,44.0,UG/M3,1 Hr,Valid
Hyderabad,PM2.5 - Principal,2017-03-07 06:00 PM,2017,03,07,18,46.9,129,Unhealthy for Sensitive Groups,54.0,UG/M3,1 Hr,Valid
Hyderabad,PM2.5 - Principal,2017-03-07 07:00 PM,2017,03,07,19,49.4,135,Unhealthy for Sensitive Groups,54.0,UG/M3,1 Hr,Valid
Hyderabad,PM2.5 - Principal,2017-03-07 08:00 PM,2017,03,07,20,55.5,151,Unhealthy,62.0,UG/M3,1 Hr,Valid
Hyderabad,PM2.5 - Principal,2017-03-07 09:00 PM,2017,03,07,21,60.7,154,Unhealthy,66.0,UG/M3,1 Hr,Valid
Hyderabad,PM2.5 - Principal,2017-03-07 10:00 PM,2017,03,07,22,60.4,154,Unhealthy,60.0,UG/M3,1 Hr,Valid
Hyderabad,PM2.5 - Principal,2017-03-07 11:00 PM,2017,03,07,23,58.8,153,Unhealthy,57.0,UG/M3,1 Hr,Valid
Hyderabad,PM2.5 - Principal,2017-03-08 12:00 AM,2017,03,08,00,56.0,151,Unhealthy,53.0,UG/M3,1 Hr,Valid
Hyderabad,PM2.5 - Principal,2017-03-08 01:00 AM,2017,03,08,01,52.2,142,Unhealthy for Sensitive Groups,48.0,UG/M3,1 Hr,Valid
Hyderabad,PM2.5 - Principal,2017-03-08 02:00 AM,2017,03,08,02,51.6,141,Unhealthy for Sensitive Groups,51.0,UG/M3,1 Hr,Valid
Hyderabad,PM2.5 - Principal,2017-03-08 03:00 AM,2017,03,08,03,41.7,116,Unhealthy for Sensitive Groups,32.0,UG/M3,1 Hr,Valid
Hyderabad,PM2.5 - Principal,2017-03-08 04:00 AM,2017,03,08,04,42.8,119,Unhealthy for Sensitive Groups,44.0,UG/M3,1 Hr,Valid
Hyderabad,PM2.5 - Principal,2017-03-08 05:00 AM,2017,03,08,05,44.9,124,Unhealthy for Sensitive Groups,47.0,UG/M3,1 Hr,Valid
Hyderabad,PM2.5 - Principal,2017-03-08 06:00 AM,2017,03,08,06,48.9,134,Unhealthy for Sensitive Groups,53.0,UG/M3,1 Hr,Valid
Hyderabad,PM2.5 - Principal,2017-03-08 07:00 AM,2017,03,08,07,54.9,149,Unhealthy for Sensitive Groups,61.0,UG/M3,1 Hr,Valid
Hyderabad,PM2.5 - Principal,2017-03-08 08:00 AM,2017,03,08,08,61.4,154,Unhealthy,68.0,UG/M3,1 Hr,Valid
Hyderabad,PM2.5 - Principal,2017-03-08 09:00 AM,2017,03,08,09,64.7,156,Unhealthy,68.0,UG/M3,1 Hr,Valid
Hyderabad,PM2.5 - Principal,2017-03-08 10:00 AM,2017,03,08,10,56.8,152,Unhealthy,49.0,UG/M3,1 Hr,Valid
Hyderabad,PM2.5 - Principal,2017-03-08 11:00 AM,2017,03,08,11,56.8,152,Unhealthy,-999.0,UG/M3,1 Hr,Missing
Hyderabad,PM2.5 - Principal,2017-03-08 12:00 PM,2017,03,08,12,49.6,136,Unhealthy for Sensitive Groups,46.0,UG/M3,1 Hr,Valid
Hyderabad,PM2.5 - Principal,2017-03-08 01:00 PM,2017,03,08,13,48.6,133,Unhealthy for Sensitive Groups,48.0,UG/M3,1 Hr,Valid
Hyderabad,PM2.5 - Principal,2017-03-08 02:00 PM,2017,03,08,14,48.8,134,Unhealthy for Sensitive Groups,49.0,UG/M3,1 Hr,Valid
Hyderabad,PM2.5 - Principal,2017-03-08 03:00 PM,2017,03,08,15,51.4,140,Unhealthy for Sensitive Groups,54.0,UG/M3,1 Hr,Valid
Hyderabad,PM2.5 - Principal,2017-03-08 04:00 PM,2017,03,08,16,49.9,136,Unhealthy for Sensitive Groups,47.0,UG/M3,1 Hr,Valid
Hyderabad,PM2.5 - Principal,2017-03-08 05:00 PM,2017,03,08,17,52.0,142,Unhealthy for Sensitive Groups,56.0,UG/M3,1 Hr,Valid
Hyderabad,PM2.5 - Principal,2017-03-08 06:00 PM,2017,03,08,18,51.6,141,Unhealthy for Sensitive Groups,51.0,UG/M3,1 Hr,Valid
Hyderabad,PM2.5 - Principal,2017-03-08 07:00 PM,2017,03,08,19,54.0,147,Unhealthy for Sensitive Groups,59.0,UG/M3,1 Hr,Valid
Hyderabad,PM2.5 - Principal,2017-03-08 08:00 PM,2017,03,08,20,61.3,154,Unhealthy,73.0,UG/M3,1 Hr,Valid
Hyderabad,PM2.5 - Principal,2017-03-08 09:00 PM,2017,03,08,21,60.4,154,Unhealthy,59.0,UG/M3,1 Hr,Valid
Hyderabad,PM2.5 - Principal,2017-03-08 10:00 PM,2017,03,08,22,58.4,152,Unhealthy,55.0,UG/M3,1 Hr,Valid
Hyderabad,PM2.5 - Principal,2017-03-08 11:00 PM,2017,03,08,23,58.2,152,Unhealthy,58.0,UG/M3,1 Hr,Valid
Hyderabad,PM2.5 - Principal,2017-03-09 12:00 AM,2017,03,09,00,58.1,152,Unhealthy,58.0,UG/M3,1 Hr,Valid
Hyderabad,PM2.5 - Principal,2017-03-09 01:00 AM,2017,03,09,01,52.5,143,Unhealthy for Sensitive Groups,44.0,UG/M3,1 Hr,Valid
Hyderabad,PM2.5 - Principal,2017-03-09 02:00 AM,2017,03,09,02,54.3,147,Unhealthy for Sensitive Groups,57.0,UG/M3,1 Hr,Valid
Hyderabad,PM2.5 - Principal,2017-03-09 03:00 AM,2017,03,09,03,53.0,144,Unhealthy for Sensitive Groups,51.0,UG/M3,1 Hr,Valid
Hyderabad,PM2.5 - Principal,2017-03-09 04:00 AM,2017,03,09,04,49.8,136,Unhealthy for Sensitive Groups,45.0,UG/M3,1 Hr,Valid
Hyderabad,PM2.5 - Principal,2017-03-09 05:00 AM,2017,03,09,05,49.8,136,Unhealthy for Sensitive Groups,50.0,UG/M3,1 Hr,Valid
Hyderabad,PM2.5 - Principal,2017-03-09 06:00 AM,2017,03,09,06,53.1,144,Unhealthy for Sensitive Groups,58.0,UG/M3,1 Hr,Valid
Hyderabad,PM2.5 - Principal,2017-03-09 07:00 AM,2017,03,09,07,55.0,149,Unhealthy for Sensitive Groups,58.0,UG/M3,1 Hr,Valid
Hyderabad,PM2.5 - Principal,2017-03-09 08:00 AM,2017,03,09,08,59.4,153,Unhealthy,68.0,UG/M3,1 Hr,Valid
Hyderabad,PM2.5 - Principal,2017-03-09 09:00 AM,2017,03,09,09,57.4,152,Unhealthy,54.0,UG/M3,1 Hr,Valid
Hyderabad,PM2.5 - Principal,2017-03-09 10:00 AM,2017,03,09,10,54.4,148,Unhealthy for Sensitive Groups,49.0,UG/M3,1 Hr,Valid
Hyderabad,PM2.5 - Principal,2017-03-09 11:00 AM,2017,03,09,11,56.4,151,Unhealthy,60.0,UG/M3,1 Hr,Valid
Hyderabad,PM2.5 - Principal,2017-03-09 12:00 PM,2017,03,09,12,61.5,154,Unhealthy,70.0,UG/M3,1 Hr,Valid
Hyderabad,PM2.5 - Principal,2017-03-09 01:00 PM,2017,03,09,13,63.0,155,Unhealthy,66.0,UG/M3,1 Hr,Valid
Hyderabad,PM2.5 - Principal,2017-03-09 02:00 PM,2017,03,09,14,58.0,152,Unhealthy,49.0,UG/M3,1 Hr,Valid
Hyderabad,PM2.5 - Principal,2017-03-09 03:00 PM,2017,03,09,15,56.2,151,Unhealthy,53.0,UG/M3,1 Hr,Valid
Hyderabad,PM2.5 - Principal,2017-03-09 04:00 PM,2017,03,09,16,55.5,151,Unhealthy,53.0,UG/M3,1 Hr,Valid
Hyderabad,PM2.5 - Principal,2017-03-09 05:00 PM,2017,03,09,17,53.6,146,Unhealthy for Sensitive Groups,49.0,UG/M3,1 Hr,Valid
Hyderabad,PM2.5 - Principal,2017-03-09 06:00 PM,2017,03,09,18,54.6,148,Unhealthy for Sensitive Groups,57.0,UG/M3,1 Hr,Valid
Hyderabad,PM2.5 - Principal,2017-03-09 07:00 PM,2017,03,09,19,52.8,144,Unhealthy for Sensitive Groups,49.0,UG/M3,1 Hr,Valid
Hyderabad,PM2.5 - Principal,2017-03-09 08:00 PM,2017,03,09,20,55.9,151,Unhealthy,63.0,UG/M3,1 Hr,Valid
Hyderabad,PM2.5 - Principal,2017-03-09 09:00 PM,2017,03,09,21,55.3,150,Unhealthy for Sensitive Groups,54.0,UG/M3,1 Hr,Valid
Hyderabad,PM2.5 - Principal,2017-03-09 10:00 PM,2017,03,09,22,51.1,139,Unhealthy for Sensitive Groups,44.0,UG/M3,1 Hr,Valid
Hyderabad,PM2.5 - Principal,2017-03-09 11:00 PM,2017,03,09,23,48.8,134,Unhealthy for Sensitive Groups,45.0,UG/M3,1 Hr,Valid
Hyderabad,PM2.5 - Principal,2017-03-10 12:00 AM,2017,03,10,00,40.2,113,Unhealthy for Sensitive Groups,33.0,UG/M3,1 Hr,Valid
Hyderabad,PM2.5 - Principal,2017-03-10 01:00 AM,2017,03,10,01,40.3,113,Unhealthy for Sensitive Groups,40.0,UG/M3,1 Hr,Valid
Hyderabad,PM2.5 - Principal,2017-03-10 02:00 AM,2017,03,10,02,40.6,114,Unhealthy for Sensitive Groups,41.0,UG/M3,1 Hr,Valid
Hyderabad,PM2.5 - Principal,2017-03-10 03:00 AM,2017,03,10,03,39.8,112,Unhealthy for Sensitive Groups,39.0,UG/M3,1 Hr,Valid
Hyderabad,PM2.5 - Principal,2017-03-10 04:00 AM,2017,03,10,04,38.0,107,Unhealthy for Sensitive Groups,36.0,UG/M3,1 Hr,Valid
Hyderabad,PM2.5 - Principal,2017-03-10 05:00 AM,2017,03,10,05,39.9,112,Unhealthy for Sensitive Groups,42.0,UG/M3,1 Hr,Valid
Hyderabad,PM2.5 - Principal,2017-03-10 06:00 AM,2017,03,10,06,40.4,113,Unhealthy for Sensitive Groups,41.0,UG/M3,1 Hr,Valid
Hyderabad,PM2.5 - Principal,2017-03-10 07:00 AM,2017,03,10,07,44.5,123,Unhealthy for Sensitive Groups,49.0,UG/M3,1 Hr,Valid
Hyderabad,PM2.5 - Principal,2017-03-10 08:00 AM,2017,03,10,08,46.5,128,Unhealthy for Sensitive Groups,51.0,UG/M3,1 Hr,Valid
Hyderabad,PM2.5 - Principal,2017-03-10 09:00 AM,2017,03,10,09,46.3,128,Unhealthy for Sensitive Groups,47.0,UG/M3,1 Hr,Valid
Hyderabad,PM2.5 - Principal,2017-03-10 10:00 AM,2017,03,10,10,48.0,132,Unhealthy for Sensitive Groups,51.0,UG/M3,1 Hr,Valid
Hyderabad,PM2.5 - Principal,2017-03-10 11:00 AM,2017,03,10,11,57.6,152,Unhealthy,66.0,UG/M3,1 Hr,Valid
Hyderabad,PM2.5 - Principal,2017-03-10 12:00 PM,2017,03,10,12,54.5,148,Unhealthy for Sensitive Groups,52.0,UG/M3,1 Hr,Valid
Hyderabad,PM2.5 - Principal,2017-03-10 01:00 PM,2017,03,10,13,50.2,137,Unhealthy for Sensitive Groups,45.0,UG/M3,1 Hr,Valid
Hyderabad,PM2.5 - Principal,2017-03-10 02:00 PM,2017,03,10,14,49.6,136,Unhealthy for Sensitive Groups,49.0,UG/M3,1 Hr,Valid
Hyderabad,PM2.5 - Principal,2017-03-10 03:00 PM,2017,03,10,15,44.8,124,Unhealthy for Sensitive Groups,39.0,UG/M3,1 Hr,Valid
Hyderabad,PM2.5 - Principal,2017-03-10 04:00 PM,2017,03,10,16,40.8,114,Unhealthy for Sensitive Groups,36.0,UG/M3,1 Hr,Valid
Hyderabad,PM2.5 - Principal,2017-03-10 05:00 PM,2017,03,10,17,37.2,105,Unhealthy for Sensitive Groups,34.0,UG/M3,1 Hr,Valid
Hyderabad,PM2.5 - Principal,2017-03-10 06:00 PM,2017,03,10,18,40.0,112,Unhealthy for Sensitive Groups,43.0,UG/M3,1 Hr,Valid
Hyderabad,PM2.5 - Principal,2017-03-10 07:00 PM,2017,03,10,19,41.9,117,Unhealthy for Sensitive Groups,44.0,UG/M3,1 Hr,Valid
Hyderabad,PM2.5 - Principal,2017-03-10 08:00 PM,2017,03,10,20,43.4,120,Unhealthy for Sensitive Groups,45.0,UG/M3,1 Hr,Valid
Hyderabad,PM2.5 - Principal,2017-03-10 09:00 PM,2017,03,10,21,44.6,123,Unhealthy for Sensitive Groups,46.0,UG/M3,1 Hr,Valid
Hyderabad,PM2.5 - Principal,2017-03-10 10:00 PM,2017,03,10,22,50.1,137,Unhealthy for Sensitive Groups,56.0,UG/M3,1 Hr,Valid
Hyderabad,PM2.5 - Principal,2017-03-10 11:00 PM,2017,03,10,23,57.8,152,Unhealthy,66.0,UG/M3,1 Hr,Valid
Hyderabad,PM2.5 - Principal,2017-03-11 12:00 AM,2017,03,11,00,57.4,152,Unhealthy,57.0,UG/M3,1 Hr,Valid
Hyderabad,PM2.5 - Principal,2017-03-11 01:00 AM,2017,03,11,01,61.1,154,Unhealthy,65.0,UG/M3,1 Hr,Valid
Hyderabad,PM2.5 - Principal,2017-03-11 02:00 AM,2017,03,11,02,59.6,153,Unhealthy,58.0,UG/M3,1 Hr,Valid
Hyderabad,PM2.5 - Principal,2017-03-11 03:00 AM,2017,03,11,03,67.3,157,Unhealthy,75.0,UG/M3,1 Hr,Valid
Hyderabad,PM2.5 - Principal,2017-03-11 04:00 AM,2017,03,11,04,64.1,155,Unhealthy,61.0,UG/M3,1 Hr,Valid
Hyderabad,PM2.5 - Principal,2017-03-11 05:00 AM,2017,03,11,05,58.8,153,Unhealthy,52.0,UG/M3,1 Hr,Valid
Hyderabad,PM2.5 - Principal,2017-03-11 06:00 AM,2017,03,11,06,54.8,149,Unhealthy for Sensitive Groups,49.0,UG/M3,1 Hr,Valid
Hyderabad,PM2.5 - Principal,2017-03-11 07:00 AM,2017,03,11,07,48.2,132,Unhealthy for Sensitive Groups,41.0,UG/M3,1 Hr,Valid
Hyderabad,PM2.5 - Principal,2017-03-11 08:00 AM,2017,03,11,08,47.2,130,Unhealthy for Sensitive Groups,46.0,UG/M3,1 Hr,Valid
Hyderabad,PM2.5 - Principal,2017-03-11 09:00 AM,2017,03,11,09,46.2,127,Unhealthy for Sensitive Groups,45.0,UG/M3,1 Hr,Valid
Hyderabad,PM2.5 - Principal,2017-03-11 10:00 AM,2017,03,11,10,39.9,112,Unhealthy for Sensitive Groups,34.0,UG/M3,1 Hr,Valid
Hyderabad,PM2.5 - Principal,2017-03-11 11:00 AM,2017,03,11,11,37.4,106,Unhealthy for Sensitive Groups,35.0,UG/M3,1 Hr,Valid
Hyderabad,PM2.5 - Principal,2017-03-11 12:00 PM,2017,03,11,12,35.7,101,Unhealthy for Sensitive Groups,34.0,UG/M3,1 Hr,Valid
Hyderabad,PM2.5 - Principal,2017-03-11 01:00 PM,2017,03,11,13,34.8,99,Moderate,34.0,UG/M3,1 Hr,Valid
Hyderabad,PM2.5 - Principal,2017-03-11 02:00 PM,2017,03,11,14,36.9,104,Unhealthy for Sensitive Groups,39.0,UG/M3,1 Hr,Valid
Hyderabad,PM2.5 - Principal,2017-03-11 03:00 PM,2017,03,11,15,32.4,94,Moderate,28.0,UG/M3,1 Hr,Valid
Hyderabad,PM2.5 - Principal,2017-03-11 04:00 PM,2017,03,11,16,32.4,94,Moderate,32.0,UG/M3,1 Hr,Valid
Hyderabad,PM2.5 - Principal,2017-03-11 05:00 PM,2017,03,11,17,30.0,89,Moderate,27.0,UG/M3,1 Hr,Valid
Hyderabad,PM2.5 - Principal,2017-03-11 06:00 PM,2017,03,11,18,29.3,87,Moderate,28.0,UG/M3,1 Hr,Valid
Hyderabad,PM2.5 - Principal,2017-03-11 07:00 PM,2017,03,11,19,32.5,94,Moderate,37.0,UG/M3,1 Hr,Valid
Hyderabad,PM2.5 - Principal,2017-03-11 08:00 PM,2017,03,11,20,36.6,104,Unhealthy for Sensitive Groups,43.0,UG/M3,1 Hr,Valid
Hyderabad,PM2.5 - Principal,2017-03-11 09:00 PM,2017,03,11,21,47.9,132,Unhealthy for Sensitive Groups,58.0,UG/M3,1 Hr,Valid
Hyderabad,PM2.5 - Principal,2017-03-11 10:00 PM,2017,03,11,22,50.4,138,Unhealthy for Sensitive Groups,53.0,UG/M3,1 Hr,Valid
Hyderabad,PM2.5 - Principal,2017-03-11 11:00 PM,2017,03,11,23,58.2,152,Unhealthy,66.0,UG/M3,1 Hr,Valid
Hyderabad,PM2.5 - Principal,2017-03-12 12:00 AM,2017,03,12,00,79.1,163,Unhealthy,100.0,UG/M3,1 Hr,Valid
Hyderabad,PM2.5 - Principal,2017-03-12 01:00 AM,2017,03,12,01,92.0,170,Unhealthy,105.0,UG/M3,1 Hr,Valid
Hyderabad,PM2.5 - Principal,2017-03-12 03:00 AM,2017,03,12,03,116.0,182,Unhealthy,140.0,UG/M3,1 Hr,Valid
Hyderabad,PM2.5 - Principal,2017-03-12 03:00 AM,2017,03,12,03,137.0,193,Unhealthy,158.0,UG/M3,1 Hr,Valid
Hyderabad,PM2.5 - Principal,2017-03-12 04:00 AM,2017,03,12,04,149.0,199,Unhealthy,161.0,UG/M3,1 Hr,Valid
Hyderabad,PM2.5 - Principal,2017-03-12 05:00 AM,2017,03,12,05,155.0,205,Very Unhealthy,161.0,UG/M3,1 Hr,Valid
Hyderabad,PM2.5 - Principal,2017-03-12 06:00 AM,2017,03,12,06,151.0,201,Very Unhealthy,147.0,UG/M3,1 Hr,Valid
Hyderabad,PM2.5 - Principal,2017-03-12 07:00 AM,2017,03,12,07,142.0,196,Unhealthy,133.0,UG/M3,1 Hr,Valid
Hyderabad,PM2.5 - Principal,2017-03-12 08:00 AM,2017,03,12,08,106.5,177,Unhealthy,71.0,UG/M3,1 Hr,Valid
Hyderabad,PM2.5 - Principal,2017-03-12 09:00 AM,2017,03,12,09,82.7,165,Unhealthy,59.0,UG/M3,1 Hr,Valid
Hyderabad,PM2.5 - Principal,2017-03-12 10:00 AM,2017,03,12,10,63.3,155,Unhealthy,44.0,UG/M3,1 Hr,Valid
Hyderabad,PM2.5 - Principal,2017-03-12 11:00 AM,2017,03,12,11,51.1,139,Unhealthy for Sensitive Groups,39.0,UG/M3,1 Hr,Valid
Hyderabad,PM2.5 - Principal,2017-03-12 12:00 PM,2017,03,12,12,47.0,129,Unhealthy for Sensitive Groups,43.0,UG/M3,1 Hr,Valid
Hyderabad,PM2.5 - Principal,2017-03-12 01:00 PM,2017,03,12,13,43.0,119,Unhealthy for Sensitive Groups,39.0,UG/M3,1 Hr,Valid
Hyderabad,PM2.5 - Principal,2017-03-12 02:00 PM,2017,03,12,14,36.5,103,Unhealthy for Sensitive Groups,30.0,UG/M3,1 Hr,Valid
Hyderabad,PM2.5 - Principal,2017-03-12 03:00 PM,2017,03,12,15,36.7,104,Unhealthy for Sensitive Groups,37.0,UG/M3,1 Hr,Valid
Hyderabad,PM2.5 - Principal,2017-03-12 04:00 PM,2017,03,12,16,35.8,102,Unhealthy for Sensitive Groups,35.0,UG/M3,1 Hr,Valid
Hyderabad,PM2.5 - Principal,2017-03-12 05:00 PM,2017,03,12,17,36.9,104,Unhealthy for Sensitive Groups,38.0,UG/M3,1 Hr,Valid
Hyderabad,PM2.5 - Principal,2017-03-12 06:00 PM,2017,03,12,18,38.4,108,Unhealthy for Sensitive Groups,40.0,UG/M3,1 Hr,Valid
Hyderabad,PM2.5 - Principal,2017-03-12 07:00 PM,2017,03,12,19,43.7,121,Unhealthy for Sensitive Groups,49.0,UG/M3,1 Hr,Valid
Hyderabad,PM2.5 - Principal,2017-03-12 08:00 PM,2017,03,12,20,51.8,141,Unhealthy for Sensitive Groups,60.0,UG/M3,1 Hr,Valid
Hyderabad,PM2.5 - Principal,2017-03-12 09:00 PM,2017,03,12,21,58.4,152,Unhealthy,65.0,UG/M3,1 Hr,Valid
Hyderabad,PM2.5 - Principal,2017-03-12 10:00 PM,2017,03,12,22,59.7,153,Unhealthy,61.0,UG/M3,1 Hr,Valid
Hyderabad,PM2.5 - Principal,2017-03-12 11:00 PM,2017,03,12,23,60.3,153,Unhealthy,61.0,UG/M3,1 Hr,Valid
Hyderabad,PM2.5 - Principal,2017-03-13 12:00 AM,2017,03,13,00,57.1,152,Unhealthy,54.0,UG/M3,1 Hr,Valid
Hyderabad,PM2.5 - Principal,2017-03-13 01:00 AM,2017,03,13,01,55.5,151,Unhealthy,54.0,UG/M3,1 Hr,Valid
Hyderabad,PM2.5 - Principal,2017-03-13 02:00 AM,2017,03,13,02,56.3,151,Unhealthy,57.0,UG/M3,1 Hr,Valid
Hyderabad,PM2.5 - Principal,2017-03-13 03:00 AM,2017,03,13,03,56.6,152,Unhealthy,57.0,UG/M3,1 Hr,Valid
Hyderabad,PM2.5 - Principal,2017-03-13 04:00 AM,2017,03,13,04,56.7,152,Unhealthy,57.0,UG/M3,1 Hr,Valid
Hyderabad,PM2.5 - Principal,2017-03-13 05:00 AM,2017,03,13,05,55.7,151,Unhealthy,54.0,UG/M3,1 Hr,Valid
Hyderabad,PM2.5 - Principal,2017-03-13 06:00 AM,2017,03,13,06,57.9,152,Unhealthy,63.0,UG/M3,1 Hr,Valid
Hyderabad,PM2.5 - Principal,2017-03-13 07:00 AM,2017,03,13,07,60.2,153,Unhealthy,68.0,UG/M3,1 Hr,Valid
Hyderabad,PM2.5 - Principal,2017-03-13 08:00 AM,2017,03,13,08,68.1,158,Unhealthy,81.0,UG/M3,1 Hr,Valid
Hyderabad,PM2.5 - Principal,2017-03-13 09:00 AM,2017,03,13,09,71.7,159,Unhealthy,79.0,UG/M3,1 Hr,Valid
Hyderabad,PM2.5 - Principal,2017-03-13 10:00 AM,2017,03,13,10,68.8,158,Unhealthy,63.0,UG/M3,1 Hr,Valid
Hyderabad,PM2.5 - Principal,2017-03-13 11:00 AM,2017,03,13,11,68.9,158,Unhealthy,69.0,UG/M3,1 Hr,Valid
Hyderabad,PM2.5 - Principal,2017-03-13 12:00 PM,2017,03,13,12,66.6,157,Unhealthy,62.0,UG/M3,1 Hr,Valid
Hyderabad,PM2.5 - Principal,2017-03-13 01:00 PM,2017,03,13,13,63.0,155,Unhealthy,56.0,UG/M3,1 Hr,Valid
Hyderabad,PM2.5 - Principal,2017-03-13 02:00 PM,2017,03,13,14,62.0,154,Unhealthy,60.0,UG/M3,1 Hr,Valid
Hyderabad,PM2.5 - Principal,2017-03-13 03:00 PM,2017,03,13,15,61.0,154,Unhealthy,59.0,UG/M3,1 Hr,Valid
Hyderabad,PM2.5 - Principal,2017-03-13 04:00 PM,2017,03,13,16,51.9,141,Unhealthy for Sensitive Groups,43.0,UG/M3,1 Hr,Valid
Hyderabad,PM2.5 - Principal,2017-03-13 05:00 PM,2017,03,13,17,52.9,144,Unhealthy for Sensitive Groups,54.0,UG/M3,1 Hr,Valid
Hyderabad,PM2.5 - Principal,2017-03-13 06:00 PM,2017,03,13,18,55.7,151,Unhealthy,59.0,UG/M3,1 Hr,Valid
Hyderabad,PM2.5 - Principal,2017-03-13 07:00 PM,2017,03,13,19,53.5,145,Unhealthy for Sensitive Groups,51.0,UG/M3,1 Hr,Valid
Hyderabad,PM2.5 - Principal,2017-03-13 08:00 PM,2017,03,13,20,56.0,151,Unhealthy,59.0,UG/M3,1 Hr,Valid
Hyderabad,PM2.5 - Principal,2017-03-13 09:00 PM,2017,03,13,21,62.9,155,Unhealthy,73.0,UG/M3,1 Hr,Valid
Hyderabad,PM2.5 - Principal,2017-03-13 10:00 PM,2017,03,13,22,60.4,154,Unhealthy,57.0,UG/M3,1 Hr,Valid
Hyderabad,PM2.5 - Principal,2017-03-13 11:00 PM,2017,03,13,23,60.2,153,Unhealthy,60.0,UG/M3,1 Hr,Valid
Hyderabad,PM2.5 - Principal,2017-03-14 12:00 AM,2017,03,14,00,61.4,154,Unhealthy,63.0,UG/M3,1 Hr,Valid
Hyderabad,PM2.5 - Principal,2017-03-14 01:00 AM,2017,03,14,01,64.1,155,Unhealthy,68.0,UG/M3,1 Hr,Valid
Hyderabad,PM2.5 - Principal,2017-03-14 02:00 AM,2017,03,14,02,63.6,155,Unhealthy,63.0,UG/M3,1 Hr,Valid
Hyderabad,PM2.5 - Principal,2017-03-14 03:00 AM,2017,03,14,03,57.6,152,Unhealthy,49.0,UG/M3,1 Hr,Valid
Hyderabad,PM2.5 - Principal,2017-03-14 04:00 AM,2017,03,14,04,52.3,142,Unhealthy for Sensitive Groups,44.0,UG/M3,1 Hr,Valid
Hyderabad,PM2.5 - Principal,2017-03-14 05:00 AM,2017,03,14,05,48.3,133,Unhealthy for Sensitive Groups,43.0,UG/M3,1 Hr,Valid
Hyderabad,PM2.5 - Principal,2017-03-14 06:00 AM,2017,03,14,06,48.5,133,Unhealthy for Sensitive Groups,49.0,UG/M3,1 Hr,Valid
Hyderabad,PM2.5 - Principal,2017-03-14 07:00 AM,2017,03,14,07,50.4,138,Unhealthy for Sensitive Groups,53.0,UG/M3,1 Hr,Valid
Hyderabad,PM2.5 - Principal,2017-03-14 08:00 AM,2017,03,14,08,51.4,140,Unhealthy for Sensitive Groups,53.0,UG/M3,1 Hr,Valid
Hyderabad,PM2.5 - Principal,2017-03-14 09:00 AM,2017,03,14,09,54.9,149,Unhealthy for Sensitive Groups,61.0,UG/M3,1 Hr,Valid
Hyderabad,PM2.5 - Principal,2017-03-14 10:00 AM,2017,03,14,10,52.7,143,Unhealthy for Sensitive Groups,49.0,UG/M3,1 Hr,Valid
Hyderabad,PM2.5 - Principal,2017-03-14 11:00 AM,2017,03,14,11,49.1,134,Unhealthy for Sensitive Groups,43.0,UG/M3,1 Hr,Valid
Hyderabad,PM2.5 - Principal,2017-03-14 12:00 PM,2017,03,14,12,45.1,125,Unhealthy for Sensitive Groups,40.0,UG/M3,1 Hr,Valid
Hyderabad,PM2.5 - Principal,2017-03-14 01:00 PM,2017,03,14,13,35.4,100,Moderate,27.0,UG/M3,1 Hr,Valid
Hyderabad,PM2.5 - Principal,2017-03-14 02:00 PM,2017,03,14,14,30.7,90,Moderate,26.0,UG/M3,1 Hr,Valid
Hyderabad,PM2.5 - Principal,2017-03-14 03:00 PM,2017,03,14,15,30.8,90,Moderate,31.0,UG/M3,1 Hr,Valid
Hyderabad,PM2.5 - Principal,2017-03-14 04:00 PM,2017,03,14,16,33.4,96,Moderate,36.0,UG/M3,1 Hr,Valid
Hyderabad,PM2.5 - Principal,2017-03-14 05:00 PM,2017,03,14,17,35.7,101,Unhealthy for Sensitive Groups,38.0,UG/M3,1 Hr,Valid
Hyderabad,PM2.5 - Principal,2017-03-14 06:00 PM,2017,03,14,18,39.3,110,Unhealthy for Sensitive Groups,43.0,UG/M3,1 Hr,Valid
Hyderabad,PM2.5 - Principal,2017-03-14 07:00 PM,2017,03,14,19,44.1,122,Unhealthy for Sensitive Groups,49.0,UG/M3,1 Hr,Valid
Hyderabad,PM2.5 - Principal,2017-03-14 08:00 PM,2017,03,14,20,45.5,126,Unhealthy for Sensitive Groups,47.0,UG/M3,1 Hr,Valid
Hyderabad,PM2.5 - Principal,2017-03-14 09:00 PM,2017,03,14,21,47.0,129,Unhealthy for Sensitive Groups,49.0,UG/M3,1 Hr,Valid
Hyderabad,PM2.5 - Principal,2017-03-14 10:00 PM,2017,03,14,22,42.3,118,Unhealthy for Sensitive Groups,37.0,UG/M3,1 Hr,Valid
Hyderabad,PM2.5 - Principal,2017-03-14 11:00 PM,2017,03,14,23,35.1,99,Moderate,27.0,UG/M3,1 Hr,Valid
Hyderabad,PM2.5 - Principal,2017-03-15 12:00 AM,2017,03,15,00,28.2,85,Moderate,22.0,UG/M3,1 Hr,Valid
Hyderabad,PM2.5 - Principal,2017-03-15 01:00 AM,2017,03,15,01,22.6,73,Moderate,17.0,UG/M3,1 Hr,Valid
Hyderabad,PM2.5 - Principal,2017-03-15 02:00 AM,2017,03,15,02,21.8,71,Moderate,21.0,UG/M3,1 Hr,Valid
Hyderabad,PM2.5 - Principal,2017-03-15 03:00 AM,2017,03,15,03,20.9,70,Moderate,20.0,UG/M3,1 Hr,Valid
Hyderabad,PM2.5 - Principal,2017-03-15 04:00 AM,2017,03,15,04,20.9,70,Moderate,21.0,UG/M3,1 Hr,Valid
Hyderabad,PM2.5 - Principal,2017-03-15 05:00 AM,2017,03,15,05,16.9,61,Moderate,13.0,UG/M3,1 Hr,Valid
Hyderabad,PM2.5 - Principal,2017-03-15 06:00 AM,2017,03,15,06,20.9,70,Moderate,25.0,UG/M3,1 Hr,Valid
Hyderabad,PM2.5 - Principal,2017-03-15 07:00 AM,2017,03,15,07,23.9,76,Moderate,27.0,UG/M3,1 Hr,Valid
Hyderabad,PM2.5 - Principal,2017-03-15 08:00 AM,2017,03,15,08,23.4,75,Moderate,23.0,UG/M3,1 Hr,Valid
Hyderabad,PM2.5 - Principal,2017-03-15 09:00 AM,2017,03,15,09,24.2,76,Moderate,25.0,UG/M3,1 Hr,Valid
Hyderabad,PM2.5 - Principal,2017-03-15 10:00 AM,2017,03,15,10,25.1,78,Moderate,26.0,UG/M3,1 Hr,Valid
Hyderabad,PM2.5 - Principal,2017-03-15 11:00 AM,2017,03,15,11,27.5,83,Moderate,30.0,UG/M3,1 Hr,Valid
Hyderabad,PM2.5 - Principal,2017-03-15 12:00 PM,2017,03,15,12,26.2,81,Moderate,25.0,UG/M3,1 Hr,Valid
Hyderabad,PM2.5 - Principal,2017-03-15 01:00 PM,2017,03,15,13,26.1,80,Moderate,26.0,UG/M3,1 Hr,Valid
Hyderabad,PM2.5 - Principal,2017-03-15 02:00 PM,2017,03,15,14,29.0,87,Moderate,32.0,UG/M3,1 Hr,Valid
Hyderabad,PM2.5 - Principal,2017-03-15 03:00 PM,2017,03,15,15,31.0,91,Moderate,33.0,UG/M3,1 Hr,Valid
Hyderabad,PM2.5 - Principal,2017-03-15 04:00 PM,2017,03,15,16,35.5,101,Unhealthy for Sensitive Groups,40.0,UG/M3,1 Hr,Valid
Hyderabad,PM2.5 - Principal,2017-03-15 05:00 PM,2017,03,15,17,36.0,102,Unhealthy for Sensitive Groups,38.0,UG/M3,1 Hr,Valid
Hyderabad,PM2.5 - Principal,2017-03-15 06:00 PM,2017,03,15,18,41.3,115,Unhealthy for Sensitive Groups,46.0,UG/M3,1 Hr,Valid
Hyderabad,PM2.5 - Principal,2017-03-15 07:00 PM,2017,03,15,19,45.1,125,Unhealthy for Sensitive Groups,49.0,UG/M3,1 Hr,Valid
Hyderabad,PM2.5 - Principal,2017-03-15 08:00 PM,2017,03,15,20,48.1,132,Unhealthy for Sensitive Groups,51.0,UG/M3,1 Hr,Valid
Hyderabad,PM2.5 - Principal,2017-03-15 09:00 PM,2017,03,15,21,46.5,128,Unhealthy for Sensitive Groups,45.0,UG/M3,1 Hr,Valid
Hyderabad,PM2.5 - Principal,2017-03-15 10:00 PM,2017,03,15,22,47.7,131,Unhealthy for Sensitive Groups,49.0,UG/M3,1 Hr,Valid
Hyderabad,PM2.5 - Principal,2017-03-15 11:00 PM,2017,03,15,23,41.8,117,Unhealthy for Sensitive Groups,36.0,UG/M3,1 Hr,Valid
Hyderabad,PM2.5 - Principal,2017-03-16 12:00 AM,2017,03,16,00,41.9,117,Unhealthy for Sensitive Groups,42.0,UG/M3,1 Hr,Valid
Hyderabad,PM2.5 - Principal,2017-03-16 01:00 AM,2017,03,16,01,42.0,117,Unhealthy for Sensitive Groups,41.0,UG/M3,1 Hr,Valid
Hyderabad,PM2.5 - Principal,2017-03-16 02:00 AM,2017,03,16,02,37.6,106,Unhealthy for Sensitive Groups,31.0,UG/M3,1 Hr,Valid
Hyderabad,PM2.5 - Principal,2017-03-16 03:00 AM,2017,03,16,03,33.6,96,Moderate,29.0,UG/M3,1 Hr,Valid
Hyderabad,PM2.5 - Principal,2017-03-16 04:00 AM,2017,03,16,04,31.6,92,Moderate,29.0,UG/M3,1 Hr,Valid
Hyderabad,PM2.5 - Principal,2017-03-16 05:00 AM,2017,03,16,05,31.7,92,Moderate,32.0,UG/M3,1 Hr,Valid
Hyderabad,PM2.5 - Principal,2017-03-16 06:00 AM,2017,03,16,06,34.8,99,Moderate,39.0,UG/M3,1 Hr,Valid
Hyderabad,PM2.5 - Principal,2017-03-16 07:00 AM,2017,03,16,07,40.5,113,Unhealthy for Sensitive Groups,48.0,UG/M3,1 Hr,Valid
Hyderabad,PM2.5 - Principal,2017-03-16 08:00 AM,2017,03,16,08,40.1,112,Unhealthy for Sensitive Groups,40.0,UG/M3,1 Hr,Valid
Hyderabad,PM2.5 - Principal,2017-03-16 09:00 AM,2017,03,16,09,44.9,124,Unhealthy for Sensitive Groups,51.0,UG/M3,1 Hr,Valid
Hyderabad,PM2.5 - Principal,2017-03-16 10:00 AM,2017,03,16,10,44.9,124,Unhealthy for Sensitive Groups,-999.0,UG/M3,1 Hr,Missing
Hyderabad,PM2.5 - Principal,2017-03-16 11:00 AM,2017,03,16,11,54.6,148,Unhealthy for Sensitive Groups,59.0,UG/M3,1 Hr,Valid
Hyderabad,PM2.5 - Principal,2017-03-16 12:00 PM,2017,03,16,12,46.2,127,Unhealthy for Sensitive Groups,40.0,UG/M3,1 Hr,Valid
Hyderabad,PM2.5 - Principal,2017-03-16 01:00 PM,2017,03,16,13,47.1,130,Unhealthy for Sensitive Groups,48.0,UG/M3,1 Hr,Valid
Hyderabad,PM2.5 - Principal,2017-03-16 02:00 PM,2017,03,16,14,45.0,124,Unhealthy for Sensitive Groups,43.0,UG/M3,1 Hr,Valid
Hyderabad,PM2.5 - Principal,2017-03-16 03:00 PM,2017,03,16,15,47.5,131,Unhealthy for Sensitive Groups,50.0,UG/M3,1 Hr,Valid
Hyderabad,PM2.5 - Principal,2017-03-16 04:00 PM,2017,03,16,16,42.6,118,Unhealthy for Sensitive Groups,37.0,UG/M3,1 Hr,Valid
Hyderabad,PM2.5 - Principal,2017-03-16 05:00 PM,2017,03,16,17,40.3,113,Unhealthy for Sensitive Groups,36.0,UG/M3,1 Hr,Valid
Hyderabad,PM2.5 - Principal,2017-03-16 06:00 PM,2017,03,16,18,41.4,116,Unhealthy for Sensitive Groups,43.0,UG/M3,1 Hr,Valid
Hyderabad,PM2.5 - Principal,2017-03-16 07:00 PM,2017,03,16,19,47.9,132,Unhealthy for Sensitive Groups,58.0,UG/M3,1 Hr,Valid
Hyderabad,PM2.5 - Principal,2017-03-16 08:00 PM,2017,03,16,20,52.8,144,Unhealthy for Sensitive Groups,60.0,UG/M3,1 Hr,Valid
Hyderabad,PM2.5 - Principal,2017-03-16 09:00 PM,2017,03,16,21,49.7,136,Unhealthy for Sensitive Groups,45.0,UG/M3,1 Hr,Valid
Hyderabad,PM2.5 - Principal,2017-03-16 10:00 PM,2017,03,16,22,49.8,136,Unhealthy for Sensitive Groups,50.0,UG/M3,1 Hr,Valid
Hyderabad,PM2.5 - Principal,2017-03-16 11:00 PM,2017,03,16,23,52.2,142,Unhealthy for Sensitive Groups,56.0,UG/M3,1 Hr,Valid
Hyderabad,PM2.5 - Principal,2017-03-17 12:00 AM,2017,03,17,00,53.3,145,Unhealthy for Sensitive Groups,55.0,UG/M3,1 Hr,Valid
Hyderabad,PM2.5 - Principal,2017-03-17 01:00 AM,2017,03,17,01,55.2,150,Unhealthy for Sensitive Groups,58.0,UG/M3,1 Hr,Valid
Hyderabad,PM2.5 - Principal,2017-03-17 02:00 AM,2017,03,17,02,54.7,148,Unhealthy for Sensitive Groups,54.0,UG/M3,1 Hr,Valid
Hyderabad,PM2.5 - Principal,2017-03-17 03:00 AM,2017,03,17,03,56.0,151,Unhealthy,58.0,UG/M3,1 Hr,Valid
Hyderabad,PM2.5 - Principal,2017-03-17 04:00 AM,2017,03,17,04,58.6,153,Unhealthy,62.0,UG/M3,1 Hr,Valid
Hyderabad,PM2.5 - Principal,2017-03-17 05:00 AM,2017,03,17,05,59.0,153,Unhealthy,62.0,UG/M3,1 Hr,Valid
Hyderabad,PM2.5 - Principal,2017-03-17 06:00 AM,2017,03,17,06,59.1,153,Unhealthy,60.0,UG/M3,1 Hr,Valid
Hyderabad,PM2.5 - Principal,2017-03-17 07:00 AM,2017,03,17,07,85.6,167,Unhealthy,111.0,UG/M3,1 Hr,Valid
Hyderabad,PM2.5 - Principal,2017-03-17 08:00 AM,2017,03,17,08,79.8,164,Unhealthy,74.0,UG/M3,1 Hr,Valid
Hyderabad,PM2.5 - Principal,2017-03-17 09:00 AM,2017,03,17,09,82.4,165,Unhealthy,85.0,UG/M3,1 Hr,Valid
Hyderabad,PM2.5 - Principal,2017-03-17 10:00 AM,2017,03,17,10,86.2,167,Unhealthy,90.0,UG/M3,1 Hr,Valid
Hyderabad,PM2.5 - Principal,2017-03-17 11:00 AM,2017,03,17,11,89.6,169,Unhealthy,93.0,UG/M3,1 Hr,Valid
Hyderabad,PM2.5 - Principal,2017-03-17 12:00 PM,2017,03,17,12,71.8,159,Unhealthy,54.0,UG/M3,1 Hr,Valid
Hyderabad,PM2.5 - Principal,2017-03-17 01:00 PM,2017,03,17,13,60.4,154,Unhealthy,49.0,UG/M3,1 Hr,Valid
Hyderabad,PM2.5 - Principal,2017-03-17 02:00 PM,2017,03,17,14,53.7,146,Unhealthy for Sensitive Groups,47.0,UG/M3,1 Hr,Valid
Hyderabad,PM2.5 - Principal,2017-03-17 03:00 PM,2017,03,17,15,47.3,130,Unhealthy for Sensitive Groups,41.0,UG/M3,1 Hr,Valid
Hyderabad,PM2.5 - Principal,2017-03-17 04:00 PM,2017,03,17,16,44.6,123,Unhealthy for Sensitive Groups,42.0,UG/M3,1 Hr,Valid
Hyderabad,PM2.5 - Principal,2017-03-17 05:00 PM,2017,03,17,17,40.8,114,Unhealthy for Sensitive Groups,37.0,UG/M3,1 Hr,Valid
Hyderabad,PM2.5 - Principal,2017-03-17 06:00 PM,2017,03,17,18,44.9,124,Unhealthy for Sensitive Groups,49.0,UG/M3,1 Hr,Valid
Hyderabad,PM2.5 - Principal,2017-03-17 07:00 PM,2017,03,17,19,51.9,141,Unhealthy for Sensitive Groups,59.0,UG/M3,1 Hr,Valid
Hyderabad,PM2.5 - Principal,2017-03-17 08:00 PM,2017,03,17,20,53.4,145,Unhealthy for Sensitive Groups,55.0,UG/M3,1 Hr,Valid
Hyderabad,PM2.5 - Principal,2017-03-17 09:00 PM,2017,03,17,21,88.2,168,Unhealthy,123.0,UG/M3,1 Hr,Valid
Hyderabad,PM2.5 - Principal,2017-03-17 10:00 PM,2017,03,17,22,108.1,178,Unhealthy,128.0,UG/M3,1 Hr,Valid
Hyderabad,PM2.5 - Principal,2017-03-17 11:00 PM,2017,03,17,23,116.0,182,Unhealthy,124.0,UG/M3,1 Hr,Valid
Hyderabad,PM2.5 - Principal,2017-03-18 12:00 AM,2017,03,18,00,116.5,182,Unhealthy,117.0,UG/M3,1 Hr,Valid
Hyderabad,PM2.5 - Principal,2017-03-18 01:00 AM,2017,03,18,01,113.2,181,Unhealthy,110.0,UG/M3,1 Hr,Valid
Hyderabad,PM2.5 - Principal,2017-03-18 02:00 AM,2017,03,18,02,111.6,180,Unhealthy,110.0,UG/M3,1 Hr,Valid
Hyderabad,PM2.5 - Principal,2017-03-18 03:00 AM,2017,03,18,03,125.3,187,Unhealthy,139.0,UG/M3,1 Hr,Valid
Hyderabad,PM2.5 - Principal,2017-03-18 04:00 AM,2017,03,18,04,136.6,193,Unhealthy,148.0,UG/M3,1 Hr,Valid
Hyderabad,PM2.5 - Principal,2017-03-18 05:00 AM,2017,03,18,05,149.3,199,Unhealthy,162.0,UG/M3,1 Hr,Valid
Hyderabad,PM2.5 - Principal,2017-03-18 06:00 AM,2017,03,18,06,150.1,200,Unhealthy,151.0,UG/M3,1 Hr,Valid
Hyderabad,PM2.5 - Principal,2017-03-18 07:00 AM,2017,03,18,07,165.6,216,Very Unhealthy,181.0,UG/M3,1 Hr,Valid
Hyderabad,PM2.5 - Principal,2017-03-18 08:00 AM,2017,03,18,08,182.4,233,Very Unhealthy,204.0,UG/M3,1 Hr,Valid
Hyderabad,PM2.5 - Principal,2017-03-18 09:00 AM,2017,03,18,09,167.4,218,Very Unhealthy,150.0,UG/M3,1 Hr,Valid
Hyderabad,PM2.5 - Principal,2017-03-18 10:00 AM,2017,03,18,10,124.2,186,Unhealthy,81.0,UG/M3,1 Hr,Valid
Hyderabad,PM2.5 - Principal,2017-03-18 11:00 AM,2017,03,18,11,88.0,168,Unhealthy,52.0,UG/M3,1 Hr,Valid
Hyderabad,PM2.5 - Principal,2017-03-18 12:00 PM,2017,03,18,12,65.5,156,Unhealthy,43.0,UG/M3,1 Hr,Valid
Hyderabad,PM2.5 - Principal,2017-03-18 01:00 PM,2017,03,18,13,58.2,152,Unhealthy,51.0,UG/M3,1 Hr,Valid
Hyderabad,PM2.5 - Principal,2017-03-18 02:00 PM,2017,03,18,14,54.1,147,Unhealthy for Sensitive Groups,50.0,UG/M3,1 Hr,Valid
Hyderabad,PM2.5 - Principal,2017-03-18 03:00 PM,2017,03,18,15,46.5,128,Unhealthy for Sensitive Groups,39.0,UG/M3,1 Hr,Valid
Hyderabad,PM2.5 - Principal,2017-03-18 04:00 PM,2017,03,18,16,42.7,119,Unhealthy for Sensitive Groups,39.0,UG/M3,1 Hr,Valid
Hyderabad,PM2.5 - Principal,2017-03-18 05:00 PM,2017,03,18,17,44.3,123,Unhealthy for Sensitive Groups,46.0,UG/M3,1 Hr,Valid
Hyderabad,PM2.5 - Principal,2017-03-18 06:00 PM,2017,03,18,18,48.1,132,Unhealthy for Sensitive Groups,52.0,UG/M3,1 Hr,Valid
Hyderabad,PM2.5 - Principal,2017-03-18 07:00 PM,2017,03,18,19,53.5,145,Unhealthy for Sensitive Groups,59.0,UG/M3,1 Hr,Valid
Hyderabad,PM2.5 - Principal,2017-03-18 08:00 PM,2017,03,18,20,73.2,160,Unhealthy,93.0,UG/M3,1 Hr,Valid
Hyderabad,PM2.5 - Principal,2017-03-18 09:00 PM,2017,03,18,21,88.1,168,Unhealthy,103.0,UG/M3,1 Hr,Valid
Hyderabad,PM2.5 - Principal,2017-03-18 10:00 PM,2017,03,18,22,98.5,173,Unhealthy,109.0,UG/M3,1 Hr,Valid
Hyderabad,PM2.5 - Principal,2017-03-18 11:00 PM,2017,03,18,23,110.7,180,Unhealthy,123.0,UG/M3,1 Hr,Valid
Hyderabad,PM2.5 - Principal,2017-03-19 12:00 AM,2017,03,19,00,128.9,189,Unhealthy,147.0,UG/M3,1 Hr,Valid
Hyderabad,PM2.5 - Principal,2017-03-19 01:00 AM,2017,03,19,01,161.4,212,Very Unhealthy,194.0,UG/M3,1 Hr,Valid
Hyderabad,PM2.5 - Principal,2017-03-19 02:00 AM,2017,03,19,02,157.7,208,Very Unhealthy,154.0,UG/M3,1 Hr,Valid
Hyderabad,PM2.5 - Principal,2017-03-19 03:00 AM,2017,03,19,03,130.8,190,Unhealthy,104.0,UG/M3,1 Hr,Valid
Hyderabad,PM2.5 - Principal,2017-03-19 04:00 AM,2017,03,19,04,120.4,185,Unhealthy,110.0,UG/M3,1 Hr,Valid
Hyderabad,PM2.5 - Principal,2017-03-19 05:00 AM,2017,03,19,05,128.7,189,Unhealthy,137.0,UG/M3,1 Hr,Valid
Hyderabad,PM2.5 - Principal,2017-03-19 06:00 AM,2017,03,19,06,148.3,199,Unhealthy,168.0,UG/M3,1 Hr,Valid
Hyderabad,PM2.5 - Principal,2017-03-19 07:00 AM,2017,03,19,07,197.7,248,Very Unhealthy,247.0,UG/M3,1 Hr,Valid
Hyderabad,PM2.5 - Principal,2017-03-19 08:00 AM,2017,03,19,08,210.8,261,Very Unhealthy,224.0,UG/M3,1 Hr,Valid
Hyderabad,PM2.5 - Principal,2017-03-19 09:00 AM,2017,03,19,09,186.9,237,Very Unhealthy,163.0,UG/M3,1 Hr,Valid
Hyderabad,PM2.5 - Principal,2017-03-19 10:00 AM,2017,03,19,10,127.4,188,Unhealthy,68.0,UG/M3,1 Hr,Valid
Hyderabad,PM2.5 - Principal,2017-03-19 11:00 AM,2017,03,19,11,90.2,169,Unhealthy,53.0,UG/M3,1 Hr,Valid
Hyderabad,PM2.5 - Principal,2017-03-19 12:00 PM,2017,03,19,12,68.6,158,Unhealthy,47.0,UG/M3,1 Hr,Valid
Hyderabad,PM2.5 - Principal,2017-03-19 01:00 PM,2017,03,19,13,53.7,146,Unhealthy for Sensitive Groups,39.0,UG/M3,1 Hr,Valid
Hyderabad,PM2.5 - Principal,2017-03-19 02:00 PM,2017,03,19,14,48.8,134,Unhealthy for Sensitive Groups,44.0,UG/M3,1 Hr,Valid
Hyderabad,PM2.5 - Principal,2017-03-19 03:00 PM,2017,03,19,15,50.9,139,Unhealthy for Sensitive Groups,53.0,UG/M3,1 Hr,Valid
Hyderabad,PM2.5 - Principal,2017-03-19 04:00 PM,2017,03,19,16,47.9,132,Unhealthy for Sensitive Groups,45.0,UG/M3,1 Hr,Valid
Hyderabad,PM2.5 - Principal,2017-03-19 05:00 PM,2017,03,19,17,44.4,123,Unhealthy for Sensitive Groups,41.0,UG/M3,1 Hr,Valid
Hyderabad,PM2.5 - Principal,2017-03-19 06:00 PM,2017,03,19,18,46.2,127,Unhealthy for Sensitive Groups,48.0,UG/M3,1 Hr,Valid
Hyderabad,PM2.5 - Principal,2017-03-19 07:00 PM,2017,03,19,19,48.5,133,Unhealthy for Sensitive Groups,51.0,UG/M3,1 Hr,Valid
Hyderabad,PM2.5 - Principal,2017-03-19 08:00 PM,2017,03,19,20,70.2,159,Unhealthy,92.0,UG/M3,1 Hr,Valid
Hyderabad,PM2.5 - Principal,2017-03-19 09:00 PM,2017,03,19,21,87.6,168,Unhealthy,105.0,UG/M3,1 Hr,Valid
Hyderabad,PM2.5 - Principal,2017-03-19 10:00 PM,2017,03,19,22,93.3,171,Unhealthy,99.0,UG/M3,1 Hr,Valid
Hyderabad,PM2.5 - Principal,2017-03-19 11:00 PM,2017,03,19,23,96.1,172,Unhealthy,99.0,UG/M3,1 Hr,Valid
Hyderabad,PM2.5 - Principal,2017-03-20 12:00 AM,2017,03,20,00,97.5,173,Unhealthy,99.0,UG/M3,1 Hr,Valid
Hyderabad,PM2.5 - Principal,2017-03-20 01:00 AM,2017,03,20,01,89.7,169,Unhealthy,82.0,UG/M3,1 Hr,Valid
Hyderabad,PM2.5 - Principal,2017-03-20 02:00 AM,2017,03,20,02,79.9,164,Unhealthy,70.0,UG/M3,1 Hr,Valid
Hyderabad,PM2.5 - Principal,2017-03-20 03:00 AM,2017,03,20,03,79.9,164,Unhealthy,80.0,UG/M3,1 Hr,Valid
Hyderabad,PM2.5 - Principal,2017-03-20 04:00 AM,2017,03,20,04,94.9,171,Unhealthy,110.0,UG/M3,1 Hr,Valid
Hyderabad,PM2.5 - Principal,2017-03-20 05:00 AM,2017,03,20,05,110.0,179,Unhealthy,125.0,UG/M3,1 Hr,Valid
Hyderabad,PM2.5 - Principal,2017-03-20 06:00 AM,2017,03,20,06,117.0,183,Unhealthy,124.0,UG/M3,1 Hr,Valid
Hyderabad,PM2.5 - Principal,2017-03-20 07:00 AM,2017,03,20,07,126.6,188,Unhealthy,137.0,UG/M3,1 Hr,Valid
Hyderabad,PM2.5 - Principal,2017-03-20 08:00 AM,2017,03,20,08,148.0,199,Unhealthy,169.0,UG/M3,1 Hr,Valid
Hyderabad,PM2.5 - Principal,2017-03-20 09:00 AM,2017,03,20,09,145.5,197,Unhealthy,143.0,UG/M3,1 Hr,Valid
Hyderabad,PM2.5 - Principal,2017-03-20 10:00 AM,2017,03,20,10,105.2,177,Unhealthy,65.0,UG/M3,1 Hr,Valid
Hyderabad,PM2.5 - Principal,2017-03-20 11:00 AM,2017,03,20,11,78.6,163,Unhealthy,52.0,UG/M3,1 Hr,Valid
Hyderabad,PM2.5 - Principal,2017-03-20 12:00 PM,2017,03,20,12,63.8,155,Unhealthy,49.0,UG/M3,1 Hr,Valid
Hyderabad,PM2.5 - Principal,2017-03-20 01:00 PM,2017,03,20,13,58.3,152,Unhealthy,53.0,UG/M3,1 Hr,Valid
Hyderabad,PM2.5 - Principal,2017-03-20 02:00 PM,2017,03,20,14,53.6,146,Unhealthy for Sensitive Groups,49.0,UG/M3,1 Hr,Valid
Hyderabad,PM2.5 - Principal,2017-03-20 03:00 PM,2017,03,20,15,46.8,129,Unhealthy for Sensitive Groups,40.0,UG/M3,1 Hr,Valid
Hyderabad,PM2.5 - Principal,2017-03-20 04:00 PM,2017,03,20,16,41.4,116,Unhealthy for Sensitive Groups,36.0,UG/M3,1 Hr,Valid
Hyderabad,PM2.5 - Principal,2017-03-20 05:00 PM,2017,03,20,17,39.6,111,Unhealthy for Sensitive Groups,38.0,UG/M3,1 Hr,Valid
Hyderabad,PM2.5 - Principal,2017-03-20 06:00 PM,2017,03,20,18,39.3,110,Unhealthy for Sensitive Groups,39.0,UG/M3,1 Hr,Valid
Hyderabad,PM2.5 - Principal,2017-03-20 07:00 PM,2017,03,20,19,45.1,125,Unhealthy for Sensitive Groups,51.0,UG/M3,1 Hr,Valid
Hyderabad,PM2.5 - Principal,2017-03-20 08:00 PM,2017,03,20,20,57.0,152,Unhealthy,69.0,UG/M3,1 Hr,Valid
Hyderabad,PM2.5 - Principal,2017-03-20 09:00 PM,2017,03,20,21,70.0,158,Unhealthy,83.0,UG/M3,1 Hr,Valid
Hyderabad,PM2.5 - Principal,2017-03-20 10:00 PM,2017,03,20,22,74.0,161,Unhealthy,78.0,UG/M3,1 Hr,Valid
Hyderabad,PM2.5 - Principal,2017-03-20 11:00 PM,2017,03,20,23,64.5,156,Unhealthy,55.0,UG/M3,1 Hr,Valid
Hyderabad,PM2.5 - Principal,2017-03-21 12:00 AM,2017,03,21,00,63.7,155,Unhealthy,63.0,UG/M3,1 Hr,Valid
Hyderabad,PM2.5 - Principal,2017-03-21 01:00 AM,2017,03,21,01,64.3,156,Unhealthy,65.0,UG/M3,1 Hr,Valid
Hyderabad,PM2.5 - Principal,2017-03-21 02:00 AM,2017,03,21,02,66.6,157,Unhealthy,69.0,UG/M3,1 Hr,Valid
Hyderabad,PM2.5 - Principal,2017-03-21 03:00 AM,2017,03,21,03,70.3,159,Unhealthy,74.0,UG/M3,1 Hr,Valid
Hyderabad,PM2.5 - Principal,2017-03-21 04:00 AM,2017,03,21,04,73.6,160,Unhealthy,77.0,UG/M3,1 Hr,Valid
Hyderabad,PM2.5 - Principal,2017-03-21 05:00 AM,2017,03,21,05,70.8,159,Unhealthy,68.0,UG/M3,1 Hr,Valid
Hyderabad,PM2.5 - Principal,2017-03-21 06:00 AM,2017,03,21,06,68.8,158,Unhealthy,66.0,UG/M3,1 Hr,Valid
Hyderabad,PM2.5 - Principal,2017-03-21 07:00 AM,2017,03,21,07,72.0,160,Unhealthy,78.0,UG/M3,1 Hr,Valid
Hyderabad,PM2.5 - Principal,2017-03-21 08:00 AM,2017,03,21,08,85.7,167,Unhealthy,101.0,UG/M3,1 Hr,Valid
Hyderabad,PM2.5 - Principal,2017-03-21 09:00 AM,2017,03,21,09,82.6,165,Unhealthy,79.0,UG/M3,1 Hr,Valid
Hyderabad,PM2.5 - Principal,2017-03-21 10:00 AM,2017,03,21,10,69.3,158,Unhealthy,54.0,UG/M3,1 Hr,Valid
Hyderabad,PM2.5 - Principal,2017-03-21 11:00 AM,2017,03,21,11,62.2,154,Unhealthy,54.0,UG/M3,1 Hr,Valid
Hyderabad,PM2.5 - Principal,2017-03-21 12:00 PM,2017,03,21,12,52.1,142,Unhealthy for Sensitive Groups,43.0,UG/M3,1 Hr,Valid
Hyderabad,PM2.5 - Principal,2017-03-21 01:00 PM,2017,03,21,13,53.5,145,Unhealthy for Sensitive Groups,55.0,UG/M3,1 Hr,Valid
Hyderabad,PM2.5 - Principal,2017-03-21 02:00 PM,2017,03,21,14,46.7,129,Unhealthy for Sensitive Groups,40.0,UG/M3,1 Hr,Valid
Hyderabad,PM2.5 - Principal,2017-03-21 03:00 PM,2017,03,21,15,43.3,120,Unhealthy for Sensitive Groups,40.0,UG/M3,1 Hr,Valid
Hyderabad,PM2.5 - Principal,2017-03-21 04:00 PM,2017,03,21,16,45.1,125,Unhealthy for Sensitive Groups,47.0,UG/M3,1 Hr,Valid
Hyderabad,PM2.5 - Principal,2017-03-21 05:00 PM,2017,03,21,17,45.1,125,Unhealthy for Sensitive Groups,-999.0,UG/M3,1 Hr,Missing
Hyderabad,PM2.5 - Principal,2017-03-21 06:00 PM,2017,03,21,18,45.7,126,Unhealthy for Sensitive Groups,46.0,UG/M3,1 Hr,Valid
Hyderabad,PM2.5 - Principal,2017-03-21 07:00 PM,2017,03,21,19,51.5,140,Unhealthy for Sensitive Groups,56.0,UG/M3,1 Hr,Valid
Hyderabad,PM2.5 - Principal,2017-03-21 08:00 PM,2017,03,21,20,57.0,152,Unhealthy,62.0,UG/M3,1 Hr,Valid
Hyderabad,PM2.5 - Principal,2017-03-21 09:00 PM,2017,03,21,21,60.4,154,Unhealthy,67.0,UG/M3,1 Hr,Valid
Hyderabad,PM2.5 - Principal,2017-03-21 10:00 PM,2017,03,21,22,59.4,153,Unhealthy,58.0,UG/M3,1 Hr,Valid
Hyderabad,PM2.5 - Principal,2017-03-21 11:00 PM,2017,03,21,23,59.4,153,Unhealthy,-999.0,UG/M3,1 Hr,Missing
Hyderabad,PM2.5 - Principal,2017-03-22 12:00 AM,2017,03,22,00,59.7,153,Unhealthy,60.0,UG/M3,1 Hr,Valid
Hyderabad,PM2.5 - Principal,2017-03-22 01:00 AM,2017,03,22,01,66.1,156,Unhealthy,72.0,UG/M3,1 Hr,Valid
Hyderabad,PM2.5 - Principal,2017-03-22 02:00 AM,2017,03,22,02,73.2,160,Unhealthy,79.0,UG/M3,1 Hr,Valid
Hyderabad,PM2.5 - Principal,2017-03-22 03:00 AM,2017,03,22,03,74.1,161,Unhealthy,77.0,UG/M3,1 Hr,Valid
Hyderabad,PM2.5 - Principal,2017-03-22 04:00 AM,2017,03,22,04,78.9,163,Unhealthy,84.0,UG/M3,1 Hr,Valid
Hyderabad,PM2.5 - Principal,2017-03-22 05:00 AM,2017,03,22,05,74.8,161,Unhealthy,70.0,UG/M3,1 Hr,Valid
Hyderabad,PM2.5 - Principal,2017-03-22 06:00 AM,2017,03,22,06,76.0,162,Unhealthy,79.0,UG/M3,1 Hr,Valid
Hyderabad,PM2.5 - Principal,2017-03-22 07:00 AM,2017,03,22,07,76.2,162,Unhealthy,77.0,UG/M3,1 Hr,Valid
Hyderabad,PM2.5 - Principal,2017-03-22 08:00 AM,2017,03,22,08,79.1,163,Unhealthy,85.0,UG/M3,1 Hr,Valid
Hyderabad,PM2.5 - Principal,2017-03-22 09:00 AM,2017,03,22,09,89.7,169,Unhealthy,102.0,UG/M3,1 Hr,Valid
Hyderabad,PM2.5 - Principal,2017-03-22 10:00 AM,2017,03,22,10,82.1,165,Unhealthy,72.0,UG/M3,1 Hr,Valid
Hyderabad,PM2.5 - Principal,2017-03-22 11:00 AM,2017,03,22,11,77.5,162,Unhealthy,71.0,UG/M3,1 Hr,Valid
Hyderabad,PM2.5 - Principal,2017-03-22 12:00 PM,2017,03,22,12,72.1,160,Unhealthy,63.0,UG/M3,1 Hr,Valid
Hyderabad,PM2.5 - Principal,2017-03-22 01:00 PM,2017,03,22,13,68.0,157,Unhealthy,62.0,UG/M3,1 Hr,Valid
Hyderabad,PM2.5 - Principal,2017-03-22 02:00 PM,2017,03,22,14,63.8,155,Unhealthy,59.0,UG/M3,1 Hr,Valid
Hyderabad,PM2.5 - Principal,2017-03-22 03:00 PM,2017,03,22,15,51.7,141,Unhealthy for Sensitive Groups,41.0,UG/M3,1 Hr,Valid
Hyderabad,PM2.5 - Principal,2017-03-22 04:00 PM,2017,03,22,16,49.8,136,Unhealthy for Sensitive Groups,48.0,UG/M3,1 Hr,Valid
Hyderabad,PM2.5 - Principal,2017-03-22 05:00 PM,2017,03,22,17,48.9,134,Unhealthy for Sensitive Groups,48.0,UG/M3,1 Hr,Valid
Hyderabad,PM2.5 - Principal,2017-03-22 06:00 PM,2017,03,22,18,55.9,151,Unhealthy,63.0,UG/M3,1 Hr,Valid
Hyderabad,PM2.5 - Principal,2017-03-22 07:00 PM,2017,03,22,19,65.9,156,Unhealthy,76.0,UG/M3,1 Hr,Valid
Hyderabad,PM2.5 - Principal,2017-03-22 08:00 PM,2017,03,22,20,70.9,159,Unhealthy,76.0,UG/M3,1 Hr,Valid
Hyderabad,PM2.5 - Principal,2017-03-22 09:00 PM,2017,03,22,21,70.9,159,Unhealthy,72.0,UG/M3,1 Hr,Valid
Hyderabad,PM2.5 - Principal,2017-03-22 10:00 PM,2017,03,22,22,78.2,163,Unhealthy,85.0,UG/M3,1 Hr,Valid
Hyderabad,PM2.5 - Principal,2017-03-22 11:00 PM,2017,03,22,23,85.1,166,Unhealthy,92.0,UG/M3,1 Hr,Valid
Hyderabad,PM2.5 - Principal,2017-03-23 12:00 AM,2017,03,23,00,90.5,169,Unhealthy,96.0,UG/M3,1 Hr,Valid
Hyderabad,PM2.5 - Principal,2017-03-23 01:00 AM,2017,03,23,01,107.2,178,Unhealthy,124.0,UG/M3,1 Hr,Valid
Hyderabad,PM2.5 - Principal,2017-03-23 02:00 AM,2017,03,23,02,113.6,181,Unhealthy,120.0,UG/M3,1 Hr,Valid
Hyderabad,PM2.5 - Principal,2017-03-23 03:00 AM,2017,03,23,03,109.3,179,Unhealthy,105.0,UG/M3,1 Hr,Valid
Hyderabad,PM2.5 - Principal,2017-03-23 04:00 AM,2017,03,23,04,104.6,176,Unhealthy,100.0,UG/M3,1 Hr,Valid
Hyderabad,PM2.5 - Principal,2017-03-23 05:00 AM,2017,03,23,05,110.2,179,Unhealthy,116.0,UG/M3,1 Hr,Valid
Hyderabad,PM2.5 - Principal,2017-03-23 06:00 AM,2017,03,23,06,115.6,182,Unhealthy,124.0,UG/M3,1 Hr,Valid
Hyderabad,PM2.5 - Principal,2017-03-23 07:00 AM,2017,03,23,07,124.6,187,Unhealthy,134.0,UG/M3,1 Hr,Valid
Hyderabad,PM2.5 - Principal,2017-03-23 08:00 AM,2017,03,23,08,128.9,189,Unhealthy,134.0,UG/M3,1 Hr,Valid
Hyderabad,PM2.5 - Principal,2017-03-23 09:00 AM,2017,03,23,09,126.4,188,Unhealthy,-999.0,UG/M3,1 Hr,Missing
Hyderabad,PM2.5 - Principal,2017-03-23 10:00 AM,2017,03,23,10,115.6,182,Unhealthy,102.0,UG/M3,1 Hr,Valid
Hyderabad,PM2.5 - Principal,2017-03-23 11:00 AM,2017,03,23,11,94.4,171,Unhealthy,76.0,UG/M3,1 Hr,Valid
Hyderabad,PM2.5 - Principal,2017-03-23 12:00 PM,2017,03,23,12,90.0,169,Unhealthy,85.0,UG/M3,1 Hr,Valid
Hyderabad,PM2.5 - Principal,2017-03-23 01:00 PM,2017,03,23,13,80.0,164,Unhealthy,71.0,UG/M3,1 Hr,Valid
Hyderabad,PM2.5 - Principal,2017-03-23 02:00 PM,2017,03,23,14,71.4,159,Unhealthy,64.0,UG/M3,1 Hr,Valid
Hyderabad,PM2.5 - Principal,2017-03-23 03:00 PM,2017,03,23,15,59.6,153,Unhealthy,48.0,UG/M3,1 Hr,Valid
Hyderabad,PM2.5 - Principal,2017-03-23 04:00 PM,2017,03,23,16,51.2,140,Unhealthy for Sensitive Groups,43.0,UG/M3,1 Hr,Valid
Hyderabad,PM2.5 - Principal,2017-03-23 05:00 PM,2017,03,23,17,46.1,127,Unhealthy for Sensitive Groups,41.0,UG/M3,1 Hr,Valid
Hyderabad,PM2.5 - Principal,2017-03-23 06:00 PM,2017,03,23,18,54.5,148,Unhealthy for Sensitive Groups,63.0,UG/M3,1 Hr,Valid
Hyderabad,PM2.5 - Principal,2017-03-23 07:00 PM,2017,03,23,19,53.7,146,Unhealthy for Sensitive Groups,53.0,UG/M3,1 Hr,Valid
Hyderabad,PM2.5 - Principal,2017-03-23 08:00 PM,2017,03,23,20,66.3,157,Unhealthy,79.0,UG/M3,1 Hr,Valid
Hyderabad,PM2.5 - Principal,2017-03-23 09:00 PM,2017,03,23,21,71.6,159,Unhealthy,77.0,UG/M3,1 Hr,Valid
Hyderabad,PM2.5 - Principal,2017-03-23 10:00 PM,2017,03,23,22,73.8,160,Unhealthy,76.0,UG/M3,1 Hr,Valid
Hyderabad,PM2.5 - Principal,2017-03-23 11:00 PM,2017,03,23,23,77.4,162,Unhealthy,81.0,UG/M3,1 Hr,Valid
Hyderabad,PM2.5 - Principal,2017-03-24 12:00 AM,2017,03,24,00,73.7,160,Unhealthy,70.0,UG/M3,1 Hr,Valid
Hyderabad,PM2.5 - Principal,2017-03-24 01:00 AM,2017,03,24,01,72.8,160,Unhealthy,72.0,UG/M3,1 Hr,Valid
Hyderabad,PM2.5 - Principal,2017-03-24 02:00 AM,2017,03,24,02,74.4,161,Unhealthy,76.0,UG/M3,1 Hr,Valid
Hyderabad,PM2.5 - Principal,2017-03-24 03:00 AM,2017,03,24,03,67.2,157,Unhealthy,60.0,UG/M3,1 Hr,Valid
Hyderabad,PM2.5 - Principal,2017-03-24 04:00 AM,2017,03,24,04,62.7,155,Unhealthy,58.0,UG/M3,1 Hr,Valid
Hyderabad,PM2.5 - Principal,2017-03-24 05:00 AM,2017,03,24,05,64.8,156,Unhealthy,64.0,UG/M3,1 Hr,Valid
Hyderabad,PM2.5 - Principal,2017-03-24 06:00 AM,2017,03,24,06,69.4,158,Unhealthy,78.0,UG/M3,1 Hr,Valid
Hyderabad,PM2.5 - Principal,2017-03-24 07:00 AM,2017,03,24,07,83.1,165,Unhealthy,101.0,UG/M3,1 Hr,Valid
Hyderabad,PM2.5 - Principal,2017-03-24 08:00 AM,2017,03,24,08,106.4,177,Unhealthy,127.0,UG/M3,1 Hr,Valid
Hyderabad,PM2.5 - Principal,2017-03-24 09:00 AM,2017,03,24,09,88.2,168,Unhealthy,70.0,UG/M3,1 Hr,Valid
Hyderabad,PM2.5 - Principal,2017-03-24 10:00 AM,2017,03,24,10,78.6,163,Unhealthy,69.0,UG/M3,1 Hr,Valid
Hyderabad,PM2.5 - Principal,2017-03-24 11:00 AM,2017,03,24,11,70.8,159,Unhealthy,63.0,UG/M3,1 Hr,Valid
Hyderabad,PM2.5 - Principal,2017-03-24 12:00 PM,2017,03,24,12,59.3,153,Unhealthy,48.0,UG/M3,1 Hr,Valid
Hyderabad,PM2.5 - Principal,2017-03-24 01:00 PM,2017,03,24,13,49.6,136,Unhealthy for Sensitive Groups,40.0,UG/M3,1 Hr,Valid
Hyderabad,PM2.5 - Principal,2017-03-24 02:00 PM,2017,03,24,14,44.8,124,Unhealthy for Sensitive Groups,40.0,UG/M3,1 Hr,Valid
Hyderabad,PM2.5 - Principal,2017-03-24 03:00 PM,2017,03,24,15,42.9,119,Unhealthy for Sensitive Groups,41.0,UG/M3,1 Hr,Valid
Hyderabad,PM2.5 - Principal,2017-03-24 04:00 PM,2017,03,24,16,41.9,117,Unhealthy for Sensitive Groups,41.0,UG/M3,1 Hr,Valid
Hyderabad,PM2.5 - Principal,2017-03-24 05:00 PM,2017,03,24,17,47.9,132,Unhealthy for Sensitive Groups,54.0,UG/M3,1 Hr,Valid
Hyderabad,PM2.5 - Principal,2017-03-24 06:00 PM,2017,03,24,18,49.9,136,Unhealthy for Sensitive Groups,52.0,UG/M3,1 Hr,Valid
Hyderabad,PM2.5 - Principal,2017-03-24 07:00 PM,2017,03,24,19,61.9,154,Unhealthy,74.0,UG/M3,1 Hr,Valid
Hyderabad,PM2.5 - Principal,2017-03-24 08:00 PM,2017,03,24,20,63.2,155,Unhealthy,66.0,UG/M3,1 Hr,Valid
Hyderabad,PM2.5 - Principal,2017-03-24 09:00 PM,2017,03,24,21,72.4,160,Unhealthy,81.0,UG/M3,1 Hr,Valid
Hyderabad,PM2.5 - Principal,2017-03-24 10:00 PM,2017,03,24,22,77.7,162,Unhealthy,83.0,UG/M3,1 Hr,Valid
Hyderabad,PM2.5 - Principal,2017-03-24 11:00 PM,2017,03,24,23,97.3,173,Unhealthy,117.0,UG/M3,1 Hr,Valid
Hyderabad,PM2.5 - Principal,2017-03-25 12:00 AM,2017,03,25,00,93.6,171,Unhealthy,90.0,UG/M3,1 Hr,Valid
Hyderabad,PM2.5 - Principal,2017-03-25 01:00 AM,2017,03,25,01,93.8,171,Unhealthy,94.0,UG/M3,1 Hr,Valid
Hyderabad,PM2.5 - Principal,2017-03-25 02:00 AM,2017,03,25,02,84.9,166,Unhealthy,76.0,UG/M3,1 Hr,Valid
Hyderabad,PM2.5 - Principal,2017-03-25 03:00 AM,2017,03,25,03,78.9,163,Unhealthy,73.0,UG/M3,1 Hr,Valid
Hyderabad,PM2.5 - Principal,2017-03-25 04:00 AM,2017,03,25,04,86.4,167,Unhealthy,94.0,UG/M3,1 Hr,Valid
Hyderabad,PM2.5 - Principal,2017-03-25 05:00 AM,2017,03,25,05,86.7,167,Unhealthy,87.0,UG/M3,1 Hr,Valid
Hyderabad,PM2.5 - Principal,2017-03-25 06:00 AM,2017,03,25,06,82.8,165,Unhealthy,78.0,UG/M3,1 Hr,Valid
Hyderabad,PM2.5 - Principal,2017-03-25 07:00 AM,2017,03,25,07,85.9,167,Unhealthy,90.0,UG/M3,1 Hr,Valid
Hyderabad,PM2.5 - Principal,2017-03-25 08:00 AM,2017,03,25,08,90.4,169,Unhealthy,98.0,UG/M3,1 Hr,Valid
Hyderabad,PM2.5 - Principal,2017-03-25 09:00 AM,2017,03,25,09,92.1,170,Unhealthy,95.0,UG/M3,1 Hr,Valid
Hyderabad,PM2.5 - Principal,2017-03-25 10:00 AM,2017,03,25,10,91.3,169,Unhealthy,90.0,UG/M3,1 Hr,Valid
Hyderabad,PM2.5 - Principal,2017-03-25 11:00 AM,2017,03,25,11,90.3,169,Unhealthy,-999.0,UG/M3,1 Hr,Missing
Hyderabad,PM2.5 - Principal,2017-03-25 12:00 PM,2017,03,25,12,-999.0,-999,N/A,-999.0,UG/M3,1 Hr,Missing
Hyderabad,PM2.5 - Principal,2017-03-25 01:00 PM,2017,03,25,13,-999.0,-999,N/A,-999.0,UG/M3,1 Hr,Missing
Hyderabad,PM2.5 - Principal,2017-03-25 02:00 PM,2017,03,25,14,-999.0,-999,N/A,60.0,UG/M3,1 Hr,Valid
Hyderabad,PM2.5 - Principal,2017-03-25 03:00 PM,2017,03,25,15,61.9,154,Unhealthy,58.0,UG/M3,1 Hr,Valid
Hyderabad,PM2.5 - Principal,2017-03-25 04:00 PM,2017,03,25,16,60.4,154,Unhealthy,59.0,UG/M3,1 Hr,Valid
Hyderabad,PM2.5 - Principal,2017-03-25 05:00 PM,2017,03,25,17,61.6,154,Unhealthy,63.0,UG/M3,1 Hr,Valid
Hyderabad,PM2.5 - Principal,2017-03-25 06:00 PM,2017,03,25,18,65.2,156,Unhealthy,70.0,UG/M3,1 Hr,Valid
Hyderabad,PM2.5 - Principal,2017-03-25 07:00 PM,2017,03,25,19,68.9,158,Unhealthy,74.0,UG/M3,1 Hr,Valid
Hyderabad,PM2.5 - Principal,2017-03-25 08:00 PM,2017,03,25,20,77.6,162,Unhealthy,91.0,UG/M3,1 Hr,Valid
Hyderabad,PM2.5 - Principal,2017-03-25 09:00 PM,2017,03,25,21,81.3,164,Unhealthy,89.0,UG/M3,1 Hr,Valid
Hyderabad,PM2.5 - Principal,2017-03-25 10:00 PM,2017,03,25,22,81.5,164,Unhealthy,82.0,UG/M3,1 Hr,Valid
Hyderabad,PM2.5 - Principal,2017-03-25 11:00 PM,2017,03,25,23,84.3,166,Unhealthy,89.0,UG/M3,1 Hr,Valid
Hyderabad,PM2.5 - Principal,2017-03-26 12:00 AM,2017,03,26,00,82.3,165,Unhealthy,79.0,UG/M3,1 Hr,Valid
Hyderabad,PM2.5 - Principal,2017-03-26 01:00 AM,2017,03,26,01,80.4,164,Unhealthy,77.0,UG/M3,1 Hr,Valid
Hyderabad,PM2.5 - Principal,2017-03-26 02:00 AM,2017,03,26,02,82.4,165,Unhealthy,86.0,UG/M3,1 Hr,Valid
Hyderabad,PM2.5 - Principal,2017-03-26 03:00 AM,2017,03,26,03,82.5,165,Unhealthy,-999.0,UG/M3,1 Hr,Missing
Hyderabad,PM2.5 - Principal,2017-03-26 04:00 AM,2017,03,26,04,80.7,164,Unhealthy,78.0,UG/M3,1 Hr,Valid
Hyderabad,PM2.5 - Principal,2017-03-26 05:00 AM,2017,03,26,05,80.6,164,Unhealthy,79.0,UG/M3,1 Hr,Valid
Hyderabad,PM2.5 - Principal,2017-03-26 06:00 AM,2017,03,26,06,81.7,165,Unhealthy,84.0,UG/M3,1 Hr,Valid
Hyderabad,PM2.5 - Principal,2017-03-26 07:00 AM,2017,03,26,07,86.9,167,Unhealthy,101.0,UG/M3,1 Hr,Valid
Hyderabad,PM2.5 - Principal,2017-03-26 08:00 AM,2017,03,26,08,94.4,171,Unhealthy,109.0,UG/M3,1 Hr,Valid
Hyderabad,PM2.5 - Principal,2017-03-26 09:00 AM,2017,03,26,09,97.4,173,Unhealthy,104.0,UG/M3,1 Hr,Valid
Hyderabad,PM2.5 - Principal,2017-03-26 10:00 AM,2017,03,26,10,93.4,171,Unhealthy,84.0,UG/M3,1 Hr,Valid
Hyderabad,PM2.5 - Principal,2017-03-26 11:00 AM,2017,03,26,11,88.4,168,Unhealthy,77.0,UG/M3,1 Hr,Valid
Hyderabad,PM2.5 - Principal,2017-03-26 12:00 PM,2017,03,26,12,86.5,167,Unhealthy,82.0,UG/M3,1 Hr,Valid
Hyderabad,PM2.5 - Principal,2017-03-26 01:00 PM,2017,03,26,13,84.3,166,Unhealthy,79.0,UG/M3,1 Hr,Valid
Hyderabad,PM2.5 - Principal,2017-03-26 02:00 PM,2017,03,26,14,83.9,166,Unhealthy,83.0,UG/M3,1 Hr,Valid
Hyderabad,PM2.5 - Principal,2017-03-26 03:00 PM,2017,03,26,15,82.1,165,Unhealthy,78.0,UG/M3,1 Hr,Valid
Hyderabad,PM2.5 - Principal,2017-03-26 04:00 PM,2017,03,26,16,76.7,162,Unhealthy,69.0,UG/M3,1 Hr,Valid
Hyderabad,PM2.5 - Principal,2017-03-26 05:00 PM,2017,03,26,17,70.3,159,Unhealthy,63.0,UG/M3,1 Hr,Valid
Hyderabad,PM2.5 - Principal,2017-03-26 06:00 PM,2017,03,26,18,68.0,157,Unhealthy,65.0,UG/M3,1 Hr,Valid
Hyderabad,PM2.5 - Principal,2017-03-26 07:00 PM,2017,03,26,19,68.0,157,Unhealthy,68.0,UG/M3,1 Hr,Valid
Hyderabad,PM2.5 - Principal,2017-03-26 08:00 PM,2017,03,26,20,69.3,158,Unhealthy,71.0,UG/M3,1 Hr,Valid
Hyderabad,PM2.5 - Principal,2017-03-26 09:00 PM,2017,03,26,21,72.3,160,Unhealthy,78.0,UG/M3,1 Hr,Valid
Hyderabad,PM2.5 - Principal,2017-03-26 10:00 PM,2017,03,26,22,73.9,161,Unhealthy,79.0,UG/M3,1 Hr,Valid
Hyderabad,PM2.5 - Principal,2017-03-26 11:00 PM,2017,03,26,23,76.1,162,Unhealthy,83.0,UG/M3,1 Hr,Valid
Hyderabad,PM2.5 - Principal,2017-03-27 12:00 AM,2017,03,27,00,79.0,163,Unhealthy,86.0,UG/M3,1 Hr,Valid
Hyderabad,PM2.5 - Principal,2017-03-27 01:00 AM,2017,03,27,01,80.6,164,Unhealthy,85.0,UG/M3,1 Hr,Valid
Hyderabad,PM2.5 - Principal,2017-03-27 02:00 AM,2017,03,27,02,86.3,167,Unhealthy,95.0,UG/M3,1 Hr,Valid
Hyderabad,PM2.5 - Principal,2017-03-27 03:00 AM,2017,03,27,03,85.2,166,Unhealthy,83.0,UG/M3,1 Hr,Valid
Hyderabad,PM2.5 - Principal,2017-03-27 04:00 AM,2017,03,27,04,86.2,167,Unhealthy,88.0,UG/M3,1 Hr,Valid
Hyderabad,PM2.5 - Principal,2017-03-27 05:00 AM,2017,03,27,05,85.1,166,Unhealthy,83.0,UG/M3,1 Hr,Valid
Hyderabad,PM2.5 - Principal,2017-03-27 06:00 AM,2017,03,27,06,86.5,167,Unhealthy,90.0,UG/M3,1 Hr,Valid
Hyderabad,PM2.5 - Principal,2017-03-27 07:00 AM,2017,03,27,07,85.0,166,Unhealthy,81.0,UG/M3,1 Hr,Valid
Hyderabad,PM2.5 - Principal,2017-03-27 08:00 AM,2017,03,27,08,90.4,169,Unhealthy,105.0,UG/M3,1 Hr,Valid
Hyderabad,PM2.5 - Principal,2017-03-27 09:00 AM,2017,03,27,09,86.6,167,Unhealthy,76.0,UG/M3,1 Hr,Valid
Hyderabad,PM2.5 - Principal,2017-03-27 10:00 AM,2017,03,27,10,71.7,159,Unhealthy,56.0,UG/M3,1 Hr,Valid
Hyderabad,PM2.5 - Principal,2017-03-27 11:00 AM,2017,03,27,11,70.0,158,Unhealthy,68.0,UG/M3,1 Hr,Valid
Hyderabad,PM2.5 - Principal,2017-03-27 12:00 PM,2017,03,27,12,66.7,157,Unhealthy,63.0,UG/M3,1 Hr,Valid
Hyderabad,PM2.5 - Principal,2017-03-27 01:00 PM,2017,03,27,13,58.5,153,Unhealthy,51.0,UG/M3,1 Hr,Valid
Hyderabad,PM2.5 - Principal,2017-03-27 02:00 PM,2017,03,27,14,55.2,150,Unhealthy for Sensitive Groups,52.0,UG/M3,1 Hr,Valid
Hyderabad,PM2.5 - Principal,2017-03-27 03:00 PM,2017,03,27,15,54.1,147,Unhealthy for Sensitive Groups,53.0,UG/M3,1 Hr,Valid
Hyderabad,PM2.5 - Principal,2017-03-27 04:00 PM,2017,03,27,16,55.5,151,Unhealthy,57.0,UG/M3,1 Hr,Valid
Hyderabad,PM2.5 - Principal,2017-03-27 05:00 PM,2017,03,27,17,54.7,148,Unhealthy for Sensitive Groups,54.0,UG/M3,1 Hr,Valid
Hyderabad,PM2.5 - Principal,2017-03-27 06:00 PM,2017,03,27,18,57.3,152,Unhealthy,60.0,UG/M3,1 Hr,Valid
Hyderabad,PM2.5 - Principal,2017-03-27 07:00 PM,2017,03,27,19,56.1,151,Unhealthy,55.0,UG/M3,1 Hr,Valid
Hyderabad,PM2.5 - Principal,2017-03-27 08:00 PM,2017,03,27,20,58.1,152,Unhealthy,62.0,UG/M3,1 Hr,Valid
Hyderabad,PM2.5 - Principal,2017-03-27 09:00 PM,2017,03,27,21,60.0,153,Unhealthy,67.0,UG/M3,1 Hr,Valid
Hyderabad,PM2.5 - Principal,2017-03-27 10:00 PM,2017,03,27,22,63.0,155,Unhealthy,70.0,UG/M3,1 Hr,Valid
Hyderabad,PM2.5 - Principal,2017-03-27 11:00 PM,2017,03,27,23,59.4,153,Unhealthy,50.0,UG/M3,1 Hr,Valid
Hyderabad,PM2.5 - Principal,2017-03-28 12:00 AM,2017,03,28,00,52.9,144,Unhealthy for Sensitive Groups,43.0,UG/M3,1 Hr,Valid
Hyderabad,PM2.5 - Principal,2017-03-28 01:00 AM,2017,03,28,01,49.4,135,Unhealthy for Sensitive Groups,44.0,UG/M3,1 Hr,Valid
Hyderabad,PM2.5 - Principal,2017-03-28 02:00 AM,2017,03,28,02,50.4,138,Unhealthy for Sensitive Groups,52.0,UG/M3,1 Hr,Valid
Hyderabad,PM2.5 - Principal,2017-03-28 03:00 AM,2017,03,28,03,48.7,134,Unhealthy for Sensitive Groups,46.0,UG/M3,1 Hr,Valid
Hyderabad,PM2.5 - Principal,2017-03-28 04:00 AM,2017,03,28,04,50.3,137,Unhealthy for Sensitive Groups,53.0,UG/M3,1 Hr,Valid
Hyderabad,PM2.5 - Principal,2017-03-28 05:00 AM,2017,03,28,05,49.4,135,Unhealthy for Sensitive Groups,48.0,UG/M3,1 Hr,Valid
Hyderabad,PM2.5 - Principal,2017-03-28 06:00 AM,2017,03,28,06,52.3,142,Unhealthy for Sensitive Groups,57.0,UG/M3,1 Hr,Valid
Hyderabad,PM2.5 - Principal,2017-03-28 07:00 AM,2017,03,28,07,60.3,153,Unhealthy,72.0,UG/M3,1 Hr,Valid
Hyderabad,PM2.5 - Principal,2017-03-28 08:00 AM,2017,03,28,08,67.5,157,Unhealthy,76.0,UG/M3,1 Hr,Valid
Hyderabad,PM2.5 - Principal,2017-03-28 09:00 AM,2017,03,28,09,84.6,166,Unhealthy,100.0,UG/M3,1 Hr,Valid
Hyderabad,PM2.5 - Principal,2017-03-28 10:00 AM,2017,03,28,10,92.3,170,Unhealthy,100.0,UG/M3,1 Hr,Valid
Hyderabad,PM2.5 - Principal,2017-03-28 11:00 AM,2017,03,28,11,80.6,164,Unhealthy,69.0,UG/M3,1 Hr,Valid
Hyderabad,PM2.5 - Principal,2017-03-28 12:00 PM,2017,03,28,12,75.8,161,Unhealthy,71.0,UG/M3,1 Hr,Valid
Hyderabad,PM2.5 - Principal,2017-03-28 01:00 PM,2017,03,28,13,68.4,158,Unhealthy,61.0,UG/M3,1 Hr,Valid
Hyderabad,PM2.5 - Principal,2017-03-28 02:00 PM,2017,03,28,14,65.7,156,Unhealthy,63.0,UG/M3,1 Hr,Valid
Hyderabad,PM2.5 - Principal,2017-03-28 03:00 PM,2017,03,28,15,65.3,156,Unhealthy,65.0,UG/M3,1 Hr,Valid
Hyderabad,PM2.5 - Principal,2017-03-28 04:00 PM,2017,03,28,16,63.6,155,Unhealthy,62.0,UG/M3,1 Hr,Valid
Hyderabad,PM2.5 - Principal,2017-03-28 05:00 PM,2017,03,28,17,66.7,157,Unhealthy,70.0,UG/M3,1 Hr,Valid
Hyderabad,PM2.5 - Principal,2017-03-28 06:00 PM,2017,03,28,18,68.8,158,Unhealthy,72.0,UG/M3,1 Hr,Valid
Hyderabad,PM2.5 - Principal,2017-03-28 07:00 PM,2017,03,28,19,66.9,157,Unhealthy,64.0,UG/M3,1 Hr,Valid
Hyderabad,PM2.5 - Principal,2017-03-28 08:00 PM,2017,03,28,20,71.6,159,Unhealthy,79.0,UG/M3,1 Hr,Valid
Hyderabad,PM2.5 - Principal,2017-03-28 09:00 PM,2017,03,28,21,73.7,160,Unhealthy,77.0,UG/M3,1 Hr,Valid
Hyderabad,PM2.5 - Principal,2017-03-28 10:00 PM,2017,03,28,22,71.3,159,Unhealthy,71.0,UG/M3,1 Hr,Valid
Hyderabad,PM2.5 - Principal,2017-03-28 11:00 PM,2017,03,28,23,70.7,159,Unhealthy,69.0,UG/M3,1 Hr,Valid
Hyderabad,PM2.5 - Principal,2017-03-29 12:00 AM,2017,03,29,00,70.5,159,Unhealthy,70.0,UG/M3,1 Hr,Valid
Hyderabad,PM2.5 - Principal,2017-03-29 01:00 AM,2017,03,29,01,65.9,156,Unhealthy,55.0,UG/M3,1 Hr,Valid
Hyderabad,PM2.5 - Principal,2017-03-29 02:00 AM,2017,03,29,02,64.4,156,Unhealthy,61.0,UG/M3,1 Hr,Valid
Hyderabad,PM2.5 - Principal,2017-03-29 03:00 AM,2017,03,29,03,63.3,155,Unhealthy,61.0,UG/M3,1 Hr,Valid
Hyderabad,PM2.5 - Principal,2017-03-29 04:00 AM,2017,03,29,04,62.0,154,Unhealthy,59.0,UG/M3,1 Hr,Valid
Hyderabad,PM2.5 - Principal,2017-03-29 05:00 AM,2017,03,29,05,59.3,153,Unhealthy,54.0,UG/M3,1 Hr,Valid
Hyderabad,PM2.5 - Principal,2017-03-29 06:00 AM,2017,03,29,06,61.7,154,Unhealthy,67.0,UG/M3,1 Hr,Valid
Hyderabad,PM2.5 - Principal,2017-03-29 07:00 AM,2017,03,29,07,63.7,155,Unhealthy,68.0,UG/M3,1 Hr,Valid
Hyderabad,PM2.5 - Principal,2017-03-29 08:00 AM,2017,03,29,08,63.5,155,Unhealthy,-999.0,UG/M3,1 Hr,Missing
Hyderabad,PM2.5 - Principal,2017-03-29 09:00 AM,2017,03,29,09,63.4,155,Unhealthy,64.0,UG/M3,1 Hr,Valid
Hyderabad,PM2.5 - Principal,2017-03-29 10:00 AM,2017,03,29,10,65.1,156,Unhealthy,70.0,UG/M3,1 Hr,Valid
Hyderabad,PM2.5 - Principal,2017-03-29 11:00 AM,2017,03,29,11,62.3,155,Unhealthy,55.0,UG/M3,1 Hr,Valid
Hyderabad,PM2.5 - Principal,2017-03-29 12:00 PM,2017,03,29,12,58.8,153,Unhealthy,51.0,UG/M3,1 Hr,Valid
Hyderabad,PM2.5 - Principal,2017-03-29 01:00 PM,2017,03,29,13,57.1,152,Unhealthy,53.0,UG/M3,1 Hr,Valid
Hyderabad,PM2.5 - Principal,2017-03-29 02:00 PM,2017,03,29,14,55.9,151,Unhealthy,53.0,UG/M3,1 Hr,Valid
Hyderabad,PM2.5 - Principal,2017-03-29 03:00 PM,2017,03,29,15,54.7,148,Unhealthy for Sensitive Groups,52.0,UG/M3,1 Hr,Valid
Hyderabad,PM2.5 - Principal,2017-03-29 04:00 PM,2017,03,29,16,52.2,142,Unhealthy for Sensitive Groups,48.0,UG/M3,1 Hr,Valid
Hyderabad,PM2.5 - Principal,2017-03-29 05:00 PM,2017,03,29,17,51.8,141,Unhealthy for Sensitive Groups,51.0,UG/M3,1 Hr,Valid
Hyderabad,PM2.5 - Principal,2017-03-29 06:00 PM,2017,03,29,18,55.6,151,Unhealthy,64.0,UG/M3,1 Hr,Valid
Hyderabad,PM2.5 - Principal,2017-03-29 07:00 PM,2017,03,29,19,54.1,147,Unhealthy for Sensitive Groups,51.0,UG/M3,1 Hr,Valid
Hyderabad,PM2.5 - Principal,2017-03-29 08:00 PM,2017,03,29,20,56.3,151,Unhealthy,61.0,UG/M3,1 Hr,Valid
Hyderabad,PM2.5 - Principal,2017-03-29 09:00 PM,2017,03,29,21,61.1,154,Unhealthy,71.0,UG/M3,1 Hr,Valid
Hyderabad,PM2.5 - Principal,2017-03-29 10:00 PM,2017,03,29,22,61.3,154,Unhealthy,62.0,UG/M3,1 Hr,Valid
Hyderabad,PM2.5 - Principal,2017-03-29 11:00 PM,2017,03,29,23,59.9,153,Unhealthy,57.0,UG/M3,1 Hr,Valid
Hyderabad,PM2.5 - Principal,2017-03-30 12:00 AM,2017,03,30,00,56.0,151,Unhealthy,48.0,UG/M3,1 Hr,Valid
Hyderabad,PM2.5 - Principal,2017-03-30 01:00 AM,2017,03,30,01,55.0,149,Unhealthy for Sensitive Groups,53.0,UG/M3,1 Hr,Valid
Hyderabad,PM2.5 - Principal,2017-03-30 02:00 AM,2017,03,30,02,55.0,149,Unhealthy for Sensitive Groups,55.0,UG/M3,1 Hr,Valid
Hyderabad,PM2.5 - Principal,2017-03-30 03:00 AM,2017,03,30,03,55.0,149,Unhealthy for Sensitive Groups,55.0,UG/M3,1 Hr,Valid
Hyderabad,PM2.5 - Principal,2017-03-30 04:00 AM,2017,03,30,04,53.0,144,Unhealthy for Sensitive Groups,49.0,UG/M3,1 Hr,Valid
Hyderabad,PM2.5 - Principal,2017-03-30 05:00 AM,2017,03,30,05,56.6,152,Unhealthy,64.0,UG/M3,1 Hr,Valid
Hyderabad,PM2.5 - Principal,2017-03-30 06:00 AM,2017,03,30,06,58.7,153,Unhealthy,63.0,UG/M3,1 Hr,Valid
Hyderabad,PM2.5 - Principal,2017-03-30 07:00 AM,2017,03,30,07,61.7,154,Unhealthy,68.0,UG/M3,1 Hr,Valid
Hyderabad,PM2.5 - Principal,2017-03-30 08:00 AM,2017,03,30,08,81.1,164,Unhealthy,98.0,UG/M3,1 Hr,Valid
Hyderabad,PM2.5 - Principal,2017-03-30 09:00 AM,2017,03,30,09,81.5,164,Unhealthy,82.0,UG/M3,1 Hr,Valid
Hyderabad,PM2.5 - Principal,2017-03-30 10:00 AM,2017,03,30,10,69.7,158,Unhealthy,58.0,UG/M3,1 Hr,Valid
Hyderabad,PM2.5 - Principal,2017-03-30 11:00 AM,2017,03,30,11,62.3,155,Unhealthy,55.0,UG/M3,1 Hr,Valid
Hyderabad,PM2.5 - Principal,2017-03-30 12:00 PM,2017,03,30,12,61.6,154,Unhealthy,61.0,UG/M3,1 Hr,Valid
Hyderabad,PM2.5 - Principal,2017-03-30 01:00 PM,2017,03,30,13,56.8,152,Unhealthy,52.0,UG/M3,1 Hr,Valid
Hyderabad,PM2.5 - Principal,2017-03-30 02:00 PM,2017,03,30,14,52.4,143,Unhealthy for Sensitive Groups,48.0,UG/M3,1 Hr,Valid
Hyderabad,PM2.5 - Principal,2017-03-30 03:00 PM,2017,03,30,15,53.7,146,Unhealthy for Sensitive Groups,55.0,UG/M3,1 Hr,Valid
Hyderabad,PM2.5 - Principal,2017-03-30 04:00 PM,2017,03,30,16,49.3,135,Unhealthy for Sensitive Groups,45.0,UG/M3,1 Hr,Valid
Hyderabad,PM2.5 - Principal,2017-03-30 05:00 PM,2017,03,30,17,49.6,136,Unhealthy for Sensitive Groups,50.0,UG/M3,1 Hr,Valid
Hyderabad,PM2.5 - Principal,2017-03-30 06:00 PM,2017,03,30,18,49.8,136,Unhealthy for Sensitive Groups,50.0,UG/M3,1 Hr,Valid
Hyderabad,PM2.5 - Principal,2017-03-30 07:00 PM,2017,03,30,19,53.4,145,Unhealthy for Sensitive Groups,57.0,UG/M3,1 Hr,Valid
Hyderabad,PM2.5 - Principal,2017-03-30 08:00 PM,2017,03,30,20,59.8,153,Unhealthy,68.0,UG/M3,1 Hr,Valid
Hyderabad,PM2.5 - Principal,2017-03-30 09:00 PM,2017,03,30,21,63.5,155,Unhealthy,72.0,UG/M3,1 Hr,Valid
Hyderabad,PM2.5 - Principal,2017-03-30 10:00 PM,2017,03,30,22,68.5,158,Unhealthy,75.0,UG/M3,1 Hr,Valid
Hyderabad,PM2.5 - Principal,2017-03-30 11:00 PM,2017,03,30,23,68.7,158,Unhealthy,69.0,UG/M3,1 Hr,Valid
Hyderabad,PM2.5 - Principal,2017-03-31 12:00 AM,2017,03,31,00,63.2,155,Unhealthy,55.0,UG/M3,1 Hr,Valid
Hyderabad,PM2.5 - Principal,2017-03-31 01:00 AM,2017,03,31,01,57.9,152,Unhealthy,50.0,UG/M3,1 Hr,Valid
Hyderabad,PM2.5 - Principal,2017-03-31 02:00 AM,2017,03,31,02,54.3,147,Unhealthy for Sensitive Groups,49.0,UG/M3,1 Hr,Valid
Hyderabad,PM2.5 - Principal,2017-03-31 03:00 AM,2017,03,31,03,51.0,139,Unhealthy for Sensitive Groups,46.0,UG/M3,1 Hr,Valid
Hyderabad,PM2.5 - Principal,2017-03-31 04:00 AM,2017,03,31,04,49.2,135,Unhealthy for Sensitive Groups,46.0,UG/M3,1 Hr,Valid
Hyderabad,PM2.5 - Principal,2017-03-31 05:00 AM,2017,03,31,05,47.3,130,Unhealthy for Sensitive Groups,45.0,UG/M3,1 Hr,Valid
Hyderabad,PM2.5 - Principal,2017-03-31 06:00 AM,2017,03,31,06,48.4,133,Unhealthy for Sensitive Groups,50.0,UG/M3,1 Hr,Valid
Hyderabad,PM2.5 - Principal,2017-03-31 07:00 AM,2017,03,31,07,50.2,137,Unhealthy for Sensitive Groups,53.0,UG/M3,1 Hr,Valid
Hyderabad,PM2.5 - Principal,2017-03-31 08:00 AM,2017,03,31,08,57.7,152,Unhealthy,69.0,UG/M3,1 Hr,Valid
Hyderabad,PM2.5 - Principal,2017-03-31 09:00 AM,2017,03,31,09,65.9,156,Unhealthy,77.0,UG/M3,1 Hr,Valid
Hyderabad,PM2.5 - Principal,2017-03-31 10:00 AM,2017,03,31,10,65.9,156,Unhealthy,66.0,UG/M3,1 Hr,Valid
Hyderabad,PM2.5 - Principal,2017-03-31 11:00 AM,2017,03,31,11,63.0,155,Unhealthy,59.0,UG/M3,1 Hr,Valid
Hyderabad,PM2.5 - Principal,2017-03-31 12:00 PM,2017,03,31,12,53.5,145,Unhealthy for Sensitive Groups,42.0,UG/M3,1 Hr,Valid
Hyderabad,PM2.5 - Principal,2017-03-31 01:00 PM,2017,03,31,13,45.2,125,Unhealthy for Sensitive Groups,38.0,UG/M3,1 Hr,Valid
Hyderabad,PM2.5 - Principal,2017-03-31 02:00 PM,2017,03,31,14,45.1,125,Unhealthy for Sensitive Groups,45.0,UG/M3,1 Hr,Valid
Hyderabad,PM2.5 - Principal,2017-03-31 03:00 PM,2017,03,31,15,45.5,126,Unhealthy for Sensitive Groups,46.0,UG/M3,1 Hr,Valid
Hyderabad,PM2.5 - Principal,2017-03-31 04:00 PM,2017,03,31,16,43.2,120,Unhealthy for Sensitive Groups,41.0,UG/M3,1 Hr,Valid
Hyderabad,PM2.5 - Principal,2017-03-31 05:00 PM,2017,03,31,17,43.6,121,Unhealthy for Sensitive Groups,44.0,UG/M3,1 Hr,Valid
Hyderabad,PM2.5 - Principal,2017-03-31 06:00 PM,2017,03,31,18,48.3,133,Unhealthy for Sensitive Groups,53.0,UG/M3,1 Hr,Valid
Hyderabad,PM2.5 - Principal,2017-03-31 07:00 PM,2017,03,31,19,55.1,149,Unhealthy for Sensitive Groups,62.0,UG/M3,1 Hr,Valid
Hyderabad,PM2.5 - Principal,2017-03-31 08:00 PM,2017,03,31,20,62.5,155,Unhealthy,70.0,UG/M3,1 Hr,Valid
Hyderabad,PM2.5 - Principal,2017-03-31 09:00 PM,2017,03,31,21,71.2,159,Unhealthy,80.0,UG/M3,1 Hr,Valid
Hyderabad,PM2.5 - Principal,2017-03-31 10:00 PM,2017,03,31,22,72.6,160,Unhealthy,74.0,UG/M3,1 Hr,Valid
Hyderabad,PM2.5 - Principal,2017-03-31 11:00 PM,2017,03,31,23,72.3,160,Unhealthy,72.0,UG/M3,1 Hr,Valid
Hyderabad,PM2.5 - Principal,2017-04-01 12:00 AM,2017,04,01,00,66.6,157,Unhealthy,61.0,UG/M3,1 Hr,Valid
Hyderabad,PM2.5 - Principal,2017-04-01 01:00 AM,2017,04,01,01,59.0,153,Unhealthy,51.0,UG/M3,1 Hr,Valid
Hyderabad,PM2.5 - Principal,2017-04-01 02:00 AM,2017,04,01,02,54.6,148,Unhealthy for Sensitive Groups,50.0,UG/M3,1 Hr,Valid
Hyderabad,PM2.5 - Principal,2017-04-01 03:00 AM,2017,04,01,03,52.3,142,Unhealthy for Sensitive Groups,50.0,UG/M3,1 Hr,Valid
Hyderabad,PM2.5 - Principal,2017-04-01 04:00 AM,2017,04,01,04,48.9,134,Unhealthy for Sensitive Groups,44.0,UG/M3,1 Hr,Valid
Hyderabad,PM2.5 - Principal,2017-04-01 05:00 AM,2017,04,01,05,48.5,133,Unhealthy for Sensitive Groups,48.0,UG/M3,1 Hr,Valid
Hyderabad,PM2.5 - Principal,2017-04-01 06:00 AM,2017,04,01,06,46.9,129,Unhealthy for Sensitive Groups,45.0,UG/M3,1 Hr,Valid
Hyderabad,PM2.5 - Principal,2017-04-01 07:00 AM,2017,04,01,07,54.1,147,Unhealthy for Sensitive Groups,63.0,UG/M3,1 Hr,Valid
Hyderabad,PM2.5 - Principal,2017-04-01 08:00 AM,2017,04,01,08,54.0,147,Unhealthy for Sensitive Groups,54.0,UG/M3,1 Hr,Valid
Hyderabad,PM2.5 - Principal,2017-04-01 09:00 AM,2017,04,01,09,56.7,152,Unhealthy,61.0,UG/M3,1 Hr,Valid
Hyderabad,PM2.5 - Principal,2017-04-01 10:00 AM,2017,04,01,10,56.7,152,Unhealthy,57.0,UG/M3,1 Hr,Valid
Hyderabad,PM2.5 - Principal,2017-04-01 11:00 AM,2017,04,01,11,55.0,149,Unhealthy for Sensitive Groups,53.0,UG/M3,1 Hr,Valid
Hyderabad,PM2.5 - Principal,2017-04-01 12:00 PM,2017,04,01,12,52.5,143,Unhealthy for Sensitive Groups,47.0,UG/M3,1 Hr,Valid
Hyderabad,PM2.5 - Principal,2017-04-01 01:00 PM,2017,04,01,13,50.8,139,Unhealthy for Sensitive Groups,47.0,UG/M3,1 Hr,Valid
Hyderabad,PM2.5 - Principal,2017-04-01 02:00 PM,2017,04,01,14,49.9,136,Unhealthy for Sensitive Groups,48.0,UG/M3,1 Hr,Valid
Hyderabad,PM2.5 - Principal,2017-04-01 03:00 PM,2017,04,01,15,50.9,139,Unhealthy for Sensitive Groups,53.0,UG/M3,1 Hr,Valid
Hyderabad,PM2.5 - Principal,2017-04-01 04:00 PM,2017,04,01,16,52.1,142,Unhealthy for Sensitive Groups,55.0,UG/M3,1 Hr,Valid
Hyderabad,PM2.5 - Principal,2017-04-01 05:00 PM,2017,04,01,17,53.8,146,Unhealthy for Sensitive Groups,58.0,UG/M3,1 Hr,Valid
Hyderabad,PM2.5 - Principal,2017-04-01 06:00 PM,2017,04,01,18,55.6,151,Unhealthy,61.0,UG/M3,1 Hr,Valid
Hyderabad,PM2.5 - Principal,2017-04-01 07:00 PM,2017,04,01,19,60.9,154,Unhealthy,70.0,UG/M3,1 Hr,Valid
Hyderabad,PM2.5 - Principal,2017-04-01 08:00 PM,2017,04,01,20,61.2,154,Unhealthy,62.0,UG/M3,1 Hr,Valid
Hyderabad,PM2.5 - Principal,2017-04-01 09:00 PM,2017,04,01,21,62.1,154,Unhealthy,64.0,UG/M3,1 Hr,Valid
Hyderabad,PM2.5 - Principal,2017-04-01 10:00 PM,2017,04,01,22,62.8,155,Unhealthy,64.0,UG/M3,1 Hr,Valid
Hyderabad,PM2.5 - Principal,2017-04-01 11:00 PM,2017,04,01,23,59.2,153,Unhealthy,52.0,UG/M3,1 Hr,Valid
Hyderabad,PM2.5 - Principal,2017-04-02 12:00 AM,2017,04,02,00,56.8,152,Unhealthy,52.0,UG/M3,1 Hr,Valid
Hyderabad,PM2.5 - Principal,2017-04-02 01:00 AM,2017,04,02,01,58.9,153,Unhealthy,63.0,UG/M3,1 Hr,Valid
Hyderabad,PM2.5 - Principal,2017-04-02 02:00 AM,2017,04,02,02,59.6,153,Unhealthy,61.0,UG/M3,1 Hr,Valid
Hyderabad,PM2.5 - Principal,2017-04-02 03:00 AM,2017,04,02,03,60.8,154,Unhealthy,64.0,UG/M3,1 Hr,Valid
Hyderabad,PM2.5 - Principal,2017-04-02 04:00 AM,2017,04,02,04,59.8,153,Unhealthy,57.0,UG/M3,1 Hr,Valid
Hyderabad,PM2.5 - Principal,2017-04-02 05:00 AM,2017,04,02,05,59.6,153,Unhealthy,59.0,UG/M3,1 Hr,Valid
Hyderabad,PM2.5 - Principal,2017-04-02 06:00 AM,2017,04,02,06,60.2,153,Unhealthy,62.0,UG/M3,1 Hr,Valid
Hyderabad,PM2.5 - Principal,2017-04-02 07:00 AM,2017,04,02,07,61.7,154,Unhealthy,67.0,UG/M3,1 Hr,Valid
Hyderabad,PM2.5 - Principal,2017-04-02 08:00 AM,2017,04,02,08,70.4,159,Unhealthy,83.0,UG/M3,1 Hr,Valid
Hyderabad,PM2.5 - Principal,2017-04-02 09:00 AM,2017,04,02,09,81.9,165,Unhealthy,94.0,UG/M3,1 Hr,Valid
Hyderabad,PM2.5 - Principal,2017-04-02 10:00 AM,2017,04,02,10,77.0,162,Unhealthy,71.0,UG/M3,1 Hr,Valid
Hyderabad,PM2.5 - Principal,2017-04-02 11:00 AM,2017,04,02,11,73.9,161,Unhealthy,70.0,UG/M3,1 Hr,Valid
Hyderabad,PM2.5 - Principal,2017-04-02 12:00 PM,2017,04,02,12,68.0,157,Unhealthy,59.0,UG/M3,1 Hr,Valid
Hyderabad,PM2.5 - Principal,2017-04-02 01:00 PM,2017,04,02,13,64.4,156,Unhealthy,59.0,UG/M3,1 Hr,Valid
Hyderabad,PM2.5 - Principal,2017-04-02 02:00 PM,2017,04,02,14,60.3,153,Unhealthy,55.0,UG/M3,1 Hr,Valid
Hyderabad,PM2.5 - Principal,2017-04-02 03:00 PM,2017,04,02,15,56.9,152,Unhealthy,53.0,UG/M3,1 Hr,Valid
Hyderabad,PM2.5 - Principal,2017-04-02 04:00 PM,2017,04,02,16,60.8,154,Unhealthy,66.0,UG/M3,1 Hr,Valid
Hyderabad,PM2.5 - Principal,2017-04-02 05:00 PM,2017,04,02,17,60.0,153,Unhealthy,59.0,UG/M3,1 Hr,Valid
Hyderabad,PM2.5 - Principal,2017-04-02 06:00 PM,2017,04,02,18,59.5,153,Unhealthy,59.0,UG/M3,1 Hr,Valid
Hyderabad,PM2.5 - Principal,2017-04-02 07:00 PM,2017,04,02,19,62.8,155,Unhealthy,67.0,UG/M3,1 Hr,Valid
Hyderabad,PM2.5 - Principal,2017-04-02 08:00 PM,2017,04,02,20,77.0,162,Unhealthy,95.0,UG/M3,1 Hr,Valid
Hyderabad,PM2.5 - Principal,2017-04-02 09:00 PM,2017,04,02,21,74.8,161,Unhealthy,72.0,UG/M3,1 Hr,Valid
Hyderabad,PM2.5 - Principal,2017-04-02 10:00 PM,2017,04,02,22,72.6,160,Unhealthy,70.0,UG/M3,1 Hr,Valid
Hyderabad,PM2.5 - Principal,2017-04-02 11:00 PM,2017,04,02,23,79.4,163,Unhealthy,88.0,UG/M3,1 Hr,Valid
Hyderabad,PM2.5 - Principal,2017-04-03 12:00 AM,2017,04,03,00,84.5,166,Unhealthy,91.0,UG/M3,1 Hr,Valid
Hyderabad,PM2.5 - Principal,2017-04-03 01:00 AM,2017,04,03,01,76.3,162,Unhealthy,66.0,UG/M3,1 Hr,Valid
Hyderabad,PM2.5 - Principal,2017-04-03 02:00 AM,2017,04,03,02,74.0,161,Unhealthy,71.0,UG/M3,1 Hr,Valid
Hyderabad,PM2.5 - Principal,2017-04-03 03:00 AM,2017,04,03,03,70.1,159,Unhealthy,63.0,UG/M3,1 Hr,Valid
Hyderabad,PM2.5 - Principal,2017-04-03 04:00 AM,2017,04,03,04,65.3,156,Unhealthy,58.0,UG/M3,1 Hr,Valid
Hyderabad,PM2.5 - Principal,2017-04-03 05:00 AM,2017,04,03,05,61.8,154,Unhealthy,57.0,UG/M3,1 Hr,Valid
Hyderabad,PM2.5 - Principal,2017-04-03 06:00 AM,2017,04,03,06,61.1,154,Unhealthy,60.0,UG/M3,1 Hr,Valid
Hyderabad,PM2.5 - Principal,2017-04-03 07:00 AM,2017,04,03,07,63.4,155,Unhealthy,67.0,UG/M3,1 Hr,Valid
Hyderabad,PM2.5 - Principal,2017-04-03 08:00 AM,2017,04,03,08,76.6,162,Unhealthy,96.0,UG/M3,1 Hr,Valid
Hyderabad,PM2.5 - Principal,2017-04-03 09:00 AM,2017,04,03,09,76.4,162,Unhealthy,76.0,UG/M3,1 Hr,Valid
Hyderabad,PM2.5 - Principal,2017-04-03 10:00 AM,2017,04,03,10,79.9,164,Unhealthy,85.0,UG/M3,1 Hr,Valid
Hyderabad,PM2.5 - Principal,2017-04-03 11:00 AM,2017,04,03,11,70.0,158,Unhealthy,56.0,UG/M3,1 Hr,Valid
Hyderabad,PM2.5 - Principal,2017-04-03 12:00 PM,2017,04,03,12,67.5,157,Unhealthy,64.0,UG/M3,1 Hr,Valid
Hyderabad,PM2.5 - Principal,2017-04-03 01:00 PM,2017,04,03,13,66.4,157,Unhealthy,65.0,UG/M3,1 Hr,Valid
Hyderabad,PM2.5 - Principal,2017-04-03 02:00 PM,2017,04,03,14,63.7,155,Unhealthy,60.0,UG/M3,1 Hr,Valid
Hyderabad,PM2.5 - Principal,2017-04-03 03:00 PM,2017,04,03,15,62.1,154,Unhealthy,60.0,UG/M3,1 Hr,Valid
Hyderabad,PM2.5 - Principal,2017-04-03 04:00 PM,2017,04,03,16,63.7,155,Unhealthy,66.0,UG/M3,1 Hr,Valid
Hyderabad,PM2.5 - Principal,2017-04-03 05:00 PM,2017,04,03,17,60.5,154,Unhealthy,56.0,UG/M3,1 Hr,Valid
Hyderabad,PM2.5 - Principal,2017-04-03 06:00 PM,2017,04,03,18,59.8,153,Unhealthy,59.0,UG/M3,1 Hr,Valid
Hyderabad,PM2.5 - Principal,2017-04-03 07:00 PM,2017,04,03,19,62.8,155,Unhealthy,67.0,UG/M3,1 Hr,Valid
Hyderabad,PM2.5 - Principal,2017-04-03 08:00 PM,2017,04,03,20,59.4,153,Unhealthy,54.0,UG/M3,1 Hr,Valid
Hyderabad,PM2.5 - Principal,2017-04-03 09:00 PM,2017,04,03,21,58.5,153,Unhealthy,57.0,UG/M3,1 Hr,Valid
Hyderabad,PM2.5 - Principal,2017-04-03 10:00 PM,2017,04,03,22,59.5,153,Unhealthy,60.0,UG/M3,1 Hr,Valid
Hyderabad,PM2.5 - Principal,2017-04-03 11:00 PM,2017,04,03,23,57.7,152,Unhealthy,52.0,UG/M3,1 Hr,Valid
Hyderabad,PM2.5 - Principal,2017-04-04 12:00 AM,2017,04,04,00,56.7,152,Unhealthy,54.0,UG/M3,1 Hr,Valid
Hyderabad,PM2.5 - Principal,2017-04-04 01:00 AM,2017,04,04,01,54.7,148,Unhealthy for Sensitive Groups,50.0,UG/M3,1 Hr,Valid
Hyderabad,PM2.5 - Principal,2017-04-04 02:00 AM,2017,04,04,02,44.1,122,Unhealthy for Sensitive Groups,35.0,UG/M3,1 Hr,Valid
Hyderabad,PM2.5 - Principal,2017-04-04 03:00 AM,2017,04,04,03,39.7,111,Unhealthy for Sensitive Groups,35.0,UG/M3,1 Hr,Valid
Hyderabad,PM2.5 - Principal,2017-04-04 04:00 AM,2017,04,04,04,38.4,108,Unhealthy for Sensitive Groups,37.0,UG/M3,1 Hr,Valid
Hyderabad,PM2.5 - Principal,2017-04-04 05:00 AM,2017,04,04,05,38.7,109,Unhealthy for Sensitive Groups,39.0,UG/M3,1 Hr,Valid
Hyderabad,PM2.5 - Principal,2017-04-04 06:00 AM,2017,04,04,06,41.7,116,Unhealthy for Sensitive Groups,45.0,UG/M3,1 Hr,Valid
Hyderabad,PM2.5 - Principal,2017-04-04 07:00 AM,2017,04,04,07,42.5,118,Unhealthy for Sensitive Groups,44.0,UG/M3,1 Hr,Valid
Hyderabad,PM2.5 - Principal,2017-04-04 08:00 AM,2017,04,04,08,49.0,134,Unhealthy for Sensitive Groups,58.0,UG/M3,1 Hr,Valid
Hyderabad,PM2.5 - Principal,2017-04-04 09:00 AM,2017,04,04,09,57.4,152,Unhealthy,66.0,UG/M3,1 Hr,Valid
Hyderabad,PM2.5 - Principal,2017-04-04 10:00 AM,2017,04,04,10,61.4,154,Unhealthy,66.0,UG/M3,1 Hr,Valid
Hyderabad,PM2.5 - Principal,2017-04-04 11:00 AM,2017,04,04,11,60.3,153,Unhealthy,59.0,UG/M3,1 Hr,Valid
Hyderabad,PM2.5 - Principal,2017-04-04 12:00 PM,2017,04,04,12,59.6,153,Unhealthy,59.0,UG/M3,1 Hr,Valid
Hyderabad,PM2.5 - Principal,2017-04-04 01:00 PM,2017,04,04,13,57.0,152,Unhealthy,54.0,UG/M3,1 Hr,Valid
Hyderabad,PM2.5 - Principal,2017-04-04 02:00 PM,2017,04,04,14,55.1,149,Unhealthy for Sensitive Groups,53.0,UG/M3,1 Hr,Valid
Hyderabad,PM2.5 - Principal,2017-04-04 03:00 PM,2017,04,04,15,55.1,149,Unhealthy for Sensitive Groups,55.0,UG/M3,1 Hr,Valid
Hyderabad,PM2.5 - Principal,2017-04-04 04:00 PM,2017,04,04,16,56.0,151,Unhealthy,57.0,UG/M3,1 Hr,Valid
Hyderabad,PM2.5 - Principal,2017-04-04 05:00 PM,2017,04,04,17,54.0,147,Unhealthy for Sensitive Groups,50.0,UG/M3,1 Hr,Valid
Hyderabad,PM2.5 - Principal,2017-04-04 06:00 PM,2017,04,04,18,56.4,151,Unhealthy,61.0,UG/M3,1 Hr,Valid
Hyderabad,PM2.5 - Principal,2017-04-04 07:00 PM,2017,04,04,19,70.2,159,Unhealthy,88.0,UG/M3,1 Hr,Valid
Hyderabad,PM2.5 - Principal,2017-04-04 08:00 PM,2017,04,04,20,58.8,153,Unhealthy,45.0,UG/M3,1 Hr,Valid
Hyderabad,PM2.5 - Principal,2017-04-04 09:00 PM,2017,04,04,21,55.5,151,Unhealthy,52.0,UG/M3,1 Hr,Valid
Hyderabad,PM2.5 - Principal,2017-04-04 10:00 PM,2017,04,04,22,66.0,156,Unhealthy,77.0,UG/M3,1 Hr,Valid
Hyderabad,PM2.5 - Principal,2017-04-04 11:00 PM,2017,04,04,23,66.0,156,Unhealthy,66.0,UG/M3,1 Hr,Valid
Hyderabad,PM2.5 - Principal,2017-04-05 12:00 AM,2017,04,05,00,72.8,160,Unhealthy,80.0,UG/M3,1 Hr,Valid
Hyderabad,PM2.5 - Principal,2017-04-05 01:00 AM,2017,04,05,01,71.9,159,Unhealthy,71.0,UG/M3,1 Hr,Valid
Hyderabad,PM2.5 - Principal,2017-04-05 02:00 AM,2017,04,05,02,66.5,157,Unhealthy,61.0,UG/M3,1 Hr,Valid
Hyderabad,PM2.5 - Principal,2017-04-05 03:00 AM,2017,04,05,03,63.3,155,Unhealthy,60.0,UG/M3,1 Hr,Valid
Hyderabad,PM2.5 - Principal,2017-04-05 04:00 AM,2017,04,05,04,63.1,155,Unhealthy,63.0,UG/M3,1 Hr,Valid
Hyderabad,PM2.5 - Principal,2017-04-05 05:00 AM,2017,04,05,05,62.6,155,Unhealthy,62.0,UG/M3,1 Hr,Valid
Hyderabad,PM2.5 - Principal,2017-04-05 06:00 AM,2017,04,05,06,65.7,156,Unhealthy,69.0,UG/M3,1 Hr,Valid
Hyderabad,PM2.5 - Principal,2017-04-05 07:00 AM,2017,04,05,07,70.9,159,Unhealthy,78.0,UG/M3,1 Hr,Valid
Hyderabad,PM2.5 - Principal,2017-04-05 08:00 AM,2017,04,05,08,70.2,159,Unhealthy,71.0,UG/M3,1 Hr,Valid
Hyderabad,PM2.5 - Principal,2017-04-05 09:00 AM,2017,04,05,09,69.8,158,Unhealthy,71.0,UG/M3,1 Hr,Valid
Hyderabad,PM2.5 - Principal,2017-04-05 10:00 AM,2017,04,05,10,66.6,157,Unhealthy,58.0,UG/M3,1 Hr,Valid
Hyderabad,PM2.5 - Principal,2017-04-05 11:00 AM,2017,04,05,11,68.1,158,Unhealthy,72.0,UG/M3,1 Hr,Valid
Hyderabad,PM2.5 - Principal,2017-04-05 12:00 PM,2017,04,05,12,68.2,158,Unhealthy,69.0,UG/M3,1 Hr,Valid
Hyderabad,PM2.5 - Principal,2017-04-05 01:00 PM,2017,04,05,13,66.8,157,Unhealthy,63.0,UG/M3,1 Hr,Valid
Hyderabad,PM2.5 - Principal,2017-04-05 02:00 PM,2017,04,05,14,61.7,154,Unhealthy,52.0,UG/M3,1 Hr,Valid
Hyderabad,PM2.5 - Principal,2017-04-05 03:00 PM,2017,04,05,15,57.8,152,Unhealthy,51.0,UG/M3,1 Hr,Valid
Hyderabad,PM2.5 - Principal,2017-04-05 04:00 PM,2017,04,05,16,57.1,152,Unhealthy,56.0,UG/M3,1 Hr,Valid
Hyderabad,PM2.5 - Principal,2017-04-05 05:00 PM,2017,04,05,17,55.3,150,Unhealthy for Sensitive Groups,52.0,UG/M3,1 Hr,Valid
Hyderabad,PM2.5 - Principal,2017-04-05 06:00 PM,2017,04,05,18,48.4,133,Unhealthy for Sensitive Groups,42.0,UG/M3,1 Hr,Valid
Hyderabad,PM2.5 - Principal,2017-04-05 07:00 PM,2017,04,05,19,50.7,138,Unhealthy for Sensitive Groups,53.0,UG/M3,1 Hr,Valid
Hyderabad,PM2.5 - Principal,2017-04-05 08:00 PM,2017,04,05,20,52.5,143,Unhealthy for Sensitive Groups,55.0,UG/M3,1 Hr,Valid
Hyderabad,PM2.5 - Principal,2017-04-05 09:00 PM,2017,04,05,21,54.3,147,Unhealthy for Sensitive Groups,57.0,UG/M3,1 Hr,Valid
Hyderabad,PM2.5 - Principal,2017-04-05 10:00 PM,2017,04,05,22,58.3,152,Unhealthy,64.0,UG/M3,1 Hr,Valid
Hyderabad,PM2.5 - Principal,2017-04-05 11:00 PM,2017,04,05,23,60.7,154,Unhealthy,65.0,UG/M3,1 Hr,Valid
Hyderabad,PM2.5 - Principal,2017-04-06 12:00 AM,2017,04,06,00,75.1,161,Unhealthy,88.0,UG/M3,1 Hr,Valid
Hyderabad,PM2.5 - Principal,2017-04-06 01:00 AM,2017,04,06,01,85.0,166,Unhealthy,95.0,UG/M3,1 Hr,Valid
Hyderabad,PM2.5 - Principal,2017-04-06 02:00 AM,2017,04,06,02,80.0,164,Unhealthy,75.0,UG/M3,1 Hr,Valid
Hyderabad,PM2.5 - Principal,2017-04-06 03:00 AM,2017,04,06,03,80.0,164,Unhealthy,-999.0,UG/M3,1 Hr,Missing
Hyderabad,PM2.5 - Principal,2017-04-06 04:00 AM,2017,04,06,04,64.6,156,Unhealthy,57.0,UG/M3,1 Hr,Valid
Hyderabad,PM2.5 - Principal,2017-04-06 05:00 AM,2017,04,06,05,66.5,157,Unhealthy,68.0,UG/M3,1 Hr,Valid
Hyderabad,PM2.5 - Principal,2017-04-06 06:00 AM,2017,04,06,06,74.7,161,Unhealthy,83.0,UG/M3,1 Hr,Valid
Hyderabad,PM2.5 - Principal,2017-04-06 07:00 AM,2017,04,06,07,74.7,161,Unhealthy,75.0,UG/M3,1 Hr,Valid
Hyderabad,PM2.5 - Principal,2017-04-06 08:00 AM,2017,04,06,08,72.7,160,Unhealthy,70.0,UG/M3,1 Hr,Valid
Hyderabad,PM2.5 - Principal,2017-04-06 09:00 AM,2017,04,06,09,74.9,161,Unhealthy,78.0,UG/M3,1 Hr,Valid
Hyderabad,PM2.5 - Principal,2017-04-06 10:00 AM,2017,04,06,10,69.6,158,Unhealthy,62.0,UG/M3,1 Hr,Valid
Hyderabad,PM2.5 - Principal,2017-04-06 11:00 AM,2017,04,06,11,67.3,157,Unhealthy,64.0,UG/M3,1 Hr,Valid
Hyderabad,PM2.5 - Principal,2017-04-06 12:00 PM,2017,04,06,12,56.6,152,Unhealthy,47.0,UG/M3,1 Hr,Valid
Hyderabad,PM2.5 - Principal,2017-04-06 01:00 PM,2017,04,06,13,51.8,141,Unhealthy for Sensitive Groups,45.0,UG/M3,1 Hr,Valid
Hyderabad,PM2.5 - Principal,2017-04-06 02:00 PM,2017,04,06,14,49.6,136,Unhealthy for Sensitive Groups,47.0,UG/M3,1 Hr,Valid
Hyderabad,PM2.5 - Principal,2017-04-06 03:00 PM,2017,04,06,15,46.8,129,Unhealthy for Sensitive Groups,44.0,UG/M3,1 Hr,Valid
Hyderabad,PM2.5 - Principal,2017-04-06 04:00 PM,2017,04,06,16,50.6,138,Unhealthy for Sensitive Groups,55.0,UG/M3,1 Hr,Valid
Hyderabad,PM2.5 - Principal,2017-04-06 05:00 PM,2017,04,06,17,54.1,147,Unhealthy for Sensitive Groups,58.0,UG/M3,1 Hr,Valid
Hyderabad,PM2.5 - Principal,2017-04-06 06:00 PM,2017,04,06,18,55.2,150,Unhealthy for Sensitive Groups,57.0,UG/M3,1 Hr,Valid
Hyderabad,PM2.5 - Principal,2017-04-06 07:00 PM,2017,04,06,19,64.2,155,Unhealthy,76.0,UG/M3,1 Hr,Valid
Hyderabad,PM2.5 - Principal,2017-04-06 08:00 PM,2017,04,06,20,66.3,157,Unhealthy,69.0,UG/M3,1 Hr,Valid
Hyderabad,PM2.5 - Principal,2017-04-06 09:00 PM,2017,04,06,21,78.2,163,Unhealthy,89.0,UG/M3,1 Hr,Valid
Hyderabad,PM2.5 - Principal,2017-04-06 10:00 PM,2017,04,06,22,78.1,163,Unhealthy,78.0,UG/M3,1 Hr,Valid
Hyderabad,PM2.5 - Principal,2017-04-06 11:00 PM,2017,04,06,23,78.5,163,Unhealthy,79.0,UG/M3,1 Hr,Valid
Hyderabad,PM2.5 - Principal,2017-04-07 12:00 AM,2017,04,07,00,74.7,161,Unhealthy,71.0,UG/M3,1 Hr,Valid
Hyderabad,PM2.5 - Principal,2017-04-07 01:00 AM,2017,04,07,01,73.8,160,Unhealthy,73.0,UG/M3,1 Hr,Valid
Hyderabad,PM2.5 - Principal,2017-04-07 02:00 AM,2017,04,07,02,63.9,155,Unhealthy,54.0,UG/M3,1 Hr,Valid
Hyderabad,PM2.5 - Principal,2017-04-07 03:00 AM,2017,04,07,03,62.6,155,Unhealthy,57.0,UG/M3,1 Hr,Valid
Hyderabad,PM2.5 - Principal,2017-04-07 04:00 AM,2017,04,07,04,63.5,155,Unhealthy,65.0,UG/M3,1 Hr,Valid
Hyderabad,PM2.5 - Principal,2017-04-07 05:00 AM,2017,04,07,05,64.9,156,Unhealthy,67.0,UG/M3,1 Hr,Valid
Hyderabad,PM2.5 - Principal,2017-04-07 06:00 AM,2017,04,07,06,68.1,158,Unhealthy,73.0,UG/M3,1 Hr,Valid
Hyderabad,PM2.5 - Principal,2017-04-07 07:00 AM,2017,04,07,07,68.4,158,Unhealthy,69.0,UG/M3,1 Hr,Valid
Hyderabad,PM2.5 - Principal,2017-04-07 08:00 AM,2017,04,07,08,85.7,167,Unhealthy,104.0,UG/M3,1 Hr,Valid
Hyderabad,PM2.5 - Principal,2017-04-07 09:00 AM,2017,04,07,09,77.7,162,Unhealthy,69.0,UG/M3,1 Hr,Valid
Hyderabad,PM2.5 - Principal,2017-04-07 10:00 AM,2017,04,07,10,65.5,156,Unhealthy,53.0,UG/M3,1 Hr,Valid
Hyderabad,PM2.5 - Principal,2017-04-07 11:00 AM,2017,04,07,11,58.6,153,Unhealthy,52.0,UG/M3,1 Hr,Valid
Hyderabad,PM2.5 - Principal,2017-04-07 12:00 PM,2017,04,07,12,59.8,153,Unhealthy,61.0,UG/M3,1 Hr,Valid
Hyderabad,PM2.5 - Principal,2017-04-07 01:00 PM,2017,04,07,13,56.9,152,Unhealthy,54.0,UG/M3,1 Hr,Valid
Hyderabad,PM2.5 - Principal,2017-04-07 02:00 PM,2017,04,07,14,56.4,151,Unhealthy,56.0,UG/M3,1 Hr,Valid
Hyderabad,PM2.5 - Principal,2017-04-07 03:00 PM,2017,04,07,15,56.2,151,Unhealthy,56.0,UG/M3,1 Hr,Valid
Hyderabad,PM2.5 - Principal,2017-04-07 04:00 PM,2017,04,07,16,61.1,154,Unhealthy,66.0,UG/M3,1 Hr,Valid
Hyderabad,PM2.5 - Principal,2017-04-07 05:00 PM,2017,04,07,17,73.0,160,Unhealthy,85.0,UG/M3,1 Hr,Valid
Hyderabad,PM2.5 - Principal,2017-04-07 06:00 PM,2017,04,07,18,86.5,167,Unhealthy,100.0,UG/M3,1 Hr,Valid
Hyderabad,PM2.5 - Principal,2017-04-07 07:00 PM,2017,04,07,19,84.7,166,Unhealthy,83.0,UG/M3,1 Hr,Valid
Hyderabad,PM2.5 - Principal,2017-04-07 08:00 PM,2017,04,07,20,90.9,169,Unhealthy,98.0,UG/M3,1 Hr,Valid
Hyderabad,PM2.5 - Principal,2017-04-07 09:00 PM,2017,04,07,21,86.1,167,Unhealthy,81.0,UG/M3,1 Hr,Valid
Hyderabad,PM2.5 - Principal,2017-04-07 10:00 PM,2017,04,07,22,88.0,168,Unhealthy,90.0,UG/M3,1 Hr,Valid
Hyderabad,PM2.5 - Principal,2017-04-07 11:00 PM,2017,04,07,23,90.2,169,Unhealthy,93.0,UG/M3,1 Hr,Valid
Hyderabad,PM2.5 - Principal,2017-04-08 12:00 AM,2017,04,08,00,102.2,175,Unhealthy,114.0,UG/M3,1 Hr,Valid
Hyderabad,PM2.5 - Principal,2017-04-08 01:00 AM,2017,04,08,01,105.1,177,Unhealthy,108.0,UG/M3,1 Hr,Valid
Hyderabad,PM2.5 - Principal,2017-04-08 02:00 AM,2017,04,08,02,110.0,179,Unhealthy,115.0,UG/M3,1 Hr,Valid
Hyderabad,PM2.5 - Principal,2017-04-08 03:00 AM,2017,04,08,03,105.3,177,Unhealthy,101.0,UG/M3,1 Hr,Valid
Hyderabad,PM2.5 - Principal,2017-04-08 04:00 AM,2017,04,08,04,102.7,175,Unhealthy,100.0,UG/M3,1 Hr,Valid
Hyderabad,PM2.5 - Principal,2017-04-08 05:00 AM,2017,04,08,05,99.9,174,Unhealthy,93.0,UG/M3,1 Hr,Valid
Hyderabad,PM2.5 - Principal,2017-04-08 06:00 AM,2017,04,08,06,107.2,178,Unhealthy,122.0,UG/M3,1 Hr,Valid
Hyderabad,PM2.5 - Principal,2017-04-08 07:00 AM,2017,04,08,07,118.4,183,Unhealthy,134.0,UG/M3,1 Hr,Valid
Hyderabad,PM2.5 - Principal,2017-04-08 08:00 AM,2017,04,08,08,116.7,183,Unhealthy,114.0,UG/M3,1 Hr,Valid
Hyderabad,PM2.5 - Principal,2017-04-08 09:00 AM,2017,04,08,09,102.5,175,Unhealthy,81.0,UG/M3,1 Hr,Valid
Hyderabad,PM2.5 - Principal,2017-04-08 10:00 AM,2017,04,08,10,82.7,165,Unhealthy,66.0,UG/M3,1 Hr,Valid
Hyderabad,PM2.5 - Principal,2017-04-08 11:00 AM,2017,04,08,11,73.3,160,Unhealthy,64.0,UG/M3,1 Hr,Valid
Hyderabad,PM2.5 - Principal,2017-04-08 12:00 PM,2017,04,08,12,69.6,158,Unhealthy,66.0,UG/M3,1 Hr,Valid
Hyderabad,PM2.5 - Principal,2017-04-08 01:00 PM,2017,04,08,13,67.8,157,Unhealthy,66.0,UG/M3,1 Hr,Valid
Hyderabad,PM2.5 - Principal,2017-04-08 02:00 PM,2017,04,08,14,63.9,155,Unhealthy,60.0,UG/M3,1 Hr,Valid
Hyderabad,PM2.5 - Principal,2017-04-08 03:00 PM,2017,04,08,15,62.9,155,Unhealthy,62.0,UG/M3,1 Hr,Valid
Hyderabad,PM2.5 - Principal,2017-04-08 04:00 PM,2017,04,08,16,62.4,155,Unhealthy,62.0,UG/M3,1 Hr,Valid
Hyderabad,PM2.5 - Principal,2017-04-08 05:00 PM,2017,04,08,17,63.7,155,Unhealthy,65.0,UG/M3,1 Hr,Valid
Hyderabad,PM2.5 - Principal,2017-04-08 06:00 PM,2017,04,08,18,62.3,155,Unhealthy,61.0,UG/M3,1 Hr,Valid
Hyderabad,PM2.5 - Principal,2017-04-08 07:00 PM,2017,04,08,19,70.2,159,Unhealthy,79.0,UG/M3,1 Hr,Valid
Hyderabad,PM2.5 - Principal,2017-04-08 08:00 PM,2017,04,08,20,68.6,158,Unhealthy,72.0,UG/M3,1 Hr,Valid
Hyderabad,PM2.5 - Principal,2017-04-08 09:00 PM,2017,04,08,21,68.2,158,Unhealthy,-999.0,UG/M3,1 Hr,Missing
Hyderabad,PM2.5 - Principal,2017-04-08 10:00 PM,2017,04,08,22,72.6,160,Unhealthy,81.0,UG/M3,1 Hr,Valid
Hyderabad,PM2.5 - Principal,2017-04-08 11:00 PM,2017,04,08,23,79.3,163,Unhealthy,88.0,UG/M3,1 Hr,Valid
Hyderabad,PM2.5 - Principal,2017-04-09 12:00 AM,2017,04,09,00,83.0,165,Unhealthy,89.0,UG/M3,1 Hr,Valid
Hyderabad,PM2.5 - Principal,2017-04-09 01:00 AM,2017,04,09,01,79.5,163,Unhealthy,73.0,UG/M3,1 Hr,Valid
Hyderabad,PM2.5 - Principal,2017-04-09 02:00 AM,2017,04,09,02,78.7,163,Unhealthy,77.0,UG/M3,1 Hr,Valid
Hyderabad,PM2.5 - Principal,2017-04-09 03:00 AM,2017,04,09,03,76.5,162,Unhealthy,72.0,UG/M3,1 Hr,Valid
Hyderabad,PM2.5 - Principal,2017-04-09 04:00 AM,2017,04,09,04,77.0,162,Unhealthy,78.0,UG/M3,1 Hr,Valid
Hyderabad,PM2.5 - Principal,2017-04-09 05:00 AM,2017,04,09,05,76.4,162,Unhealthy,75.0,UG/M3,1 Hr,Valid
Hyderabad,PM2.5 - Principal,2017-04-09 06:00 AM,2017,04,09,06,77.2,162,Unhealthy,77.0,UG/M3,1 Hr,Valid
Hyderabad,PM2.5 - Principal,2017-04-09 07:00 AM,2017,04,09,07,81.9,165,Unhealthy,96.0,UG/M3,1 Hr,Valid
Hyderabad,PM2.5 - Principal,2017-04-09 08:00 AM,2017,04,09,08,81.2,164,Unhealthy,79.0,UG/M3,1 Hr,Valid
Hyderabad,PM2.5 - Principal,2017-04-09 09:00 AM,2017,04,09,09,96.7,172,Unhealthy,119.0,UG/M3,1 Hr,Valid
Hyderabad,PM2.5 - Principal,2017-04-09 10:00 AM,2017,04,09,10,95.2,171,Unhealthy,93.0,UG/M3,1 Hr,Valid
Hyderabad,PM2.5 - Principal,2017-04-09 11:00 AM,2017,04,09,11,88.8,168,Unhealthy,79.0,UG/M3,1 Hr,Valid
Hyderabad,PM2.5 - Principal,2017-04-09 12:00 PM,2017,04,09,12,84.5,166,Unhealthy,78.0,UG/M3,1 Hr,Valid
Hyderabad,PM2.5 - Principal,2017-04-09 01:00 PM,2017,04,09,13,85.5,166,Unhealthy,87.0,UG/M3,1 Hr,Valid
Hyderabad,PM2.5 - Principal,2017-04-09 02:00 PM,2017,04,09,14,79.6,163,Unhealthy,71.0,UG/M3,1 Hr,Valid
Hyderabad,PM2.5 - Principal,2017-04-09 03:00 PM,2017,04,09,15,66.9,157,Unhealthy,56.0,UG/M3,1 Hr,Valid
Hyderabad,PM2.5 - Principal,2017-04-09 04:00 PM,2017,04,09,16,64.4,156,Unhealthy,62.0,UG/M3,1 Hr,Valid
Hyderabad,PM2.5 - Principal,2017-04-09 05:00 PM,2017,04,09,17,58.2,152,Unhealthy,52.0,UG/M3,1 Hr,Valid
Hyderabad,PM2.5 - Principal,2017-04-09 06:00 PM,2017,04,09,18,59.6,153,Unhealthy,61.0,UG/M3,1 Hr,Valid
Hyderabad,PM2.5 - Principal,2017-04-09 07:00 PM,2017,04,09,19,63.3,155,Unhealthy,67.0,UG/M3,1 Hr,Valid
Hyderabad,PM2.5 - Principal,2017-04-09 08:00 PM,2017,04,09,20,71.1,159,Unhealthy,79.0,UG/M3,1 Hr,Valid
Hyderabad,PM2.5 - Principal,2017-04-09 09:00 PM,2017,04,09,21,79.7,163,Unhealthy,92.0,UG/M3,1 Hr,Valid
Hyderabad,PM2.5 - Principal,2017-04-09 10:00 PM,2017,04,09,22,79.3,163,Unhealthy,79.0,UG/M3,1 Hr,Valid
Hyderabad,PM2.5 - Principal,2017-04-09 11:00 PM,2017,04,09,23,78.3,163,Unhealthy,77.0,UG/M3,1 Hr,Valid
Hyderabad,PM2.5 - Principal,2017-04-10 12:00 AM,2017,04,10,00,78.6,163,Unhealthy,79.0,UG/M3,1 Hr,Valid
Hyderabad,PM2.5 - Principal,2017-04-10 01:00 AM,2017,04,10,01,75.2,161,Unhealthy,71.0,UG/M3,1 Hr,Valid
Hyderabad,PM2.5 - Principal,2017-04-10 02:00 AM,2017,04,10,02,69.9,158,Unhealthy,63.0,UG/M3,1 Hr,Valid
Hyderabad,PM2.5 - Principal,2017-04-10 03:00 AM,2017,04,10,03,63.4,155,Unhealthy,55.0,UG/M3,1 Hr,Valid
Hyderabad,PM2.5 - Principal,2017-04-10 04:00 AM,2017,04,10,04,60.2,153,Unhealthy,56.0,UG/M3,1 Hr,Valid
Hyderabad,PM2.5 - Principal,2017-04-10 05:00 AM,2017,04,10,05,62.1,154,Unhealthy,64.0,UG/M3,1 Hr,Valid
Hyderabad,PM2.5 - Principal,2017-04-10 06:00 AM,2017,04,10,06,73.7,160,Unhealthy,91.0,UG/M3,1 Hr,Valid
Hyderabad,PM2.5 - Principal,2017-04-10 07:00 AM,2017,04,10,07,90.3,169,Unhealthy,106.0,UG/M3,1 Hr,Valid
Hyderabad,PM2.5 - Principal,2017-04-10 08:00 AM,2017,04,10,08,116.5,182,Unhealthy,142.0,UG/M3,1 Hr,Valid
Hyderabad,PM2.5 - Principal,2017-04-10 09:00 AM,2017,04,10,09,109.7,179,Unhealthy,103.0,UG/M3,1 Hr,Valid
Hyderabad,PM2.5 - Principal,2017-04-10 10:00 AM,2017,04,10,10,106.3,177,Unhealthy,103.0,UG/M3,1 Hr,Valid
Hyderabad,PM2.5 - Principal,2017-04-10 11:00 AM,2017,04,10,11,106.2,177,Unhealthy,106.0,UG/M3,1 Hr,Valid
Hyderabad,PM2.5 - Principal,2017-04-10 12:00 PM,2017,04,10,12,90.6,169,Unhealthy,75.0,UG/M3,1 Hr,Valid
Hyderabad,PM2.5 - Principal,2017-04-10 01:00 PM,2017,04,10,13,86.8,167,Unhealthy,83.0,UG/M3,1 Hr,Valid
Hyderabad,PM2.5 - Principal,2017-04-10 02:00 PM,2017,04,10,14,70.3,159,Unhealthy,54.0,UG/M3,1 Hr,Valid
Hyderabad,PM2.5 - Principal,2017-04-10 03:00 PM,2017,04,10,15,65.2,156,Unhealthy,60.0,UG/M3,1 Hr,Valid
Hyderabad,PM2.5 - Principal,2017-04-10 04:00 PM,2017,04,10,16,62.1,154,Unhealthy,59.0,UG/M3,1 Hr,Valid
Hyderabad,PM2.5 - Principal,2017-04-10 05:00 PM,2017,04,10,17,63.5,155,Unhealthy,65.0,UG/M3,1 Hr,Valid
Hyderabad,PM2.5 - Principal,2017-04-10 06:00 PM,2017,04,10,18,68.7,158,Unhealthy,74.0,UG/M3,1 Hr,Valid
Hyderabad,PM2.5 - Principal,2017-04-10 07:00 PM,2017,04,10,19,74.3,161,Unhealthy,80.0,UG/M3,1 Hr,Valid
Hyderabad,PM2.5 - Principal,2017-04-10 08:00 PM,2017,04,10,20,89.8,169,Unhealthy,106.0,UG/M3,1 Hr,Valid
Hyderabad,PM2.5 - Principal,2017-04-10 09:00 PM,2017,04,10,21,99.0,173,Unhealthy,108.0,UG/M3,1 Hr,Valid
Hyderabad,PM2.5 - Principal,2017-04-10 10:00 PM,2017,04,10,22,95.5,172,Unhealthy,92.0,UG/M3,1 Hr,Valid
Hyderabad,PM2.5 - Principal,2017-04-10 11:00 PM,2017,04,10,23,101.7,175,Unhealthy,108.0,UG/M3,1 Hr,Valid
Hyderabad,PM2.5 - Principal,2017-04-11 12:00 AM,2017,04,11,00,107.3,178,Unhealthy,113.0,UG/M3,1 Hr,Valid
Hyderabad,PM2.5 - Principal,2017-04-11 01:00 AM,2017,04,11,01,99.6,174,Unhealthy,92.0,UG/M3,1 Hr,Valid
Hyderabad,PM2.5 - Principal,2017-04-11 02:00 AM,2017,04,11,02,92.2,170,Unhealthy,84.0,UG/M3,1 Hr,Valid
Hyderabad,PM2.5 - Principal,2017-04-11 03:00 AM,2017,04,11,03,87.8,168,Unhealthy,83.0,UG/M3,1 Hr,Valid
Hyderabad,PM2.5 - Principal,2017-04-11 04:00 AM,2017,04,11,04,85.5,166,Unhealthy,81.0,UG/M3,1 Hr,Valid
Hyderabad,PM2.5 - Principal,2017-04-11 05:00 AM,2017,04,11,05,84.3,166,Unhealthy,79.0,UG/M3,1 Hr,Valid
Hyderabad,PM2.5 - Principal,2017-04-11 06:00 AM,2017,04,11,06,87.1,167,Unhealthy,91.0,UG/M3,1 Hr,Valid
Hyderabad,PM2.5 - Principal,2017-04-11 07:00 AM,2017,04,11,07,88.0,168,Unhealthy,90.0,UG/M3,1 Hr,Valid
Hyderabad,PM2.5 - Principal,2017-04-11 08:00 AM,2017,04,11,08,87.3,167,Unhealthy,86.0,UG/M3,1 Hr,Valid
Hyderabad,PM2.5 - Principal,2017-04-11 09:00 AM,2017,04,11,09,80.0,164,Unhealthy,69.0,UG/M3,1 Hr,Valid
Hyderabad,PM2.5 - Principal,2017-04-11 10:00 AM,2017,04,11,10,74.5,161,Unhealthy,67.0,UG/M3,1 Hr,Valid
Hyderabad,PM2.5 - Principal,2017-04-11 11:00 AM,2017,04,11,11,63.2,155,Unhealthy,54.0,UG/M3,1 Hr,Valid
Hyderabad,PM2.5 - Principal,2017-04-11 12:00 PM,2017,04,11,12,65.8,156,Unhealthy,-999.0,UG/M3,1 Hr,Missing
Hyderabad,PM2.5 - Principal,2017-04-11 01:00 PM,2017,04,11,13,51.0,139,Unhealthy for Sensitive Groups,45.0,UG/M3,1 Hr,Valid
Hyderabad,PM2.5 - Principal,2017-04-11 02:00 PM,2017,04,11,14,47.0,129,Unhealthy for Sensitive Groups,44.0,UG/M3,1 Hr,Valid
Hyderabad,PM2.5 - Principal,2017-04-11 03:00 PM,2017,04,11,15,47.0,129,Unhealthy for Sensitive Groups,47.0,UG/M3,1 Hr,Valid
Hyderabad,PM2.5 - Principal,2017-04-11 04:00 PM,2017,04,11,16,48.0,132,Unhealthy for Sensitive Groups,49.0,UG/M3,1 Hr,Valid
Hyderabad,PM2.5 - Principal,2017-04-11 05:00 PM,2017,04,11,17,56.1,151,Unhealthy,64.0,UG/M3,1 Hr,Valid
Hyderabad,PM2.5 - Principal,2017-04-11 06:00 PM,2017,04,11,18,57.0,152,Unhealthy,58.0,UG/M3,1 Hr,Valid
Hyderabad,PM2.5 - Principal,2017-04-11 07:00 PM,2017,04,11,19,67.2,157,Unhealthy,78.0,UG/M3,1 Hr,Valid
Hyderabad,PM2.5 - Principal,2017-04-11 08:00 PM,2017,04,11,20,81.3,164,Unhealthy,95.0,UG/M3,1 Hr,Valid
Hyderabad,PM2.5 - Principal,2017-04-11 09:00 PM,2017,04,11,21,94.1,171,Unhealthy,107.0,UG/M3,1 Hr,Valid
Hyderabad,PM2.5 - Principal,2017-04-11 10:00 PM,2017,04,11,22,98.5,173,Unhealthy,103.0,UG/M3,1 Hr,Valid
Hyderabad,PM2.5 - Principal,2017-04-11 11:00 PM,2017,04,11,23,98.3,173,Unhealthy,98.0,UG/M3,1 Hr,Valid
Hyderabad,PM2.5 - Principal,2017-04-12 12:00 AM,2017,04,12,00,136.1,193,Unhealthy,174.0,UG/M3,1 Hr,Valid
Hyderabad,PM2.5 - Principal,2017-04-12 01:00 AM,2017,04,12,01,167.5,218,Very Unhealthy,199.0,UG/M3,1 Hr,Valid
Hyderabad,PM2.5 - Principal,2017-04-12 02:00 AM,2017,04,12,02,174.8,225,Very Unhealthy,182.0,UG/M3,1 Hr,Valid
Hyderabad,PM2.5 - Principal,2017-04-12 03:00 AM,2017,04,12,03,165.4,216,Very Unhealthy,156.0,UG/M3,1 Hr,Valid
Hyderabad,PM2.5 - Principal,2017-04-12 04:00 AM,2017,04,12,04,165.4,216,Very Unhealthy,-999.0,UG/M3,1 Hr,Missing
Hyderabad,PM2.5 - Principal,2017-04-12 05:00 AM,2017,04,12,05,153.1,204,Very Unhealthy,147.0,UG/M3,1 Hr,Valid
Hyderabad,PM2.5 - Principal,2017-04-12 06:00 AM,2017,04,12,06,138.7,194,Unhealthy,128.0,UG/M3,1 Hr,Valid
Hyderabad,PM2.5 - Principal,2017-04-12 07:00 AM,2017,04,12,07,148.5,199,Unhealthy,157.0,UG/M3,1 Hr,Valid
Hyderabad,PM2.5 - Principal,2017-04-12 08:00 AM,2017,04,12,08,158.5,209,Very Unhealthy,168.0,UG/M3,1 Hr,Valid
Hyderabad,PM2.5 - Principal,2017-04-12 09:00 AM,2017,04,12,09,131.8,190,Unhealthy,106.0,UG/M3,1 Hr,Valid
Hyderabad,PM2.5 - Principal,2017-04-12 10:00 AM,2017,04,12,10,109.2,179,Unhealthy,87.0,UG/M3,1 Hr,Valid
Hyderabad,PM2.5 - Principal,2017-04-12 11:00 AM,2017,04,12,11,79.0,163,Unhealthy,49.0,UG/M3,1 Hr,Valid
Hyderabad,PM2.5 - Principal,2017-04-12 12:00 PM,2017,04,12,12,59.9,153,Unhealthy,41.0,UG/M3,1 Hr,Valid
Hyderabad,PM2.5 - Principal,2017-04-12 01:00 PM,2017,04,12,13,50.4,138,Unhealthy for Sensitive Groups,41.0,UG/M3,1 Hr,Valid
Hyderabad,PM2.5 - Principal,2017-04-12 02:00 PM,2017,04,12,14,43.7,121,Unhealthy for Sensitive Groups,37.0,UG/M3,1 Hr,Valid
Hyderabad,PM2.5 - Principal,2017-04-12 03:00 PM,2017,04,12,15,41.3,115,Unhealthy for Sensitive Groups,39.0,UG/M3,1 Hr,Valid
Hyderabad,PM2.5 - Principal,2017-04-12 04:00 PM,2017,04,12,16,40.6,114,Unhealthy for Sensitive Groups,40.0,UG/M3,1 Hr,Valid
Hyderabad,PM2.5 - Principal,2017-04-12 05:00 PM,2017,04,12,17,43.3,120,Unhealthy for Sensitive Groups,46.0,UG/M3,1 Hr,Valid
Hyderabad,PM2.5 - Principal,2017-04-12 06:00 PM,2017,04,12,18,48.6,133,Unhealthy for Sensitive Groups,54.0,UG/M3,1 Hr,Valid
Hyderabad,PM2.5 - Principal,2017-04-12 07:00 PM,2017,04,12,19,54.8,149,Unhealthy for Sensitive Groups,61.0,UG/M3,1 Hr,Valid
Hyderabad,PM2.5 - Principal,2017-04-12 08:00 PM,2017,04,12,20,66.3,157,Unhealthy,78.0,UG/M3,1 Hr,Valid
Hyderabad,PM2.5 - Principal,2017-04-12 09:00 PM,2017,04,12,21,76.6,162,Unhealthy,87.0,UG/M3,1 Hr,Valid
Hyderabad,PM2.5 - Principal,2017-04-12 10:00 PM,2017,04,12,22,82.8,165,Unhealthy,89.0,UG/M3,1 Hr,Valid
Hyderabad,PM2.5 - Principal,2017-04-12 11:00 PM,2017,04,12,23,82.4,165,Unhealthy,82.0,UG/M3,1 Hr,Valid
Hyderabad,PM2.5 - Principal,2017-04-13 12:00 AM,2017,04,13,00,91.2,169,Unhealthy,100.0,UG/M3,1 Hr,Valid
Hyderabad,PM2.5 - Principal,2017-04-13 01:00 AM,2017,04,13,01,100.1,174,Unhealthy,109.0,UG/M3,1 Hr,Valid
Hyderabad,PM2.5 - Principal,2017-04-13 02:00 AM,2017,04,13,02,115.0,182,Unhealthy,130.0,UG/M3,1 Hr,Valid
Hyderabad,PM2.5 - Principal,2017-04-13 03:00 AM,2017,04,13,03,130.0,189,Unhealthy,145.0,UG/M3,1 Hr,Valid
Hyderabad,PM2.5 - Principal,2017-04-13 04:00 AM,2017,04,13,04,115.5,182,Unhealthy,101.0,UG/M3,1 Hr,Valid
Hyderabad,PM2.5 - Principal,2017-04-13 05:00 AM,2017,04,13,05,118.7,184,Unhealthy,122.0,UG/M3,1 Hr,Valid
Hyderabad,PM2.5 - Principal,2017-04-13 06:00 AM,2017,04,13,06,114.8,182,Unhealthy,111.0,UG/M3,1 Hr,Valid
Hyderabad,PM2.5 - Principal,2017-04-13 07:00 AM,2017,04,13,07,122.4,186,Unhealthy,131.0,UG/M3,1 Hr,Valid
Hyderabad,PM2.5 - Principal,2017-04-13 08:00 AM,2017,04,13,08,136.0,193,Unhealthy,152.0,UG/M3,1 Hr,Valid
Hyderabad,PM2.5 - Principal,2017-04-13 09:00 AM,2017,04,13,09,131.9,190,Unhealthy,127.0,UG/M3,1 Hr,Valid
Hyderabad,PM2.5 - Principal,2017-04-13 10:00 AM,2017,04,13,10,114.9,182,Unhealthy,95.0,UG/M3,1 Hr,Valid
Hyderabad,PM2.5 - Principal,2017-04-13 11:00 AM,2017,04,13,11,93.8,171,Unhealthy,74.0,UG/M3,1 Hr,Valid
Hyderabad,PM2.5 - Principal,2017-04-13 12:00 PM,2017,04,13,12,102.9,175,Unhealthy,112.0,UG/M3,1 Hr,Valid
Hyderabad,PM2.5 - Principal,2017-04-13 01:00 PM,2017,04,13,13,83.9,166,Unhealthy,65.0,UG/M3,1 Hr,Valid
Hyderabad,PM2.5 - Principal,2017-04-13 02:00 PM,2017,04,13,14,71.4,159,Unhealthy,59.0,UG/M3,1 Hr,Valid
Hyderabad,PM2.5 - Principal,2017-04-13 03:00 PM,2017,04,13,15,70.2,159,Unhealthy,69.0,UG/M3,1 Hr,Valid
Hyderabad,PM2.5 - Principal,2017-04-13 04:00 PM,2017,04,13,16,67.1,157,Unhealthy,64.0,UG/M3,1 Hr,Valid
Hyderabad,PM2.5 - Principal,2017-04-13 05:00 PM,2017,04,13,17,61.0,154,Unhealthy,55.0,UG/M3,1 Hr,Valid
Hyderabad,PM2.5 - Principal,2017-04-13 06:00 PM,2017,04,13,18,59.0,153,Unhealthy,57.0,UG/M3,1 Hr,Valid
Hyderabad,PM2.5 - Principal,2017-04-13 07:00 PM,2017,04,13,19,61.4,154,Unhealthy,64.0,UG/M3,1 Hr,Valid
Hyderabad,PM2.5 - Principal,2017-04-13 08:00 PM,2017,04,13,20,69.2,158,Unhealthy,77.0,UG/M3,1 Hr,Valid
Hyderabad,PM2.5 - Principal,2017-04-13 09:00 PM,2017,04,13,21,86.6,167,Unhealthy,104.0,UG/M3,1 Hr,Valid
Hyderabad,PM2.5 - Principal,2017-04-13 10:00 PM,2017,04,13,22,85.8,167,Unhealthy,85.0,UG/M3,1 Hr,Valid
Hyderabad,PM2.5 - Principal,2017-04-13 11:00 PM,2017,04,13,23,79.4,163,Unhealthy,73.0,UG/M3,1 Hr,Valid
Hyderabad,PM2.5 - Principal,2017-04-14 12:00 AM,2017,04,14,00,79.7,163,Unhealthy,80.0,UG/M3,1 Hr,Valid
Hyderabad,PM2.5 - Principal,2017-04-14 01:00 AM,2017,04,14,01,80.3,164,Unhealthy,81.0,UG/M3,1 Hr,Valid
Hyderabad,PM2.5 - Principal,2017-04-14 02:00 AM,2017,04,14,02,82.5,165,Unhealthy,85.0,UG/M3,1 Hr,Valid
Hyderabad,PM2.5 - Principal,2017-04-14 03:00 AM,2017,04,14,03,77.0,162,Unhealthy,71.0,UG/M3,1 Hr,Valid
Hyderabad,PM2.5 - Principal,2017-04-14 04:00 AM,2017,04,14,04,75.1,161,Unhealthy,73.0,UG/M3,1 Hr,Valid
Hyderabad,PM2.5 - Principal,2017-04-14 05:00 AM,2017,04,14,05,72.9,160,Unhealthy,70.0,UG/M3,1 Hr,Valid
Hyderabad,PM2.5 - Principal,2017-04-14 06:00 AM,2017,04,14,06,77.2,162,Unhealthy,83.0,UG/M3,1 Hr,Valid
Hyderabad,PM2.5 - Principal,2017-04-14 07:00 AM,2017,04,14,07,80.5,164,Unhealthy,87.0,UG/M3,1 Hr,Valid
Hyderabad,PM2.5 - Principal,2017-04-14 08:00 AM,2017,04,14,08,86.9,167,Unhealthy,100.0,UG/M3,1 Hr,Valid
Hyderabad,PM2.5 - Principal,2017-04-14 09:00 AM,2017,04,14,09,102.0,175,Unhealthy,120.0,UG/M3,1 Hr,Valid
Hyderabad,PM2.5 - Principal,2017-04-14 10:00 AM,2017,04,14,10,100.3,174,Unhealthy,98.0,UG/M3,1 Hr,Valid
Hyderabad,PM2.5 - Principal,2017-04-14 11:00 AM,2017,04,14,11,92.7,170,Unhealthy,82.0,UG/M3,1 Hr,Valid
Hyderabad,PM2.5 - Principal,2017-04-14 12:00 PM,2017,04,14,12,87.8,168,Unhealthy,81.0,UG/M3,1 Hr,Valid
Hyderabad,PM2.5 - Principal,2017-04-14 01:00 PM,2017,04,14,13,85.8,167,Unhealthy,83.0,UG/M3,1 Hr,Valid
Hyderabad,PM2.5 - Principal,2017-04-14 02:00 PM,2017,04,14,14,79.2,163,Unhealthy,70.0,UG/M3,1 Hr,Valid
Hyderabad,PM2.5 - Principal,2017-04-14 03:00 PM,2017,04,14,15,70.1,159,Unhealthy,62.0,UG/M3,1 Hr,Valid
Hyderabad,PM2.5 - Principal,2017-04-14 04:00 PM,2017,04,14,16,63.3,155,Unhealthy,57.0,UG/M3,1 Hr,Valid
Hyderabad,PM2.5 - Principal,2017-04-14 05:00 PM,2017,04,14,17,62.6,155,Unhealthy,62.0,UG/M3,1 Hr,Valid
Hyderabad,PM2.5 - Principal,2017-04-14 06:00 PM,2017,04,14,18,61.3,154,Unhealthy,60.0,UG/M3,1 Hr,Valid
Hyderabad,PM2.5 - Principal,2017-04-14 07:00 PM,2017,04,14,19,79.1,163,Unhealthy,97.0,UG/M3,1 Hr,Valid
Hyderabad,PM2.5 - Principal,2017-04-14 08:00 PM,2017,04,14,20,90.0,169,Unhealthy,101.0,UG/M3,1 Hr,Valid
Hyderabad,PM2.5 - Principal,2017-04-14 09:00 PM,2017,04,14,21,82.9,165,Unhealthy,77.0,UG/M3,1 Hr,Valid
Hyderabad,PM2.5 - Principal,2017-04-14 10:00 PM,2017,04,14,22,73.8,160,Unhealthy,62.0,UG/M3,1 Hr,Valid
Hyderabad,PM2.5 - Principal,2017-04-14 11:00 PM,2017,04,14,23,67.7,157,Unhealthy,60.0,UG/M3,1 Hr,Valid
Hyderabad,PM2.5 - Principal,2017-04-15 12:00 AM,2017,04,15,00,66.5,157,Unhealthy,65.0,UG/M3,1 Hr,Valid
Hyderabad,PM2.5 - Principal,2017-04-15 01:00 AM,2017,04,15,01,57.8,152,Unhealthy,50.0,UG/M3,1 Hr,Valid
Hyderabad,PM2.5 - Principal,2017-04-15 02:00 AM,2017,04,15,02,57.4,152,Unhealthy,57.0,UG/M3,1 Hr,Valid
Hyderabad,PM2.5 - Principal,2017-04-15 03:00 AM,2017,04,15,03,54.2,147,Unhealthy for Sensitive Groups,51.0,UG/M3,1 Hr,Valid
Hyderabad,PM2.5 - Principal,2017-04-15 04:00 AM,2017,04,15,04,56.1,151,Unhealthy,58.0,UG/M3,1 Hr,Valid
Hyderabad,PM2.5 - Principal,2017-04-15 05:00 AM,2017,04,15,05,54.0,147,Unhealthy for Sensitive Groups,52.0,UG/M3,1 Hr,Valid
Hyderabad,PM2.5 - Principal,2017-04-15 06:00 AM,2017,04,15,06,52.0,142,Unhealthy for Sensitive Groups,50.0,UG/M3,1 Hr,Valid
Hyderabad,PM2.5 - Principal,2017-04-15 07:00 AM,2017,04,15,07,60.5,154,Unhealthy,69.0,UG/M3,1 Hr,Valid
Hyderabad,PM2.5 - Principal,2017-04-15 08:00 AM,2017,04,15,08,63.7,155,Unhealthy,73.0,UG/M3,1 Hr,Valid
Hyderabad,PM2.5 - Principal,2017-04-15 09:00 AM,2017,04,15,09,75.1,161,Unhealthy,88.0,UG/M3,1 Hr,Valid
Hyderabad,PM2.5 - Principal,2017-04-15 10:00 AM,2017,04,15,10,92.1,170,Unhealthy,107.0,UG/M3,1 Hr,Valid
Hyderabad,PM2.5 - Principal,2017-04-15 11:00 AM,2017,04,15,11,86.0,167,Unhealthy,80.0,UG/M3,1 Hr,Valid
Hyderabad,PM2.5 - Principal,2017-04-15 12:00 PM,2017,04,15,12,91.0,169,Unhealthy,96.0,UG/M3,1 Hr,Valid
Hyderabad,PM2.5 - Principal,2017-04-15 01:00 PM,2017,04,15,13,82.5,165,Unhealthy,74.0,UG/M3,1 Hr,Valid
Hyderabad,PM2.5 - Principal,2017-04-15 02:00 PM,2017,04,15,14,67.2,157,Unhealthy,52.0,UG/M3,1 Hr,Valid
Hyderabad,PM2.5 - Principal,2017-04-15 03:00 PM,2017,04,15,15,58.1,152,Unhealthy,49.0,UG/M3,1 Hr,Valid
Hyderabad,PM2.5 - Principal,2017-04-15 04:00 PM,2017,04,15,16,52.5,143,Unhealthy for Sensitive Groups,47.0,UG/M3,1 Hr,Valid
Hyderabad,PM2.5 - Principal,2017-04-15 05:00 PM,2017,04,15,17,51.7,141,Unhealthy for Sensitive Groups,51.0,UG/M3,1 Hr,Valid
Hyderabad,PM2.5 - Principal,2017-04-15 06:00 PM,2017,04,15,18,52.8,144,Unhealthy for Sensitive Groups,54.0,UG/M3,1 Hr,Valid
Hyderabad,PM2.5 - Principal,2017-04-15 07:00 PM,2017,04,15,19,58.9,153,Unhealthy,65.0,UG/M3,1 Hr,Valid
Hyderabad,PM2.5 - Principal,2017-04-15 08:00 PM,2017,04,15,20,82.9,165,Unhealthy,107.0,UG/M3,1 Hr,Valid
Hyderabad,PM2.5 - Principal,2017-04-15 09:00 PM,2017,04,15,21,111.9,180,Unhealthy,141.0,UG/M3,1 Hr,Valid
Hyderabad,PM2.5 - Principal,2017-04-15 10:00 PM,2017,04,15,22,134.0,192,Unhealthy,156.0,UG/M3,1 Hr,Valid
Hyderabad,PM2.5 - Principal,2017-04-15 11:00 PM,2017,04,15,23,127.5,188,Unhealthy,121.0,UG/M3,1 Hr,Valid
Hyderabad,PM2.5 - Principal,2017-04-16 12:00 AM,2017,04,16,00,106.7,177,Unhealthy,86.0,UG/M3,1 Hr,Valid
Hyderabad,PM2.5 - Principal,2017-04-16 01:00 AM,2017,04,16,01,88.8,168,Unhealthy,71.0,UG/M3,1 Hr,Valid
Hyderabad,PM2.5 - Principal,2017-04-16 02:00 AM,2017,04,16,02,76.9,162,Unhealthy,65.0,UG/M3,1 Hr,Valid
Hyderabad,PM2.5 - Principal,2017-04-16 03:00 AM,2017,04,16,03,73.4,160,Unhealthy,70.0,UG/M3,1 Hr,Valid
Hyderabad,PM2.5 - Principal,2017-04-16 04:00 AM,2017,04,16,04,74.7,161,Unhealthy,76.0,UG/M3,1 Hr,Valid
Hyderabad,PM2.5 - Principal,2017-04-16 05:00 AM,2017,04,16,05,69.8,158,Unhealthy,65.0,UG/M3,1 Hr,Valid
Hyderabad,PM2.5 - Principal,2017-04-16 06:00 AM,2017,04,16,06,79.4,163,Unhealthy,89.0,UG/M3,1 Hr,Valid
Hyderabad,PM2.5 - Principal,2017-04-16 07:00 AM,2017,04,16,07,85.2,166,Unhealthy,91.0,UG/M3,1 Hr,Valid
Hyderabad,PM2.5 - Principal,2017-04-16 08:00 AM,2017,04,16,08,95.1,171,Unhealthy,105.0,UG/M3,1 Hr,Valid
Hyderabad,PM2.5 - Principal,2017-04-16 09:00 AM,2017,04,16,09,103.0,176,Unhealthy,111.0,UG/M3,1 Hr,Valid
Hyderabad,PM2.5 - Principal,2017-04-16 10:00 AM,2017,04,16,10,103.7,176,Unhealthy,106.0,UG/M3,1 Hr,Valid
Hyderabad,PM2.5 - Principal,2017-04-16 11:00 AM,2017,04,16,11,96.1,172,Unhealthy,87.0,UG/M3,1 Hr,Valid
Hyderabad,PM2.5 - Principal,2017-04-16 12:00 PM,2017,04,16,12,72.3,160,Unhealthy,49.0,UG/M3,1 Hr,Valid
Hyderabad,PM2.5 - Principal,2017-04-16 01:00 PM,2017,04,16,13,60.1,153,Unhealthy,48.0,UG/M3,1 Hr,Valid
Hyderabad,PM2.5 - Principal,2017-04-16 02:00 PM,2017,04,16,14,52.5,143,Unhealthy for Sensitive Groups,45.0,UG/M3,1 Hr,Valid
Hyderabad,PM2.5 - Principal,2017-04-16 03:00 PM,2017,04,16,15,49.7,136,Unhealthy for Sensitive Groups,47.0,UG/M3,1 Hr,Valid
Hyderabad,PM2.5 - Principal,2017-04-16 04:00 PM,2017,04,16,16,48.8,134,Unhealthy for Sensitive Groups,48.0,UG/M3,1 Hr,Valid
Hyderabad,PM2.5 - Principal,2017-04-16 05:00 PM,2017,04,16,17,47.4,130,Unhealthy for Sensitive Groups,46.0,UG/M3,1 Hr,Valid
Hyderabad,PM2.5 - Principal,2017-04-16 06:00 PM,2017,04,16,18,50.7,138,Unhealthy for Sensitive Groups,54.0,UG/M3,1 Hr,Valid
Hyderabad,PM2.5 - Principal,2017-04-16 07:00 PM,2017,04,16,19,72.8,160,Unhealthy,95.0,UG/M3,1 Hr,Valid
Hyderabad,PM2.5 - Principal,2017-04-16 08:00 PM,2017,04,16,20,102.4,175,Unhealthy,132.0,UG/M3,1 Hr,Valid
Hyderabad,PM2.5 - Principal,2017-04-16 09:00 PM,2017,04,16,21,128.2,189,Unhealthy,154.0,UG/M3,1 Hr,Valid
Hyderabad,PM2.5 - Principal,2017-04-16 10:00 PM,2017,04,16,22,162.1,212,Very Unhealthy,196.0,UG/M3,1 Hr,Valid
Hyderabad,PM2.5 - Principal,2017-04-16 11:00 PM,2017,04,16,23,184.5,235,Very Unhealthy,207.0,UG/M3,1 Hr,Valid
Hyderabad,PM2.5 - Principal,2017-04-17 12:00 AM,2017,04,17,00,194.8,245,Very Unhealthy,205.0,UG/M3,1 Hr,Valid
Hyderabad,PM2.5 - Principal,2017-04-17 01:00 AM,2017,04,17,01,180.4,231,Very Unhealthy,166.0,UG/M3,1 Hr,Valid
Hyderabad,PM2.5 - Principal,2017-04-17 02:00 AM,2017,04,17,02,172.7,223,Very Unhealthy,165.0,UG/M3,1 Hr,Valid
Hyderabad,PM2.5 - Principal,2017-04-17 03:00 AM,2017,04,17,03,189.8,240,Very Unhealthy,207.0,UG/M3,1 Hr,Valid
Hyderabad,PM2.5 - Principal,2017-04-17 04:00 AM,2017,04,17,04,160.9,211,Very Unhealthy,132.0,UG/M3,1 Hr,Valid
Hyderabad,PM2.5 - Principal,2017-04-17 05:00 AM,2017,04,17,05,138.4,194,Unhealthy,116.0,UG/M3,1 Hr,Valid
Hyderabad,PM2.5 - Principal,2017-04-17 06:00 AM,2017,04,17,06,103.7,176,Unhealthy,69.0,UG/M3,1 Hr,Valid
Hyderabad,PM2.5 - Principal,2017-04-17 07:00 AM,2017,04,17,07,89.3,168,Unhealthy,75.0,UG/M3,1 Hr,Valid
Hyderabad,PM2.5 - Principal,2017-04-17 08:00 AM,2017,04,17,08,83.1,165,Unhealthy,77.0,UG/M3,1 Hr,Valid
Hyderabad,PM2.5 - Principal,2017-04-17 09:00 AM,2017,04,17,09,83.5,165,Unhealthy,84.0,UG/M3,1 Hr,Valid
Hyderabad,PM2.5 - Principal,2017-04-17 10:00 AM,2017,04,17,10,83.7,166,Unhealthy,84.0,UG/M3,1 Hr,Valid
Hyderabad,PM2.5 - Principal,2017-04-17 11:00 AM,2017,04,17,11,72.8,160,Unhealthy,62.0,UG/M3,1 Hr,Valid
Hyderabad,PM2.5 - Principal,2017-04-17 12:00 PM,2017,04,17,12,62.9,155,Unhealthy,53.0,UG/M3,1 Hr,Valid
Hyderabad,PM2.5 - Principal,2017-04-17 01:00 PM,2017,04,17,13,56.4,151,Unhealthy,50.0,UG/M3,1 Hr,Valid
Hyderabad,PM2.5 - Principal,2017-04-17 02:00 PM,2017,04,17,14,53.7,146,Unhealthy for Sensitive Groups,51.0,UG/M3,1 Hr,Valid
Hyderabad,PM2.5 - Principal,2017-04-17 03:00 PM,2017,04,17,15,50.8,139,Unhealthy for Sensitive Groups,48.0,UG/M3,1 Hr,Valid
Hyderabad,PM2.5 - Principal,2017-04-17 04:00 PM,2017,04,17,16,46.9,129,Unhealthy for Sensitive Groups,43.0,UG/M3,1 Hr,Valid
Hyderabad,PM2.5 - Principal,2017-04-17 05:00 PM,2017,04,17,17,46.5,128,Unhealthy for Sensitive Groups,46.0,UG/M3,1 Hr,Valid
Hyderabad,PM2.5 - Principal,2017-04-17 06:00 PM,2017,04,17,18,49.6,136,Unhealthy for Sensitive Groups,53.0,UG/M3,1 Hr,Valid
Hyderabad,PM2.5 - Principal,2017-04-17 07:00 PM,2017,04,17,19,57.6,152,Unhealthy,66.0,UG/M3,1 Hr,Valid
Hyderabad,PM2.5 - Principal,2017-04-17 08:00 PM,2017,04,17,20,69.0,158,Unhealthy,81.0,UG/M3,1 Hr,Valid
Hyderabad,PM2.5 - Principal,2017-04-17 09:00 PM,2017,04,17,21,77.7,162,Unhealthy,86.0,UG/M3,1 Hr,Valid
Hyderabad,PM2.5 - Principal,2017-04-17 10:00 PM,2017,04,17,22,83.8,166,Unhealthy,90.0,UG/M3,1 Hr,Valid
Hyderabad,PM2.5 - Principal,2017-04-17 11:00 PM,2017,04,17,23,84.9,166,Unhealthy,86.0,UG/M3,1 Hr,Valid
Hyderabad,PM2.5 - Principal,2017-04-18 12:00 AM,2017,04,18,00,88.9,168,Unhealthy,93.0,UG/M3,1 Hr,Valid
Hyderabad,PM2.5 - Principal,2017-04-18 01:00 AM,2017,04,18,01,93.9,171,Unhealthy,99.0,UG/M3,1 Hr,Valid
Hyderabad,PM2.5 - Principal,2017-04-18 02:00 AM,2017,04,18,02,97.5,173,Unhealthy,101.0,UG/M3,1 Hr,Valid
Hyderabad,PM2.5 - Principal,2017-04-18 03:00 AM,2017,04,18,03,98.7,173,Unhealthy,100.0,UG/M3,1 Hr,Valid
Hyderabad,PM2.5 - Principal,2017-04-18 04:00 AM,2017,04,18,04,111.8,180,Unhealthy,125.0,UG/M3,1 Hr,Valid
Hyderabad,PM2.5 - Principal,2017-04-18 05:00 AM,2017,04,18,05,132.4,191,Unhealthy,153.0,UG/M3,1 Hr,Valid
Hyderabad,PM2.5 - Principal,2017-04-18 06:00 AM,2017,04,18,06,123.2,186,Unhealthy,114.0,UG/M3,1 Hr,Valid
Hyderabad,PM2.5 - Principal,2017-04-18 07:00 AM,2017,04,18,07,125.3,187,Unhealthy,128.0,UG/M3,1 Hr,Valid
Hyderabad,PM2.5 - Principal,2017-04-18 08:00 AM,2017,04,18,08,126.6,188,Unhealthy,129.0,UG/M3,1 Hr,Valid
Hyderabad,PM2.5 - Principal,2017-04-18 09:00 AM,2017,04,18,09,117.6,183,Unhealthy,106.0,UG/M3,1 Hr,Valid
Hyderabad,PM2.5 - Principal,2017-04-18 10:00 AM,2017,04,18,10,102.3,175,Unhealthy,84.0,UG/M3,1 Hr,Valid
Hyderabad,PM2.5 - Principal,2017-04-18 11:00 AM,2017,04,18,11,94.9,171,Unhealthy,86.0,UG/M3,1 Hr,Valid
Hyderabad,PM2.5 - Principal,2017-04-18 12:00 PM,2017,04,18,12,99.0,173,Unhealthy,104.0,UG/M3,1 Hr,Valid
Hyderabad,PM2.5 - Principal,2017-04-18 01:00 PM,2017,04,18,13,79.2,163,Unhealthy,60.0,UG/M3,1 Hr,Valid
Hyderabad,PM2.5 - Principal,2017-04-18 02:00 PM,2017,04,18,14,79.2,163,Unhealthy,-999.0,UG/M3,1 Hr,Missing
Hyderabad,PM2.5 - Principal,2017-04-18 03:00 PM,2017,04,18,15,-999.0,-999,N/A,-999.0,UG/M3,1 Hr,Missing
Hyderabad,PM2.5 - Principal,2017-04-18 04:00 PM,2017,04,18,16,-999.0,-999,N/A,51.0,UG/M3,1 Hr,Valid
Hyderabad,PM2.5 - Principal,2017-04-18 05:00 PM,2017,04,18,17,55.6,151,Unhealthy,55.0,UG/M3,1 Hr,Valid
Hyderabad,PM2.5 - Principal,2017-04-18 06:00 PM,2017,04,18,18,54.1,147,Unhealthy for Sensitive Groups,53.0,UG/M3,1 Hr,Valid
Hyderabad,PM2.5 - Principal,2017-04-18 07:00 PM,2017,04,18,19,73.4,160,Unhealthy,91.0,UG/M3,1 Hr,Valid
Hyderabad,PM2.5 - Principal,2017-04-18 08:00 PM,2017,04,18,20,89.1,168,Unhealthy,104.0,UG/M3,1 Hr,Valid
Hyderabad,PM2.5 - Principal,2017-04-18 09:00 PM,2017,04,18,21,105.2,177,Unhealthy,121.0,UG/M3,1 Hr,Valid
Hyderabad,PM2.5 - Principal,2017-04-18 10:00 PM,2017,04,18,22,115.1,182,Unhealthy,125.0,UG/M3,1 Hr,Valid
Hyderabad,PM2.5 - Principal,2017-04-18 11:00 PM,2017,04,18,23,114.5,181,Unhealthy,114.0,UG/M3,1 Hr,Valid
Hyderabad,PM2.5 - Principal,2017-04-19 12:00 AM,2017,04,19,00,103.2,176,Unhealthy,92.0,UG/M3,1 Hr,Valid
Hyderabad,PM2.5 - Principal,2017-04-19 01:00 AM,2017,04,19,01,92.6,170,Unhealthy,82.0,UG/M3,1 Hr,Valid
Hyderabad,PM2.5 - Principal,2017-04-19 02:00 AM,2017,04,19,02,85.3,166,Unhealthy,78.0,UG/M3,1 Hr,Valid
Hyderabad,PM2.5 - Principal,2017-04-19 03:00 AM,2017,04,19,03,86.6,167,Unhealthy,88.0,UG/M3,1 Hr,Valid
Hyderabad,PM2.5 - Principal,2017-04-19 04:00 AM,2017,04,19,04,84.3,166,Unhealthy,82.0,UG/M3,1 Hr,Valid
Hyderabad,PM2.5 - Principal,2017-04-19 05:00 AM,2017,04,19,05,81.1,164,Unhealthy,78.0,UG/M3,1 Hr,Valid
Hyderabad,PM2.5 - Principal,2017-04-19 06:00 AM,2017,04,19,06,83.4,165,Unhealthy,84.0,UG/M3,1 Hr,Valid
Hyderabad,PM2.5 - Principal,2017-04-19 07:00 AM,2017,04,19,07,86.3,167,Unhealthy,91.0,UG/M3,1 Hr,Valid
Hyderabad,PM2.5 - Principal,2017-04-19 08:00 AM,2017,04,19,08,88.4,168,Unhealthy,92.0,UG/M3,1 Hr,Valid
Hyderabad,PM2.5 - Principal,2017-04-19 09:00 AM,2017,04,19,09,77.5,162,Unhealthy,65.0,UG/M3,1 Hr,Valid
Hyderabad,PM2.5 - Principal,2017-04-19 10:00 AM,2017,04,19,10,78.5,163,Unhealthy,-999.0,UG/M3,1 Hr,Missing
Hyderabad,PM2.5 - Principal,2017-04-19 11:00 AM,2017,04,19,11,75.0,161,Unhealthy,66.0,UG/M3,1 Hr,Valid
Hyderabad,PM2.5 - Principal,2017-04-19 12:00 PM,2017,04,19,12,66.3,157,Unhealthy,58.0,UG/M3,1 Hr,Valid
Hyderabad,PM2.5 - Principal,2017-04-19 01:00 PM,2017,04,19,13,58.6,153,Unhealthy,52.0,UG/M3,1 Hr,Valid
Hyderabad,PM2.5 - Principal,2017-04-19 02:00 PM,2017,04,19,14,58.7,153,Unhealthy,59.0,UG/M3,1 Hr,Valid
Hyderabad,PM2.5 - Principal,2017-04-19 03:00 PM,2017,04,19,15,56.6,152,Unhealthy,54.0,UG/M3,1 Hr,Valid
Hyderabad,PM2.5 - Principal,2017-04-19 04:00 PM,2017,04,19,16,54.5,148,Unhealthy for Sensitive Groups,52.0,UG/M3,1 Hr,Valid
Hyderabad,PM2.5 - Principal,2017-04-19 05:00 PM,2017,04,19,17,55.1,149,Unhealthy for Sensitive Groups,56.0,UG/M3,1 Hr,Valid
Hyderabad,PM2.5 - Principal,2017-04-19 06:00 PM,2017,04,19,18,53.7,146,Unhealthy for Sensitive Groups,52.0,UG/M3,1 Hr,Valid
Hyderabad,PM2.5 - Principal,2017-04-19 07:00 PM,2017,04,19,19,61.7,154,Unhealthy,72.0,UG/M3,1 Hr,Valid
Hyderabad,PM2.5 - Principal,2017-04-19 08:00 PM,2017,04,19,20,68.5,158,Unhealthy,82.0,UG/M3,1 Hr,Valid
Hyderabad,PM2.5 - Principal,2017-04-19 09:00 PM,2017,04,19,21,67.6,157,Unhealthy,66.0,UG/M3,1 Hr,Valid
Hyderabad,PM2.5 - Principal,2017-04-19 10:00 PM,2017,04,19,22,66.2,157,Unhealthy,64.0,UG/M3,1 Hr,Valid
Hyderabad,PM2.5 - Principal,2017-04-19 11:00 PM,2017,04,19,23,66.5,157,Unhealthy,67.0,UG/M3,1 Hr,Valid
Hyderabad,PM2.5 - Principal,2017-04-20 12:00 AM,2017,04,20,00,65.9,156,Unhealthy,65.0,UG/M3,1 Hr,Valid
Hyderabad,PM2.5 - Principal,2017-04-20 01:00 AM,2017,04,20,01,66.7,157,Unhealthy,68.0,UG/M3,1 Hr,Valid
Hyderabad,PM2.5 - Principal,2017-04-20 02:00 AM,2017,04,20,02,67.5,157,Unhealthy,69.0,UG/M3,1 Hr,Valid
Hyderabad,PM2.5 - Principal,2017-04-20 03:00 AM,2017,04,20,03,70.7,159,Unhealthy,76.0,UG/M3,1 Hr,Valid
Hyderabad,PM2.5 - Principal,2017-04-20 04:00 AM,2017,04,20,04,69.0,158,Unhealthy,66.0,UG/M3,1 Hr,Valid
Hyderabad,PM2.5 - Principal,2017-04-20 05:00 AM,2017,04,20,05,71.9,159,Unhealthy,77.0,UG/M3,1 Hr,Valid
Hyderabad,PM2.5 - Principal,2017-04-20 06:00 AM,2017,04,20,06,72.8,160,Unhealthy,79.0,UG/M3,1 Hr,Valid
Hyderabad,PM2.5 - Principal,2017-04-20 07:00 AM,2017,04,20,07,74.0,161,Unhealthy,78.0,UG/M3,1 Hr,Valid
Hyderabad,PM2.5 - Principal,2017-04-20 08:00 AM,2017,04,20,08,86.8,167,Unhealthy,104.0,UG/M3,1 Hr,Valid
Hyderabad,PM2.5 - Principal,2017-04-20 09:00 AM,2017,04,20,09,103.0,176,Unhealthy,119.0,UG/M3,1 Hr,Valid
Hyderabad,PM2.5 - Principal,2017-04-20 10:00 AM,2017,04,20,10,96.0,172,Unhealthy,88.0,UG/M3,1 Hr,Valid
Hyderabad,PM2.5 - Principal,2017-04-20 11:00 AM,2017,04,20,11,71.1,159,Unhealthy,46.0,UG/M3,1 Hr,Valid
Hyderabad,PM2.5 - Principal,2017-04-20 12:00 PM,2017,04,20,12,54.0,147,Unhealthy for Sensitive Groups,37.0,UG/M3,1 Hr,Valid
Hyderabad,PM2.5 - Principal,2017-04-20 01:00 PM,2017,04,20,13,44.5,123,Unhealthy for Sensitive Groups,35.0,UG/M3,1 Hr,Valid
Hyderabad,PM2.5 - Principal,2017-04-20 02:00 PM,2017,04,20,14,39.7,111,Unhealthy for Sensitive Groups,35.0,UG/M3,1 Hr,Valid
Hyderabad,PM2.5 - Principal,2017-04-20 03:00 PM,2017,04,20,15,36.8,104,Unhealthy for Sensitive Groups,34.0,UG/M3,1 Hr,Valid
Hyderabad,PM2.5 - Principal,2017-04-20 04:00 PM,2017,04,20,16,35.9,102,Unhealthy for Sensitive Groups,35.0,UG/M3,1 Hr,Valid
Hyderabad,PM2.5 - Principal,2017-04-20 05:00 PM,2017,04,20,17,40.4,113,Unhealthy for Sensitive Groups,45.0,UG/M3,1 Hr,Valid
Hyderabad,PM2.5 - Principal,2017-04-20 06:00 PM,2017,04,20,18,44.2,122,Unhealthy for Sensitive Groups,48.0,UG/M3,1 Hr,Valid
Hyderabad,PM2.5 - Principal,2017-04-20 07:00 PM,2017,04,20,19,49.1,134,Unhealthy for Sensitive Groups,54.0,UG/M3,1 Hr,Valid
Hyderabad,PM2.5 - Principal,2017-04-20 08:00 PM,2017,04,20,20,70.0,158,Unhealthy,91.0,UG/M3,1 Hr,Valid
Hyderabad,PM2.5 - Principal,2017-04-20 09:00 PM,2017,04,20,21,92.5,170,Unhealthy,115.0,UG/M3,1 Hr,Valid
Hyderabad,PM2.5 - Principal,2017-04-20 10:00 PM,2017,04,20,22,91.7,170,Unhealthy,91.0,UG/M3,1 Hr,Valid
Hyderabad,PM2.5 - Principal,2017-04-20 11:00 PM,2017,04,20,23,89.8,169,Unhealthy,88.0,UG/M3,1 Hr,Valid
Hyderabad,PM2.5 - Principal,2017-04-21 12:00 AM,2017,04,21,00,97.9,173,Unhealthy,106.0,UG/M3,1 Hr,Valid
Hyderabad,PM2.5 - Principal,2017-04-21 01:00 AM,2017,04,21,01,95.4,172,Unhealthy,93.0,UG/M3,1 Hr,Valid
Hyderabad,PM2.5 - Principal,2017-04-21 02:00 AM,2017,04,21,02,99.2,174,Unhealthy,103.0,UG/M3,1 Hr,Valid
Hyderabad,PM2.5 - Principal,2017-04-21 03:00 AM,2017,04,21,03,82.1,165,Unhealthy,65.0,UG/M3,1 Hr,Valid
Hyderabad,PM2.5 - Principal,2017-04-21 04:00 AM,2017,04,21,04,83.0,165,Unhealthy,84.0,UG/M3,1 Hr,Valid
Hyderabad,PM2.5 - Principal,2017-04-21 05:00 AM,2017,04,21,05,93.0,170,Unhealthy,103.0,UG/M3,1 Hr,Valid
Hyderabad,PM2.5 - Principal,2017-04-21 06:00 AM,2017,04,21,06,88.0,168,Unhealthy,83.0,UG/M3,1 Hr,Valid
Hyderabad,PM2.5 - Principal,2017-04-21 07:00 AM,2017,04,21,07,105.2,177,Unhealthy,124.0,UG/M3,1 Hr,Valid
Hyderabad,PM2.5 - Principal,2017-04-21 08:00 AM,2017,04,21,08,111.7,180,Unhealthy,119.0,UG/M3,1 Hr,Valid
Hyderabad,PM2.5 - Principal,2017-04-21 09:00 AM,2017,04,21,09,102.8,175,Unhealthy,93.0,UG/M3,1 Hr,Valid
Hyderabad,PM2.5 - Principal,2017-04-21 10:00 AM,2017,04,21,10,81.8,165,Unhealthy,61.0,UG/M3,1 Hr,Valid
Hyderabad,PM2.5 - Principal,2017-04-21 11:00 AM,2017,04,21,11,81.8,165,Unhealthy,-999.0,UG/M3,1 Hr,Missing
Hyderabad,PM2.5 - Principal,2017-04-21 12:00 PM,2017,04,21,12,59.2,153,Unhealthy,48.0,UG/M3,1 Hr,Valid
Hyderabad,PM2.5 - Principal,2017-04-21 01:00 PM,2017,04,21,13,58.5,153,Unhealthy,58.0,UG/M3,1 Hr,Valid
Hyderabad,PM2.5 - Principal,2017-04-21 02:00 PM,2017,04,21,14,45.4,125,Unhealthy for Sensitive Groups,34.0,UG/M3,1 Hr,Valid
Hyderabad,PM2.5 - Principal,2017-04-21 03:00 PM,2017,04,21,15,45.4,125,Unhealthy for Sensitive Groups,-999.0,UG/M3,1 Hr,Missing
Hyderabad,PM2.5 - Principal,2017-04-21 04:00 PM,2017,04,21,16,-999.0,-999,N/A,-999.0,UG/M3,1 Hr,Missing
Hyderabad,PM2.5 - Principal,2017-04-21 05:00 PM,2017,04,21,17,-999.0,-999,N/A,43.0,UG/M3,1 Hr,Valid
Hyderabad,PM2.5 - Principal,2017-04-21 06:00 PM,2017,04,21,18,44.4,123,Unhealthy for Sensitive Groups,45.0,UG/M3,1 Hr,Valid
Hyderabad,PM2.5 - Principal,2017-04-21 07:00 PM,2017,04,21,19,49.1,134,Unhealthy for Sensitive Groups,53.0,UG/M3,1 Hr,Valid
Hyderabad,PM2.5 - Principal,2017-04-21 08:00 PM,2017,04,21,20,81.6,164,Unhealthy,111.0,UG/M3,1 Hr,Valid
Hyderabad,PM2.5 - Principal,2017-04-21 09:00 PM,2017,04,21,21,89.5,169,Unhealthy,97.0,UG/M3,1 Hr,Valid
Hyderabad,PM2.5 - Principal,2017-04-21 10:00 PM,2017,04,21,22,103.9,176,Unhealthy,118.0,UG/M3,1 Hr,Valid
Hyderabad,PM2.5 - Principal,2017-04-21 11:00 PM,2017,04,21,23,99.9,174,Unhealthy,96.0,UG/M3,1 Hr,Valid
Hyderabad,PM2.5 - Principal,2017-04-22 12:00 AM,2017,04,22,00,94.4,171,Unhealthy,89.0,UG/M3,1 Hr,Valid
Hyderabad,PM2.5 - Principal,2017-04-22 01:00 AM,2017,04,22,01,87.7,168,Unhealthy,81.0,UG/M3,1 Hr,Valid
Hyderabad,PM2.5 - Principal,2017-04-22 02:00 AM,2017,04,22,02,77.8,163,Unhealthy,68.0,UG/M3,1 Hr,Valid
Hyderabad,PM2.5 - Principal,2017-04-22 03:00 AM,2017,04,22,03,76.9,162,Unhealthy,76.0,UG/M3,1 Hr,Valid
Hyderabad,PM2.5 - Principal,2017-04-22 04:00 AM,2017,04,22,04,71.4,159,Unhealthy,66.0,UG/M3,1 Hr,Valid
Hyderabad,PM2.5 - Principal,2017-04-22 05:00 AM,2017,04,22,05,66.7,157,Unhealthy,62.0,UG/M3,1 Hr,Valid
Hyderabad,PM2.5 - Principal,2017-04-22 06:00 AM,2017,04,22,06,63.8,155,Unhealthy,61.0,UG/M3,1 Hr,Valid
Hyderabad,PM2.5 - Principal,2017-04-22 07:00 AM,2017,04,22,07,72.2,160,Unhealthy,81.0,UG/M3,1 Hr,Valid
Hyderabad,PM2.5 - Principal,2017-04-22 08:00 AM,2017,04,22,08,78.4,163,Unhealthy,85.0,UG/M3,1 Hr,Valid
Hyderabad,PM2.5 - Principal,2017-04-22 09:00 AM,2017,04,22,09,67.3,157,Unhealthy,56.0,UG/M3,1 Hr,Valid
Hyderabad,PM2.5 - Principal,2017-04-22 10:00 AM,2017,04,22,10,57.1,152,Unhealthy,47.0,UG/M3,1 Hr,Valid
Hyderabad,PM2.5 - Principal,2017-04-22 11:00 AM,2017,04,22,11,49.5,135,Unhealthy for Sensitive Groups,42.0,UG/M3,1 Hr,Valid
Hyderabad,PM2.5 - Principal,2017-04-22 12:00 PM,2017,04,22,12,49.5,135,Unhealthy for Sensitive Groups,-999.0,UG/M3,1 Hr,Missing
Hyderabad,PM2.5 - Principal,2017-04-22 01:00 PM,2017,04,22,13,-999.0,-999,N/A,-999.0,UG/M3,1 Hr,Missing
Hyderabad,PM2.5 - Principal,2017-04-22 02:00 PM,2017,04,22,14,-999.0,-999,N/A,41.0,UG/M3,1 Hr,Valid
Hyderabad,PM2.5 - Principal,2017-04-22 03:00 PM,2017,04,22,15,42.2,117,Unhealthy for Sensitive Groups,42.0,UG/M3,1 Hr,Valid
Hyderabad,PM2.5 - Principal,2017-04-22 04:00 PM,2017,04,22,16,43.2,120,Unhealthy for Sensitive Groups,44.0,UG/M3,1 Hr,Valid
Hyderabad,PM2.5 - Principal,2017-04-22 05:00 PM,2017,04,22,17,39.4,111,Unhealthy for Sensitive Groups,36.0,UG/M3,1 Hr,Valid
Hyderabad,PM2.5 - Principal,2017-04-22 06:00 PM,2017,04,22,18,41.2,115,Unhealthy for Sensitive Groups,43.0,UG/M3,1 Hr,Valid
Hyderabad,PM2.5 - Principal,2017-04-22 07:00 PM,2017,04,22,19,56.8,152,Unhealthy,72.0,UG/M3,1 Hr,Valid
Hyderabad,PM2.5 - Principal,2017-04-22 08:00 PM,2017,04,22,20,70.4,159,Unhealthy,84.0,UG/M3,1 Hr,Valid
Hyderabad,PM2.5 - Principal,2017-04-22 09:00 PM,2017,04,22,21,95.8,172,Unhealthy,121.0,UG/M3,1 Hr,Valid
Hyderabad,PM2.5 - Principal,2017-04-22 10:00 PM,2017,04,22,22,134.4,192,Unhealthy,173.0,UG/M3,1 Hr,Valid
Hyderabad,PM2.5 - Principal,2017-04-22 11:00 PM,2017,04,22,23,160.2,211,Very Unhealthy,186.0,UG/M3,1 Hr,Valid
Hyderabad,PM2.5 - Principal,2017-04-23 12:00 AM,2017,04,23,00,173.1,223,Very Unhealthy,186.0,UG/M3,1 Hr,Valid
Hyderabad,PM2.5 - Principal,2017-04-23 01:00 AM,2017,04,23,01,129.5,189,Unhealthy,86.0,UG/M3,1 Hr,Valid
Hyderabad,PM2.5 - Principal,2017-04-23 02:00 AM,2017,04,23,02,110.2,179,Unhealthy,91.0,UG/M3,1 Hr,Valid
Hyderabad,PM2.5 - Principal,2017-04-23 03:00 AM,2017,04,23,03,98.1,173,Unhealthy,86.0,UG/M3,1 Hr,Valid
Hyderabad,PM2.5 - Principal,2017-04-23 04:00 AM,2017,04,23,04,88.0,168,Unhealthy,78.0,UG/M3,1 Hr,Valid
Hyderabad,PM2.5 - Principal,2017-04-23 05:00 AM,2017,04,23,05,65.0,156,Unhealthy,42.0,UG/M3,1 Hr,Valid
Hyderabad,PM2.5 - Principal,2017-04-23 06:00 AM,2017,04,23,06,56.5,152,Unhealthy,48.0,UG/M3,1 Hr,Valid
Hyderabad,PM2.5 - Principal,2017-04-23 07:00 AM,2017,04,23,07,55.2,150,Unhealthy for Sensitive Groups,54.0,UG/M3,1 Hr,Valid
Hyderabad,PM2.5 - Principal,2017-04-23 08:00 AM,2017,04,23,08,55.6,151,Unhealthy,56.0,UG/M3,1 Hr,Valid
Hyderabad,PM2.5 - Principal,2017-04-23 09:00 AM,2017,04,23,09,58.8,153,Unhealthy,62.0,UG/M3,1 Hr,Valid
Hyderabad,PM2.5 - Principal,2017-04-23 10:00 AM,2017,04,23,10,60.3,153,Unhealthy,62.0,UG/M3,1 Hr,Valid
Hyderabad,PM2.5 - Principal,2017-04-23 11:00 AM,2017,04,23,11,59.6,153,Unhealthy,59.0,UG/M3,1 Hr,Valid
Hyderabad,PM2.5 - Principal,2017-04-23 12:00 PM,2017,04,23,12,54.3,147,Unhealthy for Sensitive Groups,49.0,UG/M3,1 Hr,Valid
Hyderabad,PM2.5 - Principal,2017-04-23 01:00 PM,2017,04,23,13,52.6,143,Unhealthy for Sensitive Groups,51.0,UG/M3,1 Hr,Valid
Hyderabad,PM2.5 - Principal,2017-04-23 02:00 PM,2017,04,23,14,51.8,141,Unhealthy for Sensitive Groups,51.0,UG/M3,1 Hr,Valid
Hyderabad,PM2.5 - Principal,2017-04-23 03:00 PM,2017,04,23,15,52.0,142,Unhealthy for Sensitive Groups,-999.0,UG/M3,1 Hr,Missing
Hyderabad,PM2.5 - Principal,2017-04-23 04:00 PM,2017,04,23,16,52.0,142,Unhealthy for Sensitive Groups,-999.0,UG/M3,1 Hr,Missing
Hyderabad,PM2.5 - Principal,2017-04-23 05:00 PM,2017,04,23,17,52.0,142,Unhealthy for Sensitive Groups,-999.0,UG/M3,1 Hr,Missing
Hyderabad,PM2.5 - Principal,2017-04-23 06:00 PM,2017,04,23,18,52.0,142,Unhealthy for Sensitive Groups,-999.0,UG/M3,1 Hr,Missing
Hyderabad,PM2.5 - Principal,2017-04-23 07:00 PM,2017,04,23,19,-999.0,-999,N/A,-999.0,UG/M3,1 Hr,Missing
Hyderabad,PM2.5 - Principal,2017-04-23 08:00 PM,2017,04,23,20,-999.0,-999,N/A,-999.0,UG/M3,1 Hr,Missing
Hyderabad,PM2.5 - Principal,2017-04-23 09:00 PM,2017,04,23,21,-999.0,-999,N/A,-999.0,UG/M3,1 Hr,Missing
Hyderabad,PM2.5 - Principal,2017-04-23 10:00 PM,2017,04,23,22,-999.0,-999,N/A,-999.0,UG/M3,1 Hr,Missing
Hyderabad,PM2.5 - Principal,2017-04-23 11:00 PM,2017,04,23,23,-999.0,-999,N/A,-999.0,UG/M3,1 Hr,Missing
Hyderabad,PM2.5 - Principal,2017-04-24 12:00 AM,2017,04,24,00,-999.0,-999,N/A,-999.0,UG/M3,1 Hr,Missing
Hyderabad,PM2.5 - Principal,2017-04-24 01:00 AM,2017,04,24,01,-999.0,-999,N/A,-999.0,UG/M3,1 Hr,Missing
Hyderabad,PM2.5 - Principal,2017-04-24 02:00 AM,2017,04,24,02,-999.0,-999,N/A,-999.0,UG/M3,1 Hr,Missing
Hyderabad,PM2.5 - Principal,2017-04-24 03:00 AM,2017,04,24,03,-999.0,-999,N/A,-999.0,UG/M3,1 Hr,Missing
Hyderabad,PM2.5 - Principal,2017-04-24 04:00 AM,2017,04,24,04,-999.0,-999,N/A,-999.0,UG/M3,1 Hr,Missing
Hyderabad,PM2.5 - Principal,2017-04-24 05:00 AM,2017,04,24,05,-999.0,-999,N/A,-999.0,UG/M3,1 Hr,Missing
Hyderabad,PM2.5 - Principal,2017-04-24 06:00 AM,2017,04,24,06,-999.0,-999,N/A,-999.0,UG/M3,1 Hr,Missing
Hyderabad,PM2.5 - Principal,2017-04-24 07:00 AM,2017,04,24,07,-999.0,-999,N/A,-999.0,UG/M3,1 Hr,Missing
Hyderabad,PM2.5 - Principal,2017-04-24 08:00 AM,2017,04,24,08,-999.0,-999,N/A,-999.0,UG/M3,1 Hr,Missing
Hyderabad,PM2.5 - Principal,2017-04-24 09:00 AM,2017,04,24,09,-999.0,-999,N/A,-999.0,UG/M3,1 Hr,Missing
Hyderabad,PM2.5 - Principal,2017-04-24 10:00 AM,2017,04,24,10,-999.0,-999,N/A,-999.0,UG/M3,1 Hr,Missing
Hyderabad,PM2.5 - Principal,2017-04-24 11:00 AM,2017,04,24,11,-999.0,-999,N/A,-999.0,UG/M3,1 Hr,Missing
Hyderabad,PM2.5 - Principal,2017-04-24 12:00 PM,2017,04,24,12,-999.0,-999,N/A,53.0,UG/M3,1 Hr,Valid
Hyderabad,PM2.5 - Principal,2017-04-24 01:00 PM,2017,04,24,13,47.4,130,Unhealthy for Sensitive Groups,43.0,UG/M3,1 Hr,Valid
Hyderabad,PM2.5 - Principal,2017-04-24 02:00 PM,2017,04,24,14,46.8,129,Unhealthy for Sensitive Groups,46.0,UG/M3,1 Hr,Valid
Hyderabad,PM2.5 - Principal,2017-04-24 03:00 PM,2017,04,24,15,46.9,129,Unhealthy for Sensitive Groups,47.0,UG/M3,1 Hr,Valid
Hyderabad,PM2.5 - Principal,2017-04-24 04:00 PM,2017,04,24,16,45.4,125,Unhealthy for Sensitive Groups,42.0,UG/M3,1 Hr,Valid
Hyderabad,PM2.5 - Principal,2017-04-24 05:00 PM,2017,04,24,17,45.3,125,Unhealthy for Sensitive Groups,45.0,UG/M3,1 Hr,Valid
Hyderabad,PM2.5 - Principal,2017-04-24 06:00 PM,2017,04,24,18,46.5,128,Unhealthy for Sensitive Groups,50.0,UG/M3,1 Hr,Valid
Hyderabad,PM2.5 - Principal,2017-04-24 07:00 PM,2017,04,24,19,51.8,141,Unhealthy for Sensitive Groups,62.0,UG/M3,1 Hr,Valid
Hyderabad,PM2.5 - Principal,2017-04-24 08:00 PM,2017,04,24,20,64.4,156,Unhealthy,77.0,UG/M3,1 Hr,Valid
Hyderabad,PM2.5 - Principal,2017-04-24 09:00 PM,2017,04,24,21,76.4,162,Unhealthy,87.0,UG/M3,1 Hr,Valid
Hyderabad,PM2.5 - Principal,2017-04-24 10:00 PM,2017,04,24,22,84.2,166,Unhealthy,92.0,UG/M3,1 Hr,Valid
Hyderabad,PM2.5 - Principal,2017-04-24 11:00 PM,2017,04,24,23,95.6,172,Unhealthy,107.0,UG/M3,1 Hr,Valid
Hyderabad,PM2.5 - Principal,2017-04-25 12:00 AM,2017,04,25,00,101.3,175,Unhealthy,107.0,UG/M3,1 Hr,Valid
Hyderabad,PM2.5 - Principal,2017-04-25 01:00 AM,2017,04,25,01,109.6,179,Unhealthy,118.0,UG/M3,1 Hr,Valid
Hyderabad,PM2.5 - Principal,2017-04-25 02:00 AM,2017,04,25,02,136.8,193,Unhealthy,164.0,UG/M3,1 Hr,Valid
Hyderabad,PM2.5 - Principal,2017-04-25 03:00 AM,2017,04,25,03,137.4,193,Unhealthy,138.0,UG/M3,1 Hr,Valid
Hyderabad,PM2.5 - Principal,2017-04-25 04:00 AM,2017,04,25,04,133.2,191,Unhealthy,129.0,UG/M3,1 Hr,Valid
Hyderabad,PM2.5 - Principal,2017-04-25 05:00 AM,2017,04,25,05,109.6,179,Unhealthy,86.0,UG/M3,1 Hr,Valid
Hyderabad,PM2.5 - Principal,2017-04-25 06:00 AM,2017,04,25,06,94.8,171,Unhealthy,80.0,UG/M3,1 Hr,Valid
Hyderabad,PM2.5 - Principal,2017-04-25 07:00 AM,2017,04,25,07,92.4,170,Unhealthy,90.0,UG/M3,1 Hr,Valid
Hyderabad,PM2.5 - Principal,2017-04-25 08:00 AM,2017,04,25,08,76.2,162,Unhealthy,60.0,UG/M3,1 Hr,Valid
Hyderabad,PM2.5 - Principal,2017-04-25 09:00 AM,2017,04,25,09,62.5,155,Unhealthy,49.0,UG/M3,1 Hr,Valid
Hyderabad,PM2.5 - Principal,2017-04-25 10:00 AM,2017,04,25,10,55.7,151,Unhealthy,49.0,UG/M3,1 Hr,Valid
Hyderabad,PM2.5 - Principal,2017-04-25 11:00 AM,2017,04,25,11,48.3,133,Unhealthy for Sensitive Groups,41.0,UG/M3,1 Hr,Valid
Hyderabad,PM2.5 - Principal,2017-04-25 12:00 PM,2017,04,25,12,47.1,130,Unhealthy for Sensitive Groups,46.0,UG/M3,1 Hr,Valid
Hyderabad,PM2.5 - Principal,2017-04-25 01:00 PM,2017,04,25,13,44.5,123,Unhealthy for Sensitive Groups,42.0,UG/M3,1 Hr,Valid
Hyderabad,PM2.5 - Principal,2017-04-25 02:00 PM,2017,04,25,14,45.2,125,Unhealthy for Sensitive Groups,46.0,UG/M3,1 Hr,Valid
Hyderabad,PM2.5 - Principal,2017-04-25 03:00 PM,2017,04,25,15,38.1,107,Unhealthy for Sensitive Groups,31.0,UG/M3,1 Hr,Valid
Hyderabad,PM2.5 - Principal,2017-04-25 04:00 PM,2017,04,25,16,38.1,107,Unhealthy for Sensitive Groups,-999.0,UG/M3,1 Hr,Missing
Hyderabad,PM2.5 - Principal,2017-04-25 05:00 PM,2017,04,25,17,32.6,94,Moderate,30.0,UG/M3,1 Hr,Valid
Hyderabad,PM2.5 - Principal,2017-04-25 06:00 PM,2017,04,25,18,35.7,101,Unhealthy for Sensitive Groups,38.0,UG/M3,1 Hr,Valid
Hyderabad,PM2.5 - Principal,2017-04-25 07:00 PM,2017,04,25,19,42.7,119,Unhealthy for Sensitive Groups,49.0,UG/M3,1 Hr,Valid
Hyderabad,PM2.5 - Principal,2017-04-25 08:00 PM,2017,04,25,20,55.2,150,Unhealthy for Sensitive Groups,67.0,UG/M3,1 Hr,Valid
Hyderabad,PM2.5 - Principal,2017-04-25 09:00 PM,2017,04,25,21,58.1,152,Unhealthy,61.0,UG/M3,1 Hr,Valid
Hyderabad,PM2.5 - Principal,2017-04-25 10:00 PM,2017,04,25,22,70.1,159,Unhealthy,82.0,UG/M3,1 Hr,Valid
Hyderabad,PM2.5 - Principal,2017-04-25 11:00 PM,2017,04,25,23,90.6,169,Unhealthy,111.0,UG/M3,1 Hr,Valid
Hyderabad,PM2.5 - Principal,2017-04-26 12:00 AM,2017,04,26,00,100.8,174,Unhealthy,111.0,UG/M3,1 Hr,Valid
Hyderabad,PM2.5 - Principal,2017-04-26 01:00 AM,2017,04,26,01,95.4,172,Unhealthy,90.0,UG/M3,1 Hr,Valid
Hyderabad,PM2.5 - Principal,2017-04-26 02:00 AM,2017,04,26,02,101.7,175,Unhealthy,108.0,UG/M3,1 Hr,Valid
Hyderabad,PM2.5 - Principal,2017-04-26 03:00 AM,2017,04,26,03,103.3,176,Unhealthy,105.0,UG/M3,1 Hr,Valid
Hyderabad,PM2.5 - Principal,2017-04-26 04:00 AM,2017,04,26,04,105.1,177,Unhealthy,107.0,UG/M3,1 Hr,Valid
Hyderabad,PM2.5 - Principal,2017-04-26 05:00 AM,2017,04,26,05,95.6,172,Unhealthy,86.0,UG/M3,1 Hr,Valid
Hyderabad,PM2.5 - Principal,2017-04-26 06:00 AM,2017,04,26,06,76.3,162,Unhealthy,57.0,UG/M3,1 Hr,Valid
Hyderabad,PM2.5 - Principal,2017-04-26 07:00 AM,2017,04,26,07,77.4,162,Unhealthy,78.0,UG/M3,1 Hr,Valid
Hyderabad,PM2.5 - Principal,2017-04-26 08:00 AM,2017,04,26,08,79.1,163,Unhealthy,81.0,UG/M3,1 Hr,Valid
Hyderabad,PM2.5 - Principal,2017-04-26 09:00 AM,2017,04,26,09,71.7,159,Unhealthy,64.0,UG/M3,1 Hr,Valid
Hyderabad,PM2.5 - Principal,2017-04-26 10:00 AM,2017,04,26,10,62.7,155,Unhealthy,54.0,UG/M3,1 Hr,Valid
Hyderabad,PM2.5 - Principal,2017-04-26 11:00 AM,2017,04,26,11,54.8,149,Unhealthy for Sensitive Groups,47.0,UG/M3,1 Hr,Valid
Hyderabad,PM2.5 - Principal,2017-04-26 12:00 PM,2017,04,26,12,48.9,134,Unhealthy for Sensitive Groups,43.0,UG/M3,1 Hr,Valid
Hyderabad,PM2.5 - Principal,2017-04-26 01:00 PM,2017,04,26,13,45.4,125,Unhealthy for Sensitive Groups,42.0,UG/M3,1 Hr,Valid
Hyderabad,PM2.5 - Principal,2017-04-26 02:00 PM,2017,04,26,14,42.7,119,Unhealthy for Sensitive Groups,40.0,UG/M3,1 Hr,Valid
Hyderabad,PM2.5 - Principal,2017-04-26 03:00 PM,2017,04,26,15,41.8,117,Unhealthy for Sensitive Groups,41.0,UG/M3,1 Hr,Valid
Hyderabad,PM2.5 - Principal,2017-04-26 04:00 PM,2017,04,26,16,40.4,113,Unhealthy for Sensitive Groups,39.0,UG/M3,1 Hr,Valid
Hyderabad,PM2.5 - Principal,2017-04-26 05:00 PM,2017,04,26,17,41.7,116,Unhealthy for Sensitive Groups,43.0,UG/M3,1 Hr,Valid
Hyderabad,PM2.5 - Principal,2017-04-26 06:00 PM,2017,04,26,18,42.8,119,Unhealthy for Sensitive Groups,44.0,UG/M3,1 Hr,Valid
Hyderabad,PM2.5 - Principal,2017-04-26 07:00 PM,2017,04,26,19,50.4,138,Unhealthy for Sensitive Groups,58.0,UG/M3,1 Hr,Valid
Hyderabad,PM2.5 - Principal,2017-04-26 08:00 PM,2017,04,26,20,59.9,153,Unhealthy,72.0,UG/M3,1 Hr,Valid
Hyderabad,PM2.5 - Principal,2017-04-26 09:00 PM,2017,04,26,21,71.6,159,Unhealthy,82.0,UG/M3,1 Hr,Valid
Hyderabad,PM2.5 - Principal,2017-04-26 10:00 PM,2017,04,26,22,73.3,160,Unhealthy,75.0,UG/M3,1 Hr,Valid
Hyderabad,PM2.5 - Principal,2017-04-26 11:00 PM,2017,04,26,23,76.1,162,Unhealthy,79.0,UG/M3,1 Hr,Valid
Hyderabad,PM2.5 - Principal,2017-04-27 12:00 AM,2017,04,27,00,75.0,161,Unhealthy,74.0,UG/M3,1 Hr,Valid
Hyderabad,PM2.5 - Principal,2017-04-27 01:00 AM,2017,04,27,01,75.0,161,Unhealthy,75.0,UG/M3,1 Hr,Valid
Hyderabad,PM2.5 - Principal,2017-04-27 02:00 AM,2017,04,27,02,75.0,161,Unhealthy,75.0,UG/M3,1 Hr,Valid
Hyderabad,PM2.5 - Principal,2017-04-27 03:00 AM,2017,04,27,03,80.5,164,Unhealthy,86.0,UG/M3,1 Hr,Valid
Hyderabad,PM2.5 - Principal,2017-04-27 04:00 AM,2017,04,27,04,85.2,166,Unhealthy,90.0,UG/M3,1 Hr,Valid
Hyderabad,PM2.5 - Principal,2017-04-27 05:00 AM,2017,04,27,05,88.6,168,Unhealthy,92.0,UG/M3,1 Hr,Valid
Hyderabad,PM2.5 - Principal,2017-04-27 06:00 AM,2017,04,27,06,102.8,175,Unhealthy,117.0,UG/M3,1 Hr,Valid
Hyderabad,PM2.5 - Principal,2017-04-27 07:00 AM,2017,04,27,07,117.2,183,Unhealthy,135.0,UG/M3,1 Hr,Valid
Hyderabad,PM2.5 - Principal,2017-04-27 08:00 AM,2017,04,27,08,106.7,177,Unhealthy,95.0,UG/M3,1 Hr,Valid
Hyderabad,PM2.5 - Principal,2017-04-27 09:00 AM,2017,04,27,09,88.3,168,Unhealthy,69.0,UG/M3,1 Hr,Valid
Hyderabad,PM2.5 - Principal,2017-04-27 10:00 AM,2017,04,27,10,66.9,157,Unhealthy,46.0,UG/M3,1 Hr,Valid
Hyderabad,PM2.5 - Principal,2017-04-27 11:00 AM,2017,04,27,11,54.9,149,Unhealthy for Sensitive Groups,43.0,UG/M3,1 Hr,Valid
Hyderabad,PM2.5 - Principal,2017-04-27 12:00 PM,2017,04,27,12,46.9,129,Unhealthy for Sensitive Groups,39.0,UG/M3,1 Hr,Valid
Hyderabad,PM2.5 - Principal,2017-04-27 01:00 PM,2017,04,27,13,44.9,124,Unhealthy for Sensitive Groups,43.0,UG/M3,1 Hr,Valid
Hyderabad,PM2.5 - Principal,2017-04-27 02:00 PM,2017,04,27,14,40.4,113,Unhealthy for Sensitive Groups,36.0,UG/M3,1 Hr,Valid
Hyderabad,PM2.5 - Principal,2017-04-27 03:00 PM,2017,04,27,15,43.7,121,Unhealthy for Sensitive Groups,47.0,UG/M3,1 Hr,Valid
Hyderabad,PM2.5 - Principal,2017-04-27 04:00 PM,2017,04,27,16,41.8,117,Unhealthy for Sensitive Groups,40.0,UG/M3,1 Hr,Valid
Hyderabad,PM2.5 - Principal,2017-04-27 05:00 PM,2017,04,27,17,40.4,113,Unhealthy for Sensitive Groups,39.0,UG/M3,1 Hr,Valid
Hyderabad,PM2.5 - Principal,2017-04-27 06:00 PM,2017,04,27,18,42.7,119,Unhealthy for Sensitive Groups,45.0,UG/M3,1 Hr,Valid
Hyderabad,PM2.5 - Principal,2017-04-27 07:00 PM,2017,04,27,19,52.8,144,Unhealthy for Sensitive Groups,63.0,UG/M3,1 Hr,Valid
Hyderabad,PM2.5 - Principal,2017-04-27 08:00 PM,2017,04,27,20,56.9,152,Unhealthy,62.0,UG/M3,1 Hr,Valid
Hyderabad,PM2.5 - Principal,2017-04-27 09:00 PM,2017,04,27,21,57.6,152,Unhealthy,60.0,UG/M3,1 Hr,Valid
Hyderabad,PM2.5 - Principal,2017-04-27 10:00 PM,2017,04,27,22,58.2,152,Unhealthy,59.0,UG/M3,1 Hr,Valid
Hyderabad,PM2.5 - Principal,2017-04-27 11:00 PM,2017,04,27,23,55.1,149,Unhealthy for Sensitive Groups,51.0,UG/M3,1 Hr,Valid
Hyderabad,PM2.5 - Principal,2017-04-28 12:00 AM,2017,04,28,00,53.3,145,Unhealthy for Sensitive Groups,51.0,UG/M3,1 Hr,Valid
Hyderabad,PM2.5 - Principal,2017-04-28 01:00 AM,2017,04,28,01,48.9,134,Unhealthy for Sensitive Groups,43.0,UG/M3,1 Hr,Valid
Hyderabad,PM2.5 - Principal,2017-04-28 02:00 AM,2017,04,28,02,41.0,115,Unhealthy for Sensitive Groups,33.0,UG/M3,1 Hr,Valid
Hyderabad,PM2.5 - Principal,2017-04-28 03:00 AM,2017,04,28,03,38.6,109,Unhealthy for Sensitive Groups,36.0,UG/M3,1 Hr,Valid
Hyderabad,PM2.5 - Principal,2017-04-28 04:00 AM,2017,04,28,04,34.6,98,Moderate,31.0,UG/M3,1 Hr,Valid
Hyderabad,PM2.5 - Principal,2017-04-28 05:00 AM,2017,04,28,05,34.8,99,Moderate,35.0,UG/M3,1 Hr,Valid
Hyderabad,PM2.5 - Principal,2017-04-28 06:00 AM,2017,04,28,06,31.9,93,Moderate,29.0,UG/M3,1 Hr,Valid
Hyderabad,PM2.5 - Principal,2017-04-28 07:00 AM,2017,04,28,07,37.4,106,Unhealthy for Sensitive Groups,43.0,UG/M3,1 Hr,Valid
Hyderabad,PM2.5 - Principal,2017-04-28 08:00 AM,2017,04,28,08,40.2,113,Unhealthy for Sensitive Groups,43.0,UG/M3,1 Hr,Valid
Hyderabad,PM2.5 - Principal,2017-04-28 09:00 AM,2017,04,28,09,41.1,115,Unhealthy for Sensitive Groups,42.0,UG/M3,1 Hr,Valid
Hyderabad,PM2.5 - Principal,2017-04-28 10:00 AM,2017,04,28,10,42.9,119,Unhealthy for Sensitive Groups,46.0,UG/M3,1 Hr,Valid
Hyderabad,PM2.5 - Principal,2017-04-28 11:00 AM,2017,04,28,11,46.4,128,Unhealthy for Sensitive Groups,51.0,UG/M3,1 Hr,Valid
Hyderabad,PM2.5 - Principal,2017-04-28 12:00 PM,2017,04,28,12,42.3,118,Unhealthy for Sensitive Groups,37.0,UG/M3,1 Hr,Valid
Hyderabad,PM2.5 - Principal,2017-04-28 01:00 PM,2017,04,28,13,43.0,119,Unhealthy for Sensitive Groups,44.0,UG/M3,1 Hr,Valid
Hyderabad,PM2.5 - Principal,2017-04-28 02:00 PM,2017,04,28,14,45.2,125,Unhealthy for Sensitive Groups,48.0,UG/M3,1 Hr,Valid
Hyderabad,PM2.5 - Principal,2017-04-28 03:00 PM,2017,04,28,15,42.0,117,Unhealthy for Sensitive Groups,38.0,UG/M3,1 Hr,Valid
Hyderabad,PM2.5 - Principal,2017-04-28 04:00 PM,2017,04,28,16,43.3,120,Unhealthy for Sensitive Groups,45.0,UG/M3,1 Hr,Valid
Hyderabad,PM2.5 - Principal,2017-04-28 05:00 PM,2017,04,28,17,44.0,122,Unhealthy for Sensitive Groups,45.0,UG/M3,1 Hr,Valid
Hyderabad,PM2.5 - Principal,2017-04-28 06:00 PM,2017,04,28,18,48.5,133,Unhealthy for Sensitive Groups,57.0,UG/M3,1 Hr,Valid
Hyderabad,PM2.5 - Principal,2017-04-28 07:00 PM,2017,04,28,19,52.1,142,Unhealthy for Sensitive Groups,58.0,UG/M3,1 Hr,Valid
Hyderabad,PM2.5 - Principal,2017-04-28 08:00 PM,2017,04,28,20,50.2,137,Unhealthy for Sensitive Groups,47.0,UG/M3,1 Hr,Valid
Hyderabad,PM2.5 - Principal,2017-04-28 09:00 PM,2017,04,28,21,52.3,142,Unhealthy for Sensitive Groups,56.0,UG/M3,1 Hr,Valid
Hyderabad,PM2.5 - Principal,2017-04-28 10:00 PM,2017,04,28,22,50.7,138,Unhealthy for Sensitive Groups,48.0,UG/M3,1 Hr,Valid
Hyderabad,PM2.5 - Principal,2017-04-28 11:00 PM,2017,04,28,23,49.0,134,Unhealthy for Sensitive Groups,46.0,UG/M3,1 Hr,Valid
Hyderabad,PM2.5 - Principal,2017-04-29 12:00 AM,2017,04,29,00,48.0,132,Unhealthy for Sensitive Groups,46.0,UG/M3,1 Hr,Valid
Hyderabad,PM2.5 - Principal,2017-04-29 01:00 AM,2017,04,29,01,40.5,113,Unhealthy for Sensitive Groups,32.0,UG/M3,1 Hr,Valid
Hyderabad,PM2.5 - Principal,2017-04-29 02:00 AM,2017,04,29,02,38.9,109,Unhealthy for Sensitive Groups,37.0,UG/M3,1 Hr,Valid
Hyderabad,PM2.5 - Principal,2017-04-29 03:00 AM,2017,04,29,03,41.2,115,Unhealthy for Sensitive Groups,44.0,UG/M3,1 Hr,Valid
Hyderabad,PM2.5 - Principal,2017-04-29 04:00 AM,2017,04,29,04,37.9,107,Unhealthy for Sensitive Groups,34.0,UG/M3,1 Hr,Valid
Hyderabad,PM2.5 - Principal,2017-04-29 05:00 AM,2017,04,29,05,37.9,107,Unhealthy for Sensitive Groups,-999.0,UG/M3,1 Hr,Missing
Hyderabad,PM2.5 - Principal,2017-04-29 06:00 AM,2017,04,29,06,37.9,107,Unhealthy for Sensitive Groups,-999.0,UG/M3,1 Hr,Missing
Hyderabad,PM2.5 - Principal,2017-04-29 07:00 AM,2017,04,29,07,37.9,107,Unhealthy for Sensitive Groups,-999.0,UG/M3,1 Hr,Missing
Hyderabad,PM2.5 - Principal,2017-04-29 08:00 AM,2017,04,29,08,37.9,107,Unhealthy for Sensitive Groups,-999.0,UG/M3,1 Hr,Missing
Hyderabad,PM2.5 - Principal,2017-04-29 09:00 AM,2017,04,29,09,-999.0,-999,N/A,-999.0,UG/M3,1 Hr,Missing
Hyderabad,PM2.5 - Principal,2017-04-29 10:00 AM,2017,04,29,10,-999.0,-999,N/A,-999.0,UG/M3,1 Hr,Missing
Hyderabad,PM2.5 - Principal,2017-04-29 11:00 AM,2017,04,29,11,-999.0,-999,N/A,-999.0,UG/M3,1 Hr,Missing
Hyderabad,PM2.5 - Principal,2017-04-29 12:00 PM,2017,04,29,12,-999.0,-999,N/A,-999.0,UG/M3,1 Hr,Missing
Hyderabad,PM2.5 - Principal,2017-04-29 01:00 PM,2017,04,29,13,-999.0,-999,N/A,-999.0,UG/M3,1 Hr,Missing
Hyderabad,PM2.5 - Principal,2017-04-29 02:00 PM,2017,04,29,14,-999.0,-999,N/A,-999.0,UG/M3,1 Hr,Missing
Hyderabad,PM2.5 - Principal,2017-04-29 03:00 PM,2017,04,29,15,-999.0,-999,N/A,-999.0,UG/M3,1 Hr,Missing
Hyderabad,PM2.5 - Principal,2017-04-29 04:00 PM,2017,04,29,16,-999.0,-999,N/A,-999.0,UG/M3,1 Hr,Missing
Hyderabad,PM2.5 - Principal,2017-04-29 05:00 PM,2017,04,29,17,-999.0,-999,N/A,-999.0,UG/M3,1 Hr,Missing
Hyderabad,PM2.5 - Principal,2017-04-29 06:00 PM,2017,04,29,18,-999.0,-999,N/A,-999.0,UG/M3,1 Hr,Missing
Hyderabad,PM2.5 - Principal,2017-04-29 07:00 PM,2017,04,29,19,-999.0,-999,N/A,-999.0,UG/M3,1 Hr,Missing
Hyderabad,PM2.5 - Principal,2017-04-29 08:00 PM,2017,04,29,20,-999.0,-999,N/A,-999.0,UG/M3,1 Hr,Missing
Hyderabad,PM2.5 - Principal,2017-04-29 09:00 PM,2017,04,29,21,-999.0,-999,N/A,-999.0,UG/M3,1 Hr,Missing
Hyderabad,PM2.5 - Principal,2017-04-29 10:00 PM,2017,04,29,22,-999.0,-999,N/A,-999.0,UG/M3,1 Hr,Missing
Hyderabad,PM2.5 - Principal,2017-04-29 11:00 PM,2017,04,29,23,-999.0,-999,N/A,-999.0,UG/M3,1 Hr,Missing
Hyderabad,PM2.5 - Principal,2017-04-30 12:00 AM,2017,04,30,00,-999.0,-999,N/A,-999.0,UG/M3,1 Hr,Missing
Hyderabad,PM2.5 - Principal,2017-04-30 01:00 AM,2017,04,30,01,-999.0,-999,N/A,-999.0,UG/M3,1 Hr,Missing
Hyderabad,PM2.5 - Principal,2017-04-30 02:00 AM,2017,04,30,02,-999.0,-999,N/A,-999.0,UG/M3,1 Hr,Missing
Hyderabad,PM2.5 - Principal,2017-04-30 03:00 AM,2017,04,30,03,-999.0,-999,N/A,-999.0,UG/M3,1 Hr,Missing
Hyderabad,PM2.5 - Principal,2017-04-30 04:00 AM,2017,04,30,04,-999.0,-999,N/A,-999.0,UG/M3,1 Hr,Missing
Hyderabad,PM2.5 - Principal,2017-04-30 05:00 AM,2017,04,30,05,-999.0,-999,N/A,-999.0,UG/M3,1 Hr,Missing
Hyderabad,PM2.5 - Principal,2017-04-30 06:00 AM,2017,04,30,06,-999.0,-999,N/A,-999.0,UG/M3,1 Hr,Missing
Hyderabad,PM2.5 - Principal,2017-04-30 07:00 AM,2017,04,30,07,-999.0,-999,N/A,-999.0,UG/M3,1 Hr,Missing
Hyderabad,PM2.5 - Principal,2017-04-30 08:00 AM,2017,04,30,08,-999.0,-999,N/A,-999.0,UG/M3,1 Hr,Missing
Hyderabad,PM2.5 - Principal,2017-04-30 09:00 AM,2017,04,30,09,-999.0,-999,N/A,-999.0,UG/M3,1 Hr,Missing
Hyderabad,PM2.5 - Principal,2017-04-30 10:00 AM,2017,04,30,10,-999.0,-999,N/A,-999.0,UG/M3,1 Hr,Missing
Hyderabad,PM2.5 - Principal,2017-04-30 11:00 AM,2017,04,30,11,-999.0,-999,N/A,-999.0,UG/M3,1 Hr,Missing
Hyderabad,PM2.5 - Principal,2017-04-30 12:00 PM,2017,04,30,12,-999.0,-999,N/A,-999.0,UG/M3,1 Hr,Missing
Hyderabad,PM2.5 - Principal,2017-04-30 01:00 PM,2017,04,30,13,-999.0,-999,N/A,-999.0,UG/M3,1 Hr,Missing
Hyderabad,PM2.5 - Principal,2017-04-30 02:00 PM,2017,04,30,14,-999.0,-999,N/A,-999.0,UG/M3,1 Hr,Missing
Hyderabad,PM2.5 - Principal,2017-04-30 03:00 PM,2017,04,30,15,-999.0,-999,N/A,-999.0,UG/M3,1 Hr,Missing
Hyderabad,PM2.5 - Principal,2017-04-30 04:00 PM,2017,04,30,16,-999.0,-999,N/A,-999.0,UG/M3,1 Hr,Missing
Hyderabad,PM2.5 - Principal,2017-04-30 05:00 PM,2017,04,30,17,-999.0,-999,N/A,-999.0,UG/M3,1 Hr,Missing
Hyderabad,PM2.5 - Principal,2017-04-30 06:00 PM,2017,04,30,18,-999.0,-999,N/A,-999.0,UG/M3,1 Hr,Missing
Hyderabad,PM2.5 - Principal,2017-04-30 07:00 PM,2017,04,30,19,-999.0,-999,N/A,-999.0,UG/M3,1 Hr,Missing
Hyderabad,PM2.5 - Principal,2017-04-30 08:00 PM,2017,04,30,20,-999.0,-999,N/A,-999.0,UG/M3,1 Hr,Missing
Hyderabad,PM2.5 - Principal,2017-04-30 09:00 PM,2017,04,30,21,-999.0,-999,N/A,-999.0,UG/M3,1 Hr,Missing
Hyderabad,PM2.5 - Principal,2017-04-30 10:00 PM,2017,04,30,22,-999.0,-999,N/A,-999.0,UG/M3,1 Hr,Missing
Hyderabad,PM2.5 - Principal,2017-04-30 11:00 PM,2017,04,30,23,-999.0,-999,N/A,-999.0,UG/M3,1 Hr,Missing
Hyderabad,PM2.5 - Principal,2017-05-01 12:00 AM,2017,05,01,00,-999.0,-999,N/A,-999.0,UG/M3,1 Hr,Missing
Hyderabad,PM2.5 - Principal,2017-05-01 01:00 AM,2017,05,01,01,-999.0,-999,N/A,-999.0,UG/M3,1 Hr,Missing
Hyderabad,PM2.5 - Principal,2017-05-01 02:00 AM,2017,05,01,02,-999.0,-999,N/A,-999.0,UG/M3,1 Hr,Missing
Hyderabad,PM2.5 - Principal,2017-05-01 03:00 AM,2017,05,01,03,-999.0,-999,N/A,-999.0,UG/M3,1 Hr,Missing
Hyderabad,PM2.5 - Principal,2017-05-01 04:00 AM,2017,05,01,04,-999.0,-999,N/A,-999.0,UG/M3,1 Hr,Missing
Hyderabad,PM2.5 - Principal,2017-05-01 05:00 AM,2017,05,01,05,-999.0,-999,N/A,-999.0,UG/M3,1 Hr,Missing
Hyderabad,PM2.5 - Principal,2017-05-01 06:00 AM,2017,05,01,06,-999.0,-999,N/A,-999.0,UG/M3,1 Hr,Missing
Hyderabad,PM2.5 - Principal,2017-05-01 07:00 AM,2017,05,01,07,-999.0,-999,N/A,-999.0,UG/M3,1 Hr,Missing
Hyderabad,PM2.5 - Principal,2017-05-01 08:00 AM,2017,05,01,08,-999.0,-999,N/A,-999.0,UG/M3,1 Hr,Missing
Hyderabad,PM2.5 - Principal,2017-05-01 09:00 AM,2017,05,01,09,-999.0,-999,N/A,-999.0,UG/M3,1 Hr,Missing
Hyderabad,PM2.5 - Principal,2017-05-01 10:00 AM,2017,05,01,10,-999.0,-999,N/A,-999.0,UG/M3,1 Hr,Missing
Hyderabad,PM2.5 - Principal,2017-05-01 11:00 AM,2017,05,01,11,-999.0,-999,N/A,-999.0,UG/M3,1 Hr,Missing
Hyderabad,PM2.5 - Principal,2017-05-01 12:00 PM,2017,05,01,12,-999.0,-999,N/A,-999.0,UG/M3,1 Hr,Missing
Hyderabad,PM2.5 - Principal,2017-05-01 01:00 PM,2017,05,01,13,-999.0,-999,N/A,-999.0,UG/M3,1 Hr,Missing
Hyderabad,PM2.5 - Principal,2017-05-01 02:00 PM,2017,05,01,14,-999.0,-999,N/A,-999.0,UG/M3,1 Hr,Missing
Hyderabad,PM2.5 - Principal,2017-05-01 03:00 PM,2017,05,01,15,-999.0,-999,N/A,-999.0,UG/M3,1 Hr,Missing
Hyderabad,PM2.5 - Principal,2017-05-01 04:00 PM,2017,05,01,16,-999.0,-999,N/A,-999.0,UG/M3,1 Hr,Missing
Hyderabad,PM2.5 - Principal,2017-05-01 05:00 PM,2017,05,01,17,-999.0,-999,N/A,-999.0,UG/M3,1 Hr,Missing
Hyderabad,PM2.5 - Principal,2017-05-01 06:00 PM,2017,05,01,18,-999.0,-999,N/A,-999.0,UG/M3,1 Hr,Missing
Hyderabad,PM2.5 - Principal,2017-05-01 07:00 PM,2017,05,01,19,-999.0,-999,N/A,-999.0,UG/M3,1 Hr,Missing
Hyderabad,PM2.5 - Principal,2017-05-01 08:00 PM,2017,05,01,20,-999.0,-999,N/A,-999.0,UG/M3,1 Hr,Missing
Hyderabad,PM2.5 - Principal,2017-05-01 09:00 PM,2017,05,01,21,-999.0,-999,N/A,-999.0,UG/M3,1 Hr,Missing
Hyderabad,PM2.5 - Principal,2017-05-01 10:00 PM,2017,05,01,22,-999.0,-999,N/A,-999.0,UG/M3,1 Hr,Missing
Hyderabad,PM2.5 - Principal,2017-05-01 11:00 PM,2017,05,01,23,-999.0,-999,N/A,-999.0,UG/M3,1 Hr,Missing
Hyderabad,PM2.5 - Principal,2017-05-02 12:00 AM,2017,05,02,00,-999.0,-999,N/A,-999.0,UG/M3,1 Hr,Missing
Hyderabad,PM2.5 - Principal,2017-05-02 01:00 AM,2017,05,02,01,-999.0,-999,N/A,-999.0,UG/M3,1 Hr,Missing
Hyderabad,PM2.5 - Principal,2017-05-02 02:00 AM,2017,05,02,02,-999.0,-999,N/A,-999.0,UG/M3,1 Hr,Missing
Hyderabad,PM2.5 - Principal,2017-05-02 03:00 AM,2017,05,02,03,-999.0,-999,N/A,-999.0,UG/M3,1 Hr,Missing
Hyderabad,PM2.5 - Principal,2017-05-02 04:00 AM,2017,05,02,04,-999.0,-999,N/A,-999.0,UG/M3,1 Hr,Missing
Hyderabad,PM2.5 - Principal,2017-05-02 05:00 AM,2017,05,02,05,-999.0,-999,N/A,-999.0,UG/M3,1 Hr,Missing
Hyderabad,PM2.5 - Principal,2017-05-02 06:00 AM,2017,05,02,06,-999.0,-999,N/A,-999.0,UG/M3,1 Hr,Missing
Hyderabad,PM2.5 - Principal,2017-05-02 07:00 AM,2017,05,02,07,-999.0,-999,N/A,-999.0,UG/M3,1 Hr,Missing
Hyderabad,PM2.5 - Principal,2017-05-02 08:00 AM,2017,05,02,08,-999.0,-999,N/A,-999.0,UG/M3,1 Hr,Missing
Hyderabad,PM2.5 - Principal,2017-05-02 09:00 AM,2017,05,02,09,-999.0,-999,N/A,-999.0,UG/M3,1 Hr,Missing
Hyderabad,PM2.5 - Principal,2017-05-02 10:00 AM,2017,05,02,10,-999.0,-999,N/A,-999.0,UG/M3,1 Hr,Missing
Hyderabad,PM2.5 - Principal,2017-05-02 11:00 AM,2017,05,02,11,-999.0,-999,N/A,-999.0,UG/M3,1 Hr,Missing
Hyderabad,PM2.5 - Principal,2017-05-02 12:00 PM,2017,05,02,12,-999.0,-999,N/A,-999.0,UG/M3,1 Hr,Missing
Hyderabad,PM2.5 - Principal,2017-05-02 01:00 PM,2017,05,02,13,-999.0,-999,N/A,-999.0,UG/M3,1 Hr,Missing
Hyderabad,PM2.5 - Principal,2017-05-02 02:00 PM,2017,05,02,14,-999.0,-999,N/A,45.0,UG/M3,1 Hr,Valid
Hyderabad,PM2.5 - Principal,2017-05-02 03:00 PM,2017,05,02,15,46.5,128,Unhealthy for Sensitive Groups,48.0,UG/M3,1 Hr,Valid
Hyderabad,PM2.5 - Principal,2017-05-02 04:00 PM,2017,05,02,16,51.9,141,Unhealthy for Sensitive Groups,59.0,UG/M3,1 Hr,Valid
Hyderabad,PM2.5 - Principal,2017-05-02 05:00 PM,2017,05,02,17,52.6,143,Unhealthy for Sensitive Groups,54.0,UG/M3,1 Hr,Valid
Hyderabad,PM2.5 - Principal,2017-05-02 06:00 PM,2017,05,02,18,54.0,147,Unhealthy for Sensitive Groups,57.0,UG/M3,1 Hr,Valid
Hyderabad,PM2.5 - Principal,2017-05-02 07:00 PM,2017,05,02,19,53.1,144,Unhealthy for Sensitive Groups,51.0,UG/M3,1 Hr,Valid
Hyderabad,PM2.5 - Principal,2017-05-02 08:00 PM,2017,05,02,20,53.6,146,Unhealthy for Sensitive Groups,55.0,UG/M3,1 Hr,Valid
Hyderabad,PM2.5 - Principal,2017-05-02 09:00 PM,2017,05,02,21,55.4,150,Unhealthy for Sensitive Groups,60.0,UG/M3,1 Hr,Valid
Hyderabad,PM2.5 - Principal,2017-05-02 10:00 PM,2017,05,02,22,55.3,150,Unhealthy for Sensitive Groups,55.0,UG/M3,1 Hr,Valid
Hyderabad,PM2.5 - Principal,2017-05-02 11:00 PM,2017,05,02,23,54.7,148,Unhealthy for Sensitive Groups,53.0,UG/M3,1 Hr,Valid
Hyderabad,PM2.5 - Principal,2017-05-03 12:00 AM,2017,05,03,00,53.2,145,Unhealthy for Sensitive Groups,49.0,UG/M3,1 Hr,Valid
Hyderabad,PM2.5 - Principal,2017-05-03 01:00 AM,2017,05,03,01,53.9,146,Unhealthy for Sensitive Groups,56.0,UG/M3,1 Hr,Valid
Hyderabad,PM2.5 - Principal,2017-05-03 02:00 AM,2017,05,03,02,53.8,146,Unhealthy for Sensitive Groups,53.0,UG/M3,1 Hr,Valid
Hyderabad,PM2.5 - Principal,2017-05-03 03:00 AM,2017,05,03,03,53.4,145,Unhealthy for Sensitive Groups,51.0,UG/M3,1 Hr,Valid
Hyderabad,PM2.5 - Principal,2017-05-03 04:00 AM,2017,05,03,04,53.4,145,Unhealthy for Sensitive Groups,54.0,UG/M3,1 Hr,Valid
Hyderabad,PM2.5 - Principal,2017-05-03 05:00 AM,2017,05,03,05,52.7,143,Unhealthy for Sensitive Groups,50.0,UG/M3,1 Hr,Valid
Hyderabad,PM2.5 - Principal,2017-05-03 06:00 AM,2017,05,03,06,51.5,140,Unhealthy for Sensitive Groups,48.0,UG/M3,1 Hr,Valid
Hyderabad,PM2.5 - Principal,2017-05-03 07:00 AM,2017,05,03,07,52.7,143,Unhealthy for Sensitive Groups,57.0,UG/M3,1 Hr,Valid
Hyderabad,PM2.5 - Principal,2017-05-03 08:00 AM,2017,05,03,08,52.5,143,Unhealthy for Sensitive Groups,52.0,UG/M3,1 Hr,Valid
Hyderabad,PM2.5 - Principal,2017-05-03 09:00 AM,2017,05,03,09,58.5,153,Unhealthy,71.0,UG/M3,1 Hr,Valid
Hyderabad,PM2.5 - Principal,2017-05-03 10:00 AM,2017,05,03,10,62.6,155,Unhealthy,71.0,UG/M3,1 Hr,Valid
Hyderabad,PM2.5 - Principal,2017-05-03 11:00 AM,2017,05,03,11,59.8,153,Unhealthy,54.0,UG/M3,1 Hr,Valid
Hyderabad,PM2.5 - Principal,2017-05-03 12:00 PM,2017,05,03,12,55.5,151,Unhealthy,47.0,UG/M3,1 Hr,Valid
Hyderabad,PM2.5 - Principal,2017-05-03 01:00 PM,2017,05,03,13,50.2,137,Unhealthy for Sensitive Groups,43.0,UG/M3,1 Hr,Valid
Hyderabad,PM2.5 - Principal,2017-05-03 02:00 PM,2017,05,03,14,47.3,130,Unhealthy for Sensitive Groups,43.0,UG/M3,1 Hr,Valid
Hyderabad,PM2.5 - Principal,2017-05-03 03:00 PM,2017,05,03,15,44.3,123,Unhealthy for Sensitive Groups,41.0,UG/M3,1 Hr,Valid
Hyderabad,PM2.5 - Principal,2017-05-03 04:00 PM,2017,05,03,16,42.9,119,Unhealthy for Sensitive Groups,41.0,UG/M3,1 Hr,Valid
Hyderabad,PM2.5 - Principal,2017-05-03 05:00 PM,2017,05,03,17,40.3,113,Unhealthy for Sensitive Groups,38.0,UG/M3,1 Hr,Valid
Hyderabad,PM2.5 - Principal,2017-05-03 06:00 PM,2017,05,03,18,36.0,102,Unhealthy for Sensitive Groups,32.0,UG/M3,1 Hr,Valid
Hyderabad,PM2.5 - Principal,2017-05-03 07:00 PM,2017,05,03,19,38.0,107,Unhealthy for Sensitive Groups,40.0,UG/M3,1 Hr,Valid
Hyderabad,PM2.5 - Principal,2017-05-03 08:00 PM,2017,05,03,20,43.5,121,Unhealthy for Sensitive Groups,49.0,UG/M3,1 Hr,Valid
Hyderabad,PM2.5 - Principal,2017-05-03 09:00 PM,2017,05,03,21,47.2,130,Unhealthy for Sensitive Groups,51.0,UG/M3,1 Hr,Valid
Hyderabad,PM2.5 - Principal,2017-05-03 10:00 PM,2017,05,03,22,48.0,132,Unhealthy for Sensitive Groups,51.0,UG/M3,1 Hr,Valid
Hyderabad,PM2.5 - Principal,2017-05-03 11:00 PM,2017,05,03,23,48.1,132,Unhealthy for Sensitive Groups,49.0,UG/M3,1 Hr,Valid
Hyderabad,PM2.5 - Principal,2017-05-04 12:00 AM,2017,05,04,00,48.4,133,Unhealthy for Sensitive Groups,49.0,UG/M3,1 Hr,Valid
Hyderabad,PM2.5 - Principal,2017-05-04 01:00 AM,2017,05,04,01,50.3,137,Unhealthy for Sensitive Groups,53.0,UG/M3,1 Hr,Valid
Hyderabad,PM2.5 - Principal,2017-05-04 02:00 AM,2017,05,04,02,50.6,138,Unhealthy for Sensitive Groups,51.0,UG/M3,1 Hr,Valid
Hyderabad,PM2.5 - Principal,2017-05-04 03:00 AM,2017,05,04,03,49.1,134,Unhealthy for Sensitive Groups,47.0,UG/M3,1 Hr,Valid
Hyderabad,PM2.5 - Principal,2017-05-04 04:00 AM,2017,05,04,04,49.1,134,Unhealthy for Sensitive Groups,49.0,UG/M3,1 Hr,Valid
Hyderabad,PM2.5 - Principal,2017-05-04 05:00 AM,2017,05,04,05,48.6,133,Unhealthy for Sensitive Groups,48.0,UG/M3,1 Hr,Valid
Hyderabad,PM2.5 - Principal,2017-05-04 06:00 AM,2017,05,04,06,50.3,137,Unhealthy for Sensitive Groups,54.0,UG/M3,1 Hr,Valid
Hyderabad,PM2.5 - Principal,2017-05-04 07:00 AM,2017,05,04,07,51.0,139,Unhealthy for Sensitive Groups,55.0,UG/M3,1 Hr,Valid
Hyderabad,PM2.5 - Principal,2017-05-04 08:00 AM,2017,05,04,08,54.1,147,Unhealthy for Sensitive Groups,62.0,UG/M3,1 Hr,Valid
Hyderabad,PM2.5 - Principal,2017-05-04 09:00 AM,2017,05,04,09,56.1,151,Unhealthy,62.0,UG/M3,1 Hr,Valid
Hyderabad,PM2.5 - Principal,2017-05-04 10:00 AM,2017,05,04,10,56.4,151,Unhealthy,57.0,UG/M3,1 Hr,Valid
Hyderabad,PM2.5 - Principal,2017-05-04 11:00 AM,2017,05,04,11,55.8,151,Unhealthy,54.0,UG/M3,1 Hr,Valid
Hyderabad,PM2.5 - Principal,2017-05-04 12:00 PM,2017,05,04,12,53.3,145,Unhealthy for Sensitive Groups,46.0,UG/M3,1 Hr,Valid
Hyderabad,PM2.5 - Principal,2017-05-04 01:00 PM,2017,05,04,13,56.3,151,Unhealthy,64.0,UG/M3,1 Hr,Valid
Hyderabad,PM2.5 - Principal,2017-05-04 02:00 PM,2017,05,04,14,59.4,153,Unhealthy,66.0,UG/M3,1 Hr,Valid
Hyderabad,PM2.5 - Principal,2017-05-04 03:00 PM,2017,05,04,15,57.4,152,Unhealthy,53.0,UG/M3,1 Hr,Valid
Hyderabad,PM2.5 - Principal,2017-05-04 04:00 PM,2017,05,04,16,54.9,149,Unhealthy for Sensitive Groups,49.0,UG/M3,1 Hr,Valid
Hyderabad,PM2.5 - Principal,2017-05-04 05:00 PM,2017,05,04,17,52.5,143,Unhealthy for Sensitive Groups,47.0,UG/M3,1 Hr,Valid
Hyderabad,PM2.5 - Principal,2017-05-04 06:00 PM,2017,05,04,18,49.9,136,Unhealthy for Sensitive Groups,45.0,UG/M3,1 Hr,Valid
Hyderabad,PM2.5 - Principal,2017-05-04 07:00 PM,2017,05,04,19,50.5,138,Unhealthy for Sensitive Groups,52.0,UG/M3,1 Hr,Valid
Hyderabad,PM2.5 - Principal,2017-05-04 08:00 PM,2017,05,04,20,51.9,141,Unhealthy for Sensitive Groups,55.0,UG/M3,1 Hr,Valid
Hyderabad,PM2.5 - Principal,2017-05-04 09:00 PM,2017,05,04,21,56.9,152,Unhealthy,67.0,UG/M3,1 Hr,Valid
Hyderabad,PM2.5 - Principal,2017-05-04 10:00 PM,2017,05,04,22,58.2,152,Unhealthy,61.0,UG/M3,1 Hr,Valid
Hyderabad,PM2.5 - Principal,2017-05-04 11:00 PM,2017,05,04,23,58.1,152,Unhealthy,58.0,UG/M3,1 Hr,Valid
Hyderabad,PM2.5 - Principal,2017-05-05 12:00 AM,2017,05,05,00,58.8,153,Unhealthy,60.0,UG/M3,1 Hr,Valid
Hyderabad,PM2.5 - Principal,2017-05-05 01:00 AM,2017,05,05,01,59.1,153,Unhealthy,60.0,UG/M3,1 Hr,Valid
Hyderabad,PM2.5 - Principal,2017-05-05 02:00 AM,2017,05,05,02,58.4,152,Unhealthy,57.0,UG/M3,1 Hr,Valid
Hyderabad,PM2.5 - Principal,2017-05-05 03:00 AM,2017,05,05,03,54.6,148,Unhealthy for Sensitive Groups,47.0,UG/M3,1 Hr,Valid
Hyderabad,PM2.5 - Principal,2017-05-05 04:00 AM,2017,05,05,04,52.4,143,Unhealthy for Sensitive Groups,48.0,UG/M3,1 Hr,Valid
Hyderabad,PM2.5 - Principal,2017-05-05 05:00 AM,2017,05,05,05,53.6,146,Unhealthy for Sensitive Groups,56.0,UG/M3,1 Hr,Valid
Hyderabad,PM2.5 - Principal,2017-05-05 06:00 AM,2017,05,05,06,53.3,145,Unhealthy for Sensitive Groups,52.0,UG/M3,1 Hr,Valid
Hyderabad,PM2.5 - Principal,2017-05-05 07:00 AM,2017,05,05,07,61.1,154,Unhealthy,75.0,UG/M3,1 Hr,Valid
Hyderabad,PM2.5 - Principal,2017-05-05 08:00 AM,2017,05,05,08,85.9,167,Unhealthy,108.0,UG/M3,1 Hr,Valid
Hyderabad,PM2.5 - Principal,2017-05-05 09:00 AM,2017,05,05,09,87.4,167,Unhealthy,89.0,UG/M3,1 Hr,Valid
Hyderabad,PM2.5 - Principal,2017-05-05 10:00 AM,2017,05,05,10,78.2,163,Unhealthy,69.0,UG/M3,1 Hr,Valid
Hyderabad,PM2.5 - Principal,2017-05-05 11:00 AM,2017,05,05,11,66.1,156,Unhealthy,54.0,UG/M3,1 Hr,Valid
Hyderabad,PM2.5 - Principal,2017-05-05 12:00 PM,2017,05,05,12,66.1,156,Unhealthy,-999.0,UG/M3,1 Hr,Missing
Hyderabad,PM2.5 - Principal,2017-05-05 01:00 PM,2017,05,05,13,56.7,152,Unhealthy,52.0,UG/M3,1 Hr,Valid
Hyderabad,PM2.5 - Principal,2017-05-05 02:00 PM,2017,05,05,14,70.5,159,Unhealthy,81.0,UG/M3,1 Hr,Valid
Hyderabad,PM2.5 - Principal,2017-05-05 03:00 PM,2017,05,05,15,75.6,161,Unhealthy,80.0,UG/M3,1 Hr,Valid
Hyderabad,PM2.5 - Principal,2017-05-05 04:00 PM,2017,05,05,16,66.0,156,Unhealthy,57.0,UG/M3,1 Hr,Valid
Hyderabad,PM2.5 - Principal,2017-05-05 05:00 PM,2017,05,05,17,57.8,152,Unhealthy,50.0,UG/M3,1 Hr,Valid
Hyderabad,PM2.5 - Principal,2017-05-05 06:00 PM,2017,05,05,18,56.4,151,Unhealthy,55.0,UG/M3,1 Hr,Valid
Hyderabad,PM2.5 - Principal,2017-05-05 07:00 PM,2017,05,05,19,53.6,146,Unhealthy for Sensitive Groups,51.0,UG/M3,1 Hr,Valid
Hyderabad,PM2.5 - Principal,2017-05-05 08:00 PM,2017,05,05,20,56.0,151,Unhealthy,58.0,UG/M3,1 Hr,Valid
Hyderabad,PM2.5 - Principal,2017-05-05 09:00 PM,2017,05,05,21,56.1,151,Unhealthy,56.0,UG/M3,1 Hr,Valid
Hyderabad,PM2.5 - Principal,2017-05-05 10:00 PM,2017,05,05,22,57.6,152,Unhealthy,60.0,UG/M3,1 Hr,Valid
Hyderabad,PM2.5 - Principal,2017-05-05 11:00 PM,2017,05,05,23,57.7,152,Unhealthy,58.0,UG/M3,1 Hr,Valid
Hyderabad,PM2.5 - Principal,2017-05-06 12:00 AM,2017,05,06,00,55.5,151,Unhealthy,52.0,UG/M3,1 Hr,Valid
Hyderabad,PM2.5 - Principal,2017-05-06 01:00 AM,2017,05,06,01,50.6,138,Unhealthy for Sensitive Groups,45.0,UG/M3,1 Hr,Valid
Hyderabad,PM2.5 - Principal,2017-05-06 02:00 AM,2017,05,06,02,48.2,132,Unhealthy for Sensitive Groups,45.0,UG/M3,1 Hr,Valid
Hyderabad,PM2.5 - Principal,2017-05-06 03:00 AM,2017,05,06,03,45.7,126,Unhealthy for Sensitive Groups,39.0,UG/M3,1 Hr,Valid
Hyderabad,PM2.5 - Principal,2017-05-06 04:00 AM,2017,05,06,04,45.0,124,Unhealthy for Sensitive Groups,44.0,UG/M3,1 Hr,Valid
Hyderabad,PM2.5 - Principal,2017-05-06 05:00 AM,2017,05,06,05,47.1,130,Unhealthy for Sensitive Groups,51.0,UG/M3,1 Hr,Valid
Hyderabad,PM2.5 - Principal,2017-05-06 06:00 AM,2017,05,06,06,46.7,129,Unhealthy for Sensitive Groups,46.0,UG/M3,1 Hr,Valid
Hyderabad,PM2.5 - Principal,2017-05-06 07:00 AM,2017,05,06,07,48.2,132,Unhealthy for Sensitive Groups,51.0,UG/M3,1 Hr,Valid
Hyderabad,PM2.5 - Principal,2017-05-06 08:00 AM,2017,05,06,08,56.8,152,Unhealthy,68.0,UG/M3,1 Hr,Valid
Hyderabad,PM2.5 - Principal,2017-05-06 09:00 AM,2017,05,06,09,72.7,160,Unhealthy,87.0,UG/M3,1 Hr,Valid
Hyderabad,PM2.5 - Principal,2017-05-06 10:00 AM,2017,05,06,10,71.3,159,Unhealthy,70.0,UG/M3,1 Hr,Valid
Hyderabad,PM2.5 - Principal,2017-05-06 11:00 AM,2017,05,06,11,70.6,159,Unhealthy,70.0,UG/M3,1 Hr,Valid
Hyderabad,PM2.5 - Principal,2017-05-06 12:00 PM,2017,05,06,12,72.3,160,Unhealthy,74.0,UG/M3,1 Hr,Valid
Hyderabad,PM2.5 - Principal,2017-05-06 01:00 PM,2017,05,06,13,75.1,161,Unhealthy,78.0,UG/M3,1 Hr,Valid
Hyderabad,PM2.5 - Principal,2017-05-06 02:00 PM,2017,05,06,14,72.0,160,Unhealthy,69.0,UG/M3,1 Hr,Valid
Hyderabad,PM2.5 - Principal,2017-05-06 03:00 PM,2017,05,06,15,71.5,159,Unhealthy,71.0,UG/M3,1 Hr,Valid
Hyderabad,PM2.5 - Principal,2017-05-06 04:00 PM,2017,05,06,16,63.7,155,Unhealthy,55.0,UG/M3,1 Hr,Valid
Hyderabad,PM2.5 - Principal,2017-05-06 05:00 PM,2017,05,06,17,66.2,157,Unhealthy,69.0,UG/M3,1 Hr,Valid
Hyderabad,PM2.5 - Principal,2017-05-06 06:00 PM,2017,05,06,18,67.5,157,Unhealthy,69.0,UG/M3,1 Hr,Valid
Hyderabad,PM2.5 - Principal,2017-05-06 07:00 PM,2017,05,06,19,65.9,156,Unhealthy,63.0,UG/M3,1 Hr,Valid
Hyderabad,PM2.5 - Principal,2017-05-06 08:00 PM,2017,05,06,20,70.0,158,Unhealthy,77.0,UG/M3,1 Hr,Valid
Hyderabad,PM2.5 - Principal,2017-05-06 09:00 PM,2017,05,06,21,76.2,162,Unhealthy,87.0,UG/M3,1 Hr,Valid
Hyderabad,PM2.5 - Principal,2017-05-06 10:00 PM,2017,05,06,22,75.8,161,Unhealthy,75.0,UG/M3,1 Hr,Valid
Hyderabad,PM2.5 - Principal,2017-05-06 11:00 PM,2017,05,06,23,68.5,158,Unhealthy,56.0,UG/M3,1 Hr,Valid
Hyderabad,PM2.5 - Principal,2017-05-07 12:00 AM,2017,05,07,00,64.6,156,Unhealthy,58.0,UG/M3,1 Hr,Valid
Hyderabad,PM2.5 - Principal,2017-05-07 01:00 AM,2017,05,07,01,59.1,153,Unhealthy,52.0,UG/M3,1 Hr,Valid
Hyderabad,PM2.5 - Principal,2017-05-07 02:00 AM,2017,05,07,02,58.2,152,Unhealthy,57.0,UG/M3,1 Hr,Valid
Hyderabad,PM2.5 - Principal,2017-05-07 03:00 AM,2017,05,07,03,64.6,156,Unhealthy,74.0,UG/M3,1 Hr,Valid
Hyderabad,PM2.5 - Principal,2017-05-07 04:00 AM,2017,05,07,04,60.7,154,Unhealthy,55.0,UG/M3,1 Hr,Valid
Hyderabad,PM2.5 - Principal,2017-05-07 05:00 AM,2017,05,07,05,48.6,133,Unhealthy for Sensitive Groups,37.0,UG/M3,1 Hr,Valid
Hyderabad,PM2.5 - Principal,2017-05-07 06:00 AM,2017,05,07,06,43.3,120,Unhealthy for Sensitive Groups,38.0,UG/M3,1 Hr,Valid
Hyderabad,PM2.5 - Principal,2017-05-07 07:00 AM,2017,05,07,07,52.1,142,Unhealthy for Sensitive Groups,61.0,UG/M3,1 Hr,Valid
Hyderabad,PM2.5 - Principal,2017-05-07 08:00 AM,2017,05,07,08,48.0,132,Unhealthy for Sensitive Groups,44.0,UG/M3,1 Hr,Valid
Hyderabad,PM2.5 - Principal,2017-05-07 09:00 AM,2017,05,07,09,44.0,122,Unhealthy for Sensitive Groups,40.0,UG/M3,1 Hr,Valid
Hyderabad,PM2.5 - Principal,2017-05-07 10:00 AM,2017,05,07,10,42.5,118,Unhealthy for Sensitive Groups,41.0,UG/M3,1 Hr,Valid
Hyderabad,PM2.5 - Principal,2017-05-07 11:00 AM,2017,05,07,11,41.7,116,Unhealthy for Sensitive Groups,41.0,UG/M3,1 Hr,Valid
Hyderabad,PM2.5 - Principal,2017-05-07 12:00 PM,2017,05,07,12,40.3,113,Unhealthy for Sensitive Groups,39.0,UG/M3,1 Hr,Valid
Hyderabad,PM2.5 - Principal,2017-05-07 01:00 PM,2017,05,07,13,39.1,110,Unhealthy for Sensitive Groups,38.0,UG/M3,1 Hr,Valid
Hyderabad,PM2.5 - Principal,2017-05-07 02:00 PM,2017,05,07,14,39.5,111,Unhealthy for Sensitive Groups,40.0,UG/M3,1 Hr,Valid
Hyderabad,PM2.5 - Principal,2017-05-07 03:00 PM,2017,05,07,15,41.4,116,Unhealthy for Sensitive Groups,44.0,UG/M3,1 Hr,Valid
Hyderabad,PM2.5 - Principal,2017-05-07 04:00 PM,2017,05,07,16,44.8,124,Unhealthy for Sensitive Groups,50.0,UG/M3,1 Hr,Valid
Hyderabad,PM2.5 - Principal,2017-05-07 05:00 PM,2017,05,07,17,44.4,123,Unhealthy for Sensitive Groups,44.0,UG/M3,1 Hr,Valid
Hyderabad,PM2.5 - Principal,2017-05-07 06:00 PM,2017,05,07,18,43.8,121,Unhealthy for Sensitive Groups,43.0,UG/M3,1 Hr,Valid
Hyderabad,PM2.5 - Principal,2017-05-07 07:00 PM,2017,05,07,19,44.7,124,Unhealthy for Sensitive Groups,49.0,UG/M3,1 Hr,Valid
Hyderabad,PM2.5 - Principal,2017-05-07 08:00 PM,2017,05,07,20,48.8,134,Unhealthy for Sensitive Groups,56.0,UG/M3,1 Hr,Valid
Hyderabad,PM2.5 - Principal,2017-05-07 09:00 PM,2017,05,07,21,46.0,127,Unhealthy for Sensitive Groups,40.0,UG/M3,1 Hr,Valid
Hyderabad,PM2.5 - Principal,2017-05-07 10:00 PM,2017,05,07,22,45.3,125,Unhealthy for Sensitive Groups,44.0,UG/M3,1 Hr,Valid
Hyderabad,PM2.5 - Principal,2017-05-07 11:00 PM,2017,05,07,23,50.2,137,Unhealthy for Sensitive Groups,59.0,UG/M3,1 Hr,Valid
Hyderabad,PM2.5 - Principal,2017-05-08 12:00 AM,2017,05,08,00,49.8,136,Unhealthy for Sensitive Groups,49.0,UG/M3,1 Hr,Valid
Hyderabad,PM2.5 - Principal,2017-05-08 01:00 AM,2017,05,08,01,49.7,136,Unhealthy for Sensitive Groups,50.0,UG/M3,1 Hr,Valid
Hyderabad,PM2.5 - Principal,2017-05-08 02:00 AM,2017,05,08,02,48.2,132,Unhealthy for Sensitive Groups,45.0,UG/M3,1 Hr,Valid
Hyderabad,PM2.5 - Principal,2017-05-08 03:00 AM,2017,05,08,03,48.4,133,Unhealthy for Sensitive Groups,49.0,UG/M3,1 Hr,Valid
Hyderabad,PM2.5 - Principal,2017-05-08 04:00 AM,2017,05,08,04,48.3,133,Unhealthy for Sensitive Groups,48.0,UG/M3,1 Hr,Valid
Hyderabad,PM2.5 - Principal,2017-05-08 05:00 AM,2017,05,08,05,48.5,133,Unhealthy for Sensitive Groups,49.0,UG/M3,1 Hr,Valid
Hyderabad,PM2.5 - Principal,2017-05-08 06:00 AM,2017,05,08,06,49.3,135,Unhealthy for Sensitive Groups,51.0,UG/M3,1 Hr,Valid
Hyderabad,PM2.5 - Principal,2017-05-08 07:00 AM,2017,05,08,07,49.5,135,Unhealthy for Sensitive Groups,50.0,UG/M3,1 Hr,Valid
Hyderabad,PM2.5 - Principal,2017-05-08 08:00 AM,2017,05,08,08,54.0,147,Unhealthy for Sensitive Groups,62.0,UG/M3,1 Hr,Valid
Hyderabad,PM2.5 - Principal,2017-05-08 09:00 AM,2017,05,08,09,54.3,147,Unhealthy for Sensitive Groups,57.0,UG/M3,1 Hr,Valid
Hyderabad,PM2.5 - Principal,2017-05-08 10:00 AM,2017,05,08,10,52.2,142,Unhealthy for Sensitive Groups,47.0,UG/M3,1 Hr,Valid
Hyderabad,PM2.5 - Principal,2017-05-08 11:00 AM,2017,05,08,11,50.1,137,Unhealthy for Sensitive Groups,45.0,UG/M3,1 Hr,Valid
Hyderabad,PM2.5 - Principal,2017-05-08 12:00 PM,2017,05,08,12,46.2,127,Unhealthy for Sensitive Groups,40.0,UG/M3,1 Hr,Valid
Hyderabad,PM2.5 - Principal,2017-05-08 01:00 PM,2017,05,08,13,43.3,120,Unhealthy for Sensitive Groups,39.0,UG/M3,1 Hr,Valid
Hyderabad,PM2.5 - Principal,2017-05-08 02:00 PM,2017,05,08,14,43.9,122,Unhealthy for Sensitive Groups,45.0,UG/M3,1 Hr,Valid
Hyderabad,PM2.5 - Principal,2017-05-08 03:00 PM,2017,05,08,15,45.0,124,Unhealthy for Sensitive Groups,47.0,UG/M3,1 Hr,Valid
Hyderabad,PM2.5 - Principal,2017-05-08 04:00 PM,2017,05,08,16,44.6,123,Unhealthy for Sensitive Groups,44.0,UG/M3,1 Hr,Valid
Hyderabad,PM2.5 - Principal,2017-05-08 05:00 PM,2017,05,08,17,43.3,120,Unhealthy for Sensitive Groups,41.0,UG/M3,1 Hr,Valid
Hyderabad,PM2.5 - Principal,2017-05-08 06:00 PM,2017,05,08,18,43.9,122,Unhealthy for Sensitive Groups,45.0,UG/M3,1 Hr,Valid
Hyderabad,PM2.5 - Principal,2017-05-08 07:00 PM,2017,05,08,19,44.3,123,Unhealthy for Sensitive Groups,45.0,UG/M3,1 Hr,Valid
Hyderabad,PM2.5 - Principal,2017-05-08 08:00 PM,2017,05,08,20,45.4,125,Unhealthy for Sensitive Groups,48.0,UG/M3,1 Hr,Valid
Hyderabad,PM2.5 - Principal,2017-05-08 09:00 PM,2017,05,08,21,47.2,130,Unhealthy for Sensitive Groups,53.0,UG/M3,1 Hr,Valid
Hyderabad,PM2.5 - Principal,2017-05-08 10:00 PM,2017,05,08,22,45.0,124,Unhealthy for Sensitive Groups,39.0,UG/M3,1 Hr,Valid
Hyderabad,PM2.5 - Principal,2017-05-08 11:00 PM,2017,05,08,23,41.5,116,Unhealthy for Sensitive Groups,35.0,UG/M3,1 Hr,Valid
Hyderabad,PM2.5 - Principal,2017-05-09 12:00 AM,2017,05,09,00,40.6,114,Unhealthy for Sensitive Groups,39.0,UG/M3,1 Hr,Valid
Hyderabad,PM2.5 - Principal,2017-05-09 01:00 AM,2017,05,09,01,37.5,106,Unhealthy for Sensitive Groups,33.0,UG/M3,1 Hr,Valid
Hyderabad,PM2.5 - Principal,2017-05-09 02:00 AM,2017,05,09,02,33.8,97,Moderate,30.0,UG/M3,1 Hr,Valid
Hyderabad,PM2.5 - Principal,2017-05-09 03:00 AM,2017,05,09,03,33.9,97,Moderate,34.0,UG/M3,1 Hr,Valid
Hyderabad,PM2.5 - Principal,2017-05-09 04:00 AM,2017,05,09,04,32.6,94,Moderate,31.0,UG/M3,1 Hr,Valid
Hyderabad,PM2.5 - Principal,2017-05-09 05:00 AM,2017,05,09,05,36.2,103,Unhealthy for Sensitive Groups,41.0,UG/M3,1 Hr,Valid
Hyderabad,PM2.5 - Principal,2017-05-09 06:00 AM,2017,05,09,06,42.2,117,Unhealthy for Sensitive Groups,50.0,UG/M3,1 Hr,Valid
Hyderabad,PM2.5 - Principal,2017-05-09 07:00 AM,2017,05,09,07,44.3,123,Unhealthy for Sensitive Groups,47.0,UG/M3,1 Hr,Valid
Hyderabad,PM2.5 - Principal,2017-05-09 08:00 AM,2017,05,09,08,49.3,135,Unhealthy for Sensitive Groups,55.0,UG/M3,1 Hr,Valid
Hyderabad,PM2.5 - Principal,2017-05-09 09:00 AM,2017,05,09,09,51.4,140,Unhealthy for Sensitive Groups,54.0,UG/M3,1 Hr,Valid
Hyderabad,PM2.5 - Principal,2017-05-09 10:00 AM,2017,05,09,10,53.0,144,Unhealthy for Sensitive Groups,55.0,UG/M3,1 Hr,Valid
Hyderabad,PM2.5 - Principal,2017-05-09 11:00 AM,2017,05,09,11,50.3,137,Unhealthy for Sensitive Groups,47.0,UG/M3,1 Hr,Valid
Hyderabad,PM2.5 - Principal,2017-05-09 12:00 PM,2017,05,09,12,54.5,148,Unhealthy for Sensitive Groups,59.0,UG/M3,1 Hr,Valid
Hyderabad,PM2.5 - Principal,2017-05-09 01:00 PM,2017,05,09,13,47.4,130,Unhealthy for Sensitive Groups,40.0,UG/M3,1 Hr,Valid
Hyderabad,PM2.5 - Principal,2017-05-09 02:00 PM,2017,05,09,14,42.0,117,Unhealthy for Sensitive Groups,36.0,UG/M3,1 Hr,Valid
Hyderabad,PM2.5 - Principal,2017-05-09 03:00 PM,2017,05,09,15,42.0,117,Unhealthy for Sensitive Groups,42.0,UG/M3,1 Hr,Valid
Hyderabad,PM2.5 - Principal,2017-05-09 04:00 PM,2017,05,09,16,42.1,117,Unhealthy for Sensitive Groups,41.0,UG/M3,1 Hr,Valid
Hyderabad,PM2.5 - Principal,2017-05-09 05:00 PM,2017,05,09,17,42.9,119,Unhealthy for Sensitive Groups,44.0,UG/M3,1 Hr,Valid
Hyderabad,PM2.5 - Principal,2017-05-09 06:00 PM,2017,05,09,18,44.8,124,Unhealthy for Sensitive Groups,48.0,UG/M3,1 Hr,Valid
Hyderabad,PM2.5 - Principal,2017-05-09 07:00 PM,2017,05,09,19,48.8,134,Unhealthy for Sensitive Groups,55.0,UG/M3,1 Hr,Valid
Hyderabad,PM2.5 - Principal,2017-05-09 08:00 PM,2017,05,09,20,48.8,134,Unhealthy for Sensitive Groups,49.0,UG/M3,1 Hr,Valid
Hyderabad,PM2.5 - Principal,2017-05-09 09:00 PM,2017,05,09,21,58.1,152,Unhealthy,68.0,UG/M3,1 Hr,Valid
Hyderabad,PM2.5 - Principal,2017-05-09 10:00 PM,2017,05,09,22,57.1,152,Unhealthy,56.0,UG/M3,1 Hr,Valid
Hyderabad,PM2.5 - Principal,2017-05-09 11:00 PM,2017,05,09,23,56.1,151,Unhealthy,55.0,UG/M3,1 Hr,Valid
Hyderabad,PM2.5 - Principal,2017-05-10 12:00 AM,2017,05,10,00,54.1,147,Unhealthy for Sensitive Groups,52.0,UG/M3,1 Hr,Valid
Hyderabad,PM2.5 - Principal,2017-05-10 01:00 AM,2017,05,10,01,58.3,152,Unhealthy,63.0,UG/M3,1 Hr,Valid
Hyderabad,PM2.5 - Principal,2017-05-10 02:00 AM,2017,05,10,02,45.7,126,Unhealthy for Sensitive Groups,33.0,UG/M3,1 Hr,Valid
Hyderabad,PM2.5 - Principal,2017-05-10 03:00 AM,2017,05,10,03,43.3,120,Unhealthy for Sensitive Groups,41.0,UG/M3,1 Hr,Valid
Hyderabad,PM2.5 - Principal,2017-05-10 04:00 AM,2017,05,10,04,41.6,116,Unhealthy for Sensitive Groups,40.0,UG/M3,1 Hr,Valid
Hyderabad,PM2.5 - Principal,2017-05-10 05:00 AM,2017,05,10,05,38.3,108,Unhealthy for Sensitive Groups,35.0,UG/M3,1 Hr,Valid
Hyderabad,PM2.5 - Principal,2017-05-10 06:00 AM,2017,05,10,06,36.1,102,Unhealthy for Sensitive Groups,34.0,UG/M3,1 Hr,Valid
Hyderabad,PM2.5 - Principal,2017-05-10 07:00 AM,2017,05,10,07,31.0,91,Moderate,26.0,UG/M3,1 Hr,Valid
Hyderabad,PM2.5 - Principal,2017-05-10 08:00 AM,2017,05,10,08,29.0,87,Moderate,27.0,UG/M3,1 Hr,Valid
Hyderabad,PM2.5 - Principal,2017-05-10 09:00 AM,2017,05,10,09,36.5,103,Unhealthy for Sensitive Groups,44.0,UG/M3,1 Hr,Valid
Hyderabad,PM2.5 - Principal,2017-05-10 10:00 AM,2017,05,10,10,38.7,109,Unhealthy for Sensitive Groups,41.0,UG/M3,1 Hr,Valid
Hyderabad,PM2.5 - Principal,2017-05-10 11:00 AM,2017,05,10,11,42.8,119,Unhealthy for Sensitive Groups,47.0,UG/M3,1 Hr,Valid
Hyderabad,PM2.5 - Principal,2017-05-10 12:00 PM,2017,05,10,12,42.8,119,Unhealthy for Sensitive Groups,-999.0,UG/M3,1 Hr,Missing
Hyderabad,PM2.5 - Principal,2017-05-10 01:00 PM,2017,05,10,13,-999.0,-999,N/A,-999.0,UG/M3,1 Hr,Missing
Hyderabad,PM2.5 - Principal,2017-05-10 02:00 PM,2017,05,10,14,-999.0,-999,N/A,-999.0,UG/M3,1 Hr,Missing
Hyderabad,PM2.5 - Principal,2017-05-10 03:00 PM,2017,05,10,15,-999.0,-999,N/A,50.0,UG/M3,1 Hr,Valid
Hyderabad,PM2.5 - Principal,2017-05-10 04:00 PM,2017,05,10,16,48.3,133,Unhealthy for Sensitive Groups,48.0,UG/M3,1 Hr,Valid
Hyderabad,PM2.5 - Principal,2017-05-10 05:00 PM,2017,05,10,17,43.2,120,Unhealthy for Sensitive Groups,39.0,UG/M3,1 Hr,Valid
Hyderabad,PM2.5 - Principal,2017-05-10 06:00 PM,2017,05,10,18,44.1,122,Unhealthy for Sensitive Groups,45.0,UG/M3,1 Hr,Valid
Hyderabad,PM2.5 - Principal,2017-05-10 07:00 PM,2017,05,10,19,42.6,118,Unhealthy for Sensitive Groups,41.0,UG/M3,1 Hr,Valid
Hyderabad,PM2.5 - Principal,2017-05-10 08:00 PM,2017,05,10,20,42.7,119,Unhealthy for Sensitive Groups,40.0,UG/M3,1 Hr,Valid
Hyderabad,PM2.5 - Principal,2017-05-10 09:00 PM,2017,05,10,21,47.1,130,Unhealthy for Sensitive Groups,57.0,UG/M3,1 Hr,Valid
Hyderabad,PM2.5 - Principal,2017-05-10 10:00 PM,2017,05,10,22,50.4,138,Unhealthy for Sensitive Groups,57.0,UG/M3,1 Hr,Valid
Hyderabad,PM2.5 - Principal,2017-05-10 11:00 PM,2017,05,10,23,52.2,142,Unhealthy for Sensitive Groups,56.0,UG/M3,1 Hr,Valid
Hyderabad,PM2.5 - Principal,2017-05-11 12:00 AM,2017,05,11,00,53.7,146,Unhealthy for Sensitive Groups,57.0,UG/M3,1 Hr,Valid
Hyderabad,PM2.5 - Principal,2017-05-11 01:00 AM,2017,05,11,01,53.7,146,Unhealthy for Sensitive Groups,-999.0,UG/M3,1 Hr,Missing
Hyderabad,PM2.5 - Principal,2017-05-11 02:00 AM,2017,05,11,02,53.7,146,Unhealthy for Sensitive Groups,-999.0,UG/M3,1 Hr,Missing
Hyderabad,PM2.5 - Principal,2017-05-11 03:00 AM,2017,05,11,03,53.7,146,Unhealthy for Sensitive Groups,-999.0,UG/M3,1 Hr,Missing
Hyderabad,PM2.5 - Principal,2017-05-11 04:00 AM,2017,05,11,04,53.7,146,Unhealthy for Sensitive Groups,-999.0,UG/M3,1 Hr,Missing
Hyderabad,PM2.5 - Principal,2017-05-11 05:00 AM,2017,05,11,05,-999.0,-999,N/A,-999.0,UG/M3,1 Hr,Missing
Hyderabad,PM2.5 - Principal,2017-05-11 06:00 AM,2017,05,11,06,-999.0,-999,N/A,-999.0,UG/M3,1 Hr,Missing
Hyderabad,PM2.5 - Principal,2017-05-11 07:00 AM,2017,05,11,07,-999.0,-999,N/A,-999.0,UG/M3,1 Hr,Missing
Hyderabad,PM2.5 - Principal,2017-05-11 08:00 AM,2017,05,11,08,-999.0,-999,N/A,-999.0,UG/M3,1 Hr,Missing
Hyderabad,PM2.5 - Principal,2017-05-11 09:00 AM,2017,05,11,09,-999.0,-999,N/A,-999.0,UG/M3,1 Hr,Missing
Hyderabad,PM2.5 - Principal,2017-05-11 10:00 AM,2017,05,11,10,-999.0,-999,N/A,-999.0,UG/M3,1 Hr,Missing
Hyderabad,PM2.5 - Principal,2017-05-11 11:00 AM,2017,05,11,11,-999.0,-999,N/A,40.0,UG/M3,1 Hr,Valid
Hyderabad,PM2.5 - Principal,2017-05-11 12:00 PM,2017,05,11,12,45.5,126,Unhealthy for Sensitive Groups,50.0,UG/M3,1 Hr,Valid
Hyderabad,PM2.5 - Principal,2017-05-11 01:00 PM,2017,05,11,13,37.9,107,Unhealthy for Sensitive Groups,30.0,UG/M3,1 Hr,Valid
Hyderabad,PM2.5 - Principal,2017-05-11 02:00 PM,2017,05,11,14,37.5,106,Unhealthy for Sensitive Groups,37.0,UG/M3,1 Hr,Valid
Hyderabad,PM2.5 - Principal,2017-05-11 03:00 PM,2017,05,11,15,35.1,99,Moderate,32.0,UG/M3,1 Hr,Valid
Hyderabad,PM2.5 - Principal,2017-05-11 04:00 PM,2017,05,11,16,35.1,99,Moderate,-999.0,UG/M3,1 Hr,Missing
Hyderabad,PM2.5 - Principal,2017-05-11 05:00 PM,2017,05,11,17,35.0,99,Moderate,35.0,UG/M3,1 Hr,Valid
Hyderabad,PM2.5 - Principal,2017-05-11 06:00 PM,2017,05,11,18,37.4,106,Unhealthy for Sensitive Groups,40.0,UG/M3,1 Hr,Valid
Hyderabad,PM2.5 - Principal,2017-05-11 07:00 PM,2017,05,11,19,37.6,106,Unhealthy for Sensitive Groups,38.0,UG/M3,1 Hr,Valid
Hyderabad,PM2.5 - Principal,2017-05-11 08:00 PM,2017,05,11,20,39.0,110,Unhealthy for Sensitive Groups,41.0,UG/M3,1 Hr,Valid
Hyderabad,PM2.5 - Principal,2017-05-11 09:00 PM,2017,05,11,21,47.2,130,Unhealthy for Sensitive Groups,56.0,UG/M3,1 Hr,Valid
Hyderabad,PM2.5 - Principal,2017-05-11 10:00 PM,2017,05,11,22,58.0,152,Unhealthy,68.0,UG/M3,1 Hr,Valid
Hyderabad,PM2.5 - Principal,2017-05-11 11:00 PM,2017,05,11,23,59.5,153,Unhealthy,61.0,UG/M3,1 Hr,Valid
Hyderabad,PM2.5 - Principal,2017-05-12 12:00 AM,2017,05,12,00,55.2,150,Unhealthy for Sensitive Groups,51.0,UG/M3,1 Hr,Valid
Hyderabad,PM2.5 - Principal,2017-05-12 01:00 AM,2017,05,12,01,57.1,152,Unhealthy,59.0,UG/M3,1 Hr,Valid
Hyderabad,PM2.5 - Principal,2017-05-12 02:00 AM,2017,05,12,02,48.5,133,Unhealthy for Sensitive Groups,40.0,UG/M3,1 Hr,Valid
Hyderabad,PM2.5 - Principal,2017-05-12 03:00 AM,2017,05,12,03,39.2,110,Unhealthy for Sensitive Groups,30.0,UG/M3,1 Hr,Valid
Hyderabad,PM2.5 - Principal,2017-05-12 04:00 AM,2017,05,12,04,35.1,99,Moderate,31.0,UG/M3,1 Hr,Valid
Hyderabad,PM2.5 - Principal,2017-05-12 05:00 AM,2017,05,12,05,33.5,96,Moderate,32.0,UG/M3,1 Hr,Valid
Hyderabad,PM2.5 - Principal,2017-05-12 06:00 AM,2017,05,12,06,36.2,103,Unhealthy for Sensitive Groups,39.0,UG/M3,1 Hr,Valid
Hyderabad,PM2.5 - Principal,2017-05-12 07:00 AM,2017,05,12,07,39.1,110,Unhealthy for Sensitive Groups,42.0,UG/M3,1 Hr,Valid
Hyderabad,PM2.5 - Principal,2017-05-12 08:00 AM,2017,05,12,08,40.0,112,Unhealthy for Sensitive Groups,41.0,UG/M3,1 Hr,Valid
Hyderabad,PM2.5 - Principal,2017-05-12 09:00 AM,2017,05,12,09,43.5,121,Unhealthy for Sensitive Groups,47.0,UG/M3,1 Hr,Valid
Hyderabad,PM2.5 - Principal,2017-05-12 10:00 AM,2017,05,12,10,41.7,116,Unhealthy for Sensitive Groups,40.0,UG/M3,1 Hr,Valid
Hyderabad,PM2.5 - Principal,2017-05-12 11:00 AM,2017,05,12,11,39.9,112,Unhealthy for Sensitive Groups,38.0,UG/M3,1 Hr,Valid
Hyderabad,PM2.5 - Principal,2017-05-12 12:00 PM,2017,05,12,12,39.9,112,Unhealthy for Sensitive Groups,-999.0,UG/M3,1 Hr,Missing
Hyderabad,PM2.5 - Principal,2017-05-12 01:00 PM,2017,05,12,13,34.4,98,Moderate,29.0,UG/M3,1 Hr,Valid
Hyderabad,PM2.5 - Principal,2017-05-12 02:00 PM,2017,05,12,14,36.5,103,Unhealthy for Sensitive Groups,39.0,UG/M3,1 Hr,Valid
Hyderabad,PM2.5 - Principal,2017-05-12 03:00 PM,2017,05,12,15,35.0,99,Moderate,33.0,UG/M3,1 Hr,Valid
Hyderabad,PM2.5 - Principal,2017-05-12 04:00 PM,2017,05,12,16,34.2,97,Moderate,33.0,UG/M3,1 Hr,Valid
Hyderabad,PM2.5 - Principal,2017-05-12 05:00 PM,2017,05,12,17,32.9,95,Moderate,31.0,UG/M3,1 Hr,Valid
Hyderabad,PM2.5 - Principal,2017-05-12 06:00 PM,2017,05,12,18,36.0,102,Unhealthy for Sensitive Groups,41.0,UG/M3,1 Hr,Valid
Hyderabad,PM2.5 - Principal,2017-05-12 07:00 PM,2017,05,12,19,39.9,112,Unhealthy for Sensitive Groups,46.0,UG/M3,1 Hr,Valid
Hyderabad,PM2.5 - Principal,2017-05-12 08:00 PM,2017,05,12,20,50.2,137,Unhealthy for Sensitive Groups,59.0,UG/M3,1 Hr,Valid
Hyderabad,PM2.5 - Principal,2017-05-12 09:00 PM,2017,05,12,21,50.1,137,Unhealthy for Sensitive Groups,50.0,UG/M3,1 Hr,Valid
Hyderabad,PM2.5 - Principal,2017-05-12 10:00 PM,2017,05,12,22,54.0,147,Unhealthy for Sensitive Groups,58.0,UG/M3,1 Hr,Valid
Hyderabad,PM2.5 - Principal,2017-05-12 11:00 PM,2017,05,12,23,59.0,153,Unhealthy,64.0,UG/M3,1 Hr,Valid
Hyderabad,PM2.5 - Principal,2017-05-13 12:00 AM,2017,05,13,00,57.0,152,Unhealthy,55.0,UG/M3,1 Hr,Valid
Hyderabad,PM2.5 - Principal,2017-05-13 01:00 AM,2017,05,13,01,54.0,147,Unhealthy for Sensitive Groups,51.0,UG/M3,1 Hr,Valid
Hyderabad,PM2.5 - Principal,2017-05-13 02:00 AM,2017,05,13,02,48.0,132,Unhealthy for Sensitive Groups,42.0,UG/M3,1 Hr,Valid
Hyderabad,PM2.5 - Principal,2017-05-13 03:00 AM,2017,05,13,03,38.5,108,Unhealthy for Sensitive Groups,29.0,UG/M3,1 Hr,Valid
Hyderabad,PM2.5 - Principal,2017-05-13 04:00 AM,2017,05,13,04,34.2,97,Moderate,30.0,UG/M3,1 Hr,Valid
Hyderabad,PM2.5 - Principal,2017-05-13 05:00 AM,2017,05,13,05,32.1,93,Moderate,30.0,UG/M3,1 Hr,Valid
Hyderabad,PM2.5 - Principal,2017-05-13 06:00 AM,2017,05,13,06,32.5,94,Moderate,33.0,UG/M3,1 Hr,Valid
Hyderabad,PM2.5 - Principal,2017-05-13 07:00 AM,2017,05,13,07,37.2,105,Unhealthy for Sensitive Groups,42.0,UG/M3,1 Hr,Valid
Hyderabad,PM2.5 - Principal,2017-05-13 08:00 AM,2017,05,13,08,43.6,121,Unhealthy for Sensitive Groups,50.0,UG/M3,1 Hr,Valid
Hyderabad,PM2.5 - Principal,2017-05-13 09:00 AM,2017,05,13,09,49.3,135,Unhealthy for Sensitive Groups,55.0,UG/M3,1 Hr,Valid
Hyderabad,PM2.5 - Principal,2017-05-13 10:00 AM,2017,05,13,10,52.1,142,Unhealthy for Sensitive Groups,55.0,UG/M3,1 Hr,Valid
Hyderabad,PM2.5 - Principal,2017-05-13 11:00 AM,2017,05,13,11,56.0,151,Unhealthy,60.0,UG/M3,1 Hr,Valid
Hyderabad,PM2.5 - Principal,2017-05-13 12:00 PM,2017,05,13,12,60.0,153,Unhealthy,64.0,UG/M3,1 Hr,Valid
Hyderabad,PM2.5 - Principal,2017-05-13 01:00 PM,2017,05,13,13,52.0,142,Unhealthy for Sensitive Groups,44.0,UG/M3,1 Hr,Valid
Hyderabad,PM2.5 - Principal,2017-05-13 02:00 PM,2017,05,13,14,45.5,126,Unhealthy for Sensitive Groups,39.0,UG/M3,1 Hr,Valid
Hyderabad,PM2.5 - Principal,2017-05-13 03:00 PM,2017,05,13,15,42.2,117,Unhealthy for Sensitive Groups,39.0,UG/M3,1 Hr,Valid
Hyderabad,PM2.5 - Principal,2017-05-13 04:00 PM,2017,05,13,16,42.1,117,Unhealthy for Sensitive Groups,42.0,UG/M3,1 Hr,Valid
Hyderabad,PM2.5 - Principal,2017-05-13 05:00 PM,2017,05,13,17,39.2,110,Unhealthy for Sensitive Groups,36.0,UG/M3,1 Hr,Valid
Hyderabad,PM2.5 - Principal,2017-05-13 06:00 PM,2017,05,13,18,41.1,115,Unhealthy for Sensitive Groups,43.0,UG/M3,1 Hr,Valid
Hyderabad,PM2.5 - Principal,2017-05-13 07:00 PM,2017,05,13,19,47.2,130,Unhealthy for Sensitive Groups,55.0,UG/M3,1 Hr,Valid
Hyderabad,PM2.5 - Principal,2017-05-13 08:00 PM,2017,05,13,20,48.8,134,Unhealthy for Sensitive Groups,51.0,UG/M3,1 Hr,Valid
Hyderabad,PM2.5 - Principal,2017-05-13 09:00 PM,2017,05,13,21,56.1,151,Unhealthy,65.0,UG/M3,1 Hr,Valid
Hyderabad,PM2.5 - Principal,2017-05-13 10:00 PM,2017,05,13,22,58.7,153,Unhealthy,62.0,UG/M3,1 Hr,Valid
Hyderabad,PM2.5 - Principal,2017-05-13 11:00 PM,2017,05,13,23,64.5,156,Unhealthy,70.0,UG/M3,1 Hr,Valid
Hyderabad,PM2.5 - Principal,2017-05-14 12:00 AM,2017,05,14,00,64.7,156,Unhealthy,65.0,UG/M3,1 Hr,Valid
Hyderabad,PM2.5 - Principal,2017-05-14 01:00 AM,2017,05,14,01,60.9,154,Unhealthy,57.0,UG/M3,1 Hr,Valid
Hyderabad,PM2.5 - Principal,2017-05-14 02:00 AM,2017,05,14,02,54.2,147,Unhealthy for Sensitive Groups,47.0,UG/M3,1 Hr,Valid
Hyderabad,PM2.5 - Principal,2017-05-14 03:00 AM,2017,05,14,03,46.8,129,Unhealthy for Sensitive Groups,39.0,UG/M3,1 Hr,Valid
Hyderabad,PM2.5 - Principal,2017-05-14 04:00 AM,2017,05,14,04,47.3,130,Unhealthy for Sensitive Groups,48.0,UG/M3,1 Hr,Valid
Hyderabad,PM2.5 - Principal,2017-05-14 05:00 AM,2017,05,14,05,39.6,111,Unhealthy for Sensitive Groups,32.0,UG/M3,1 Hr,Valid
Hyderabad,PM2.5 - Principal,2017-05-14 06:00 AM,2017,05,14,06,39.3,110,Unhealthy for Sensitive Groups,39.0,UG/M3,1 Hr,Valid
Hyderabad,PM2.5 - Principal,2017-05-14 07:00 AM,2017,05,14,07,46.6,128,Unhealthy for Sensitive Groups,54.0,UG/M3,1 Hr,Valid
Hyderabad,PM2.5 - Principal,2017-05-14 08:00 AM,2017,05,14,08,53.8,146,Unhealthy for Sensitive Groups,61.0,UG/M3,1 Hr,Valid
Hyderabad,PM2.5 - Principal,2017-05-14 09:00 AM,2017,05,14,09,50.9,139,Unhealthy for Sensitive Groups,48.0,UG/M3,1 Hr,Valid
Hyderabad,PM2.5 - Principal,2017-05-14 10:00 AM,2017,05,14,10,47.4,130,Unhealthy for Sensitive Groups,44.0,UG/M3,1 Hr,Valid
Hyderabad,PM2.5 - Principal,2017-05-14 11:00 AM,2017,05,14,11,43.7,121,Unhealthy for Sensitive Groups,40.0,UG/M3,1 Hr,Valid
Hyderabad,PM2.5 - Principal,2017-05-14 12:00 PM,2017,05,14,12,41.5,116,Unhealthy for Sensitive Groups,39.0,UG/M3,1 Hr,Valid
Hyderabad,PM2.5 - Principal,2017-05-14 01:00 PM,2017,05,14,13,37.9,107,Unhealthy for Sensitive Groups,34.0,UG/M3,1 Hr,Valid
Hyderabad,PM2.5 - Principal,2017-05-14 02:00 PM,2017,05,14,14,38.9,109,Unhealthy for Sensitive Groups,40.0,UG/M3,1 Hr,Valid
Hyderabad,PM2.5 - Principal,2017-05-14 03:00 PM,2017,05,14,15,40.3,113,Unhealthy for Sensitive Groups,42.0,UG/M3,1 Hr,Valid
Hyderabad,PM2.5 - Principal,2017-05-14 04:00 PM,2017,05,14,16,37.8,107,Unhealthy for Sensitive Groups,35.0,UG/M3,1 Hr,Valid
Hyderabad,PM2.5 - Principal,2017-05-14 05:00 PM,2017,05,14,17,39.3,110,Unhealthy for Sensitive Groups,41.0,UG/M3,1 Hr,Valid
Hyderabad,PM2.5 - Principal,2017-05-14 06:00 PM,2017,05,14,18,42.7,119,Unhealthy for Sensitive Groups,47.0,UG/M3,1 Hr,Valid
Hyderabad,PM2.5 - Principal,2017-05-14 07:00 PM,2017,05,14,19,48.6,133,Unhealthy for Sensitive Groups,56.0,UG/M3,1 Hr,Valid
Hyderabad,PM2.5 - Principal,2017-05-14 08:00 PM,2017,05,14,20,55.3,150,Unhealthy for Sensitive Groups,63.0,UG/M3,1 Hr,Valid
Hyderabad,PM2.5 - Principal,2017-05-14 09:00 PM,2017,05,14,21,55.6,151,Unhealthy,56.0,UG/M3,1 Hr,Valid
Hyderabad,PM2.5 - Principal,2017-05-14 10:00 PM,2017,05,14,22,57.6,152,Unhealthy,60.0,UG/M3,1 Hr,Valid
Hyderabad,PM2.5 - Principal,2017-05-14 11:00 PM,2017,05,14,23,54.1,147,Unhealthy for Sensitive Groups,50.0,UG/M3,1 Hr,Valid
Hyderabad,PM2.5 - Principal,2017-05-15 12:00 AM,2017,05,15,00,46.7,129,Unhealthy for Sensitive Groups,38.0,UG/M3,1 Hr,Valid
Hyderabad,PM2.5 - Principal,2017-05-15 01:00 AM,2017,05,15,01,42.9,119,Unhealthy for Sensitive Groups,38.0,UG/M3,1 Hr,Valid
Hyderabad,PM2.5 - Principal,2017-05-15 02:00 AM,2017,05,15,02,36.0,102,Unhealthy for Sensitive Groups,30.0,UG/M3,1 Hr,Valid
Hyderabad,PM2.5 - Principal,2017-05-15 03:00 AM,2017,05,15,03,30.4,89,Moderate,25.0,UG/M3,1 Hr,Valid
Hyderabad,PM2.5 - Principal,2017-05-15 04:00 AM,2017,05,15,04,27.7,84,Moderate,25.0,UG/M3,1 Hr,Valid
Hyderabad,PM2.5 - Principal,2017-05-15 05:00 AM,2017,05,15,05,27.3,83,Moderate,27.0,UG/M3,1 Hr,Valid
Hyderabad,PM2.5 - Principal,2017-05-15 06:00 AM,2017,05,15,06,34.1,97,Moderate,41.0,UG/M3,1 Hr,Valid
Hyderabad,PM2.5 - Principal,2017-05-15 07:00 AM,2017,05,15,07,36.0,102,Unhealthy for Sensitive Groups,38.0,UG/M3,1 Hr,Valid
Hyderabad,PM2.5 - Principal,2017-05-15 08:00 AM,2017,05,15,08,39.5,111,Unhealthy for Sensitive Groups,43.0,UG/M3,1 Hr,Valid
Hyderabad,PM2.5 - Principal,2017-05-15 09:00 AM,2017,05,15,09,43.7,121,Unhealthy for Sensitive Groups,48.0,UG/M3,1 Hr,Valid
Hyderabad,PM2.5 - Principal,2017-05-15 10:00 AM,2017,05,15,10,42.8,119,Unhealthy for Sensitive Groups,42.0,UG/M3,1 Hr,Valid
Hyderabad,PM2.5 - Principal,2017-05-15 11:00 AM,2017,05,15,11,43.8,121,Unhealthy for Sensitive Groups,45.0,UG/M3,1 Hr,Valid
Hyderabad,PM2.5 - Principal,2017-05-15 12:00 PM,2017,05,15,12,47.9,132,Unhealthy for Sensitive Groups,52.0,UG/M3,1 Hr,Valid
Hyderabad,PM2.5 - Principal,2017-05-15 01:00 PM,2017,05,15,13,47.4,130,Unhealthy for Sensitive Groups,47.0,UG/M3,1 Hr,Valid
Hyderabad,PM2.5 - Principal,2017-05-15 02:00 PM,2017,05,15,14,44.2,122,Unhealthy for Sensitive Groups,41.0,UG/M3,1 Hr,Valid
Hyderabad,PM2.5 - Principal,2017-05-15 03:00 PM,2017,05,15,15,44.6,123,Unhealthy for Sensitive Groups,45.0,UG/M3,1 Hr,Valid
Hyderabad,PM2.5 - Principal,2017-05-15 04:00 PM,2017,05,15,16,43.3,120,Unhealthy for Sensitive Groups,42.0,UG/M3,1 Hr,Valid
Hyderabad,PM2.5 - Principal,2017-05-15 05:00 PM,2017,05,15,17,45.1,125,Unhealthy for Sensitive Groups,48.0,UG/M3,1 Hr,Valid
Hyderabad,PM2.5 - Principal,2017-05-15 06:00 PM,2017,05,15,18,44.8,124,Unhealthy for Sensitive Groups,44.0,UG/M3,1 Hr,Valid
Hyderabad,PM2.5 - Principal,2017-05-15 07:00 PM,2017,05,15,19,46.1,127,Unhealthy for Sensitive Groups,50.0,UG/M3,1 Hr,Valid
Hyderabad,PM2.5 - Principal,2017-05-15 08:00 PM,2017,05,15,20,49.8,136,Unhealthy for Sensitive Groups,58.0,UG/M3,1 Hr,Valid
Hyderabad,PM2.5 - Principal,2017-05-15 09:00 PM,2017,05,15,21,58.5,153,Unhealthy,69.0,UG/M3,1 Hr,Valid
Hyderabad,PM2.5 - Principal,2017-05-15 10:00 PM,2017,05,15,22,68.0,157,Unhealthy,77.0,UG/M3,1 Hr,Valid
Hyderabad,PM2.5 - Principal,2017-05-15 11:00 PM,2017,05,15,23,62.3,155,Unhealthy,56.0,UG/M3,1 Hr,Valid
Hyderabad,PM2.5 - Principal,2017-05-16 12:00 AM,2017,05,16,00,61.7,154,Unhealthy,61.0,UG/M3,1 Hr,Valid
Hyderabad,PM2.5 - Principal,2017-05-16 01:00 AM,2017,05,16,01,61.4,154,Unhealthy,61.0,UG/M3,1 Hr,Valid
Hyderabad,PM2.5 - Principal,2017-05-16 02:00 AM,2017,05,16,02,54.8,149,Unhealthy for Sensitive Groups,47.0,UG/M3,1 Hr,Valid
Hyderabad,PM2.5 - Principal,2017-05-16 03:00 AM,2017,05,16,03,48.2,132,Unhealthy for Sensitive Groups,41.0,UG/M3,1 Hr,Valid
Hyderabad,PM2.5 - Principal,2017-05-16 04:00 AM,2017,05,16,04,44.1,122,Unhealthy for Sensitive Groups,40.0,UG/M3,1 Hr,Valid
Hyderabad,PM2.5 - Principal,2017-05-16 05:00 AM,2017,05,16,05,43.5,121,Unhealthy for Sensitive Groups,43.0,UG/M3,1 Hr,Valid
Hyderabad,PM2.5 - Principal,2017-05-16 06:00 AM,2017,05,16,06,46.1,127,Unhealthy for Sensitive Groups,49.0,UG/M3,1 Hr,Valid
Hyderabad,PM2.5 - Principal,2017-05-16 07:00 AM,2017,05,16,07,44.1,122,Unhealthy for Sensitive Groups,42.0,UG/M3,1 Hr,Valid
Hyderabad,PM2.5 - Principal,2017-05-16 08:00 AM,2017,05,16,08,46.4,128,Unhealthy for Sensitive Groups,49.0,UG/M3,1 Hr,Valid
Hyderabad,PM2.5 - Principal,2017-05-16 09:00 AM,2017,05,16,09,49.1,134,Unhealthy for Sensitive Groups,52.0,UG/M3,1 Hr,Valid
Hyderabad,PM2.5 - Principal,2017-05-16 10:00 AM,2017,05,16,10,47.1,130,Unhealthy for Sensitive Groups,45.0,UG/M3,1 Hr,Valid
Hyderabad,PM2.5 - Principal,2017-05-16 11:00 AM,2017,05,16,11,46.3,128,Unhealthy for Sensitive Groups,45.0,UG/M3,1 Hr,Valid
Hyderabad,PM2.5 - Principal,2017-05-16 12:00 PM,2017,05,16,12,41.4,116,Unhealthy for Sensitive Groups,35.0,UG/M3,1 Hr,Valid
Hyderabad,PM2.5 - Principal,2017-05-16 01:00 PM,2017,05,16,13,41.6,116,Unhealthy for Sensitive Groups,40.0,UG/M3,1 Hr,Valid
Hyderabad,PM2.5 - Principal,2017-05-16 02:00 PM,2017,05,16,14,41.1,115,Unhealthy for Sensitive Groups,40.0,UG/M3,1 Hr,Valid
Hyderabad,PM2.5 - Principal,2017-05-16 03:00 PM,2017,05,16,15,39.7,111,Unhealthy for Sensitive Groups,37.0,UG/M3,1 Hr,Valid
Hyderabad,PM2.5 - Principal,2017-05-16 04:00 PM,2017,05,16,16,41.4,116,Unhealthy for Sensitive Groups,45.0,UG/M3,1 Hr,Valid
Hyderabad,PM2.5 - Principal,2017-05-16 05:00 PM,2017,05,16,17,42.3,118,Unhealthy for Sensitive Groups,44.0,UG/M3,1 Hr,Valid
Hyderabad,PM2.5 - Principal,2017-05-16 06:00 PM,2017,05,16,18,43.8,121,Unhealthy for Sensitive Groups,47.0,UG/M3,1 Hr,Valid
Hyderabad,PM2.5 - Principal,2017-05-16 07:00 PM,2017,05,16,19,44.5,123,Unhealthy for Sensitive Groups,46.0,UG/M3,1 Hr,Valid
Hyderabad,PM2.5 - Principal,2017-05-16 08:00 PM,2017,05,16,20,52.5,143,Unhealthy for Sensitive Groups,62.0,UG/M3,1 Hr,Valid
Hyderabad,PM2.5 - Principal,2017-05-16 09:00 PM,2017,05,16,21,68.3,158,Unhealthy,83.0,UG/M3,1 Hr,Valid
Hyderabad,PM2.5 - Principal,2017-05-16 10:00 PM,2017,05,16,22,79.1,163,Unhealthy,90.0,UG/M3,1 Hr,Valid
Hyderabad,PM2.5 - Principal,2017-05-16 11:00 PM,2017,05,16,23,79.2,163,Unhealthy,-999.0,UG/M3,1 Hr,Missing
Hyderabad,PM2.5 - Principal,2017-05-17 12:00 AM,2017,05,17,00,79.2,163,Unhealthy,-999.0,UG/M3,1 Hr,Missing
Hyderabad,PM2.5 - Principal,2017-05-17 01:00 AM,2017,05,17,01,79.2,163,Unhealthy,-999.0,UG/M3,1 Hr,Missing
Hyderabad,PM2.5 - Principal,2017-05-17 02:00 AM,2017,05,17,02,79.2,163,Unhealthy,-999.0,UG/M3,1 Hr,Missing
Hyderabad,PM2.5 - Principal,2017-05-17 03:00 AM,2017,05,17,03,-999.0,-999,N/A,-999.0,UG/M3,1 Hr,Missing
Hyderabad,PM2.5 - Principal,2017-05-17 04:00 AM,2017,05,17,04,-999.0,-999,N/A,-999.0,UG/M3,1 Hr,Missing
Hyderabad,PM2.5 - Principal,2017-05-17 05:00 AM,2017,05,17,05,-999.0,-999,N/A,-999.0,UG/M3,1 Hr,Missing
Hyderabad,PM2.5 - Principal,2017-05-17 06:00 AM,2017,05,17,06,-999.0,-999,N/A,-999.0,UG/M3,1 Hr,Missing
Hyderabad,PM2.5 - Principal,2017-05-17 07:00 AM,2017,05,17,07,-999.0,-999,N/A,-999.0,UG/M3,1 Hr,Missing
Hyderabad,PM2.5 - Principal,2017-05-17 08:00 AM,2017,05,17,08,-999.0,-999,N/A,-999.0,UG/M3,1 Hr,Missing
Hyderabad,PM2.5 - Principal,2017-05-17 09:00 AM,2017,05,17,09,-999.0,-999,N/A,-999.0,UG/M3,1 Hr,Missing
Hyderabad,PM2.5 - Principal,2017-05-17 10:00 AM,2017,05,17,10,-999.0,-999,N/A,-999.0,UG/M3,1 Hr,Missing
Hyderabad,PM2.5 - Principal,2017-05-17 11:00 AM,2017,05,17,11,-999.0,-999,N/A,-999.0,UG/M3,1 Hr,Missing
Hyderabad,PM2.5 - Principal,2017-05-17 12:00 PM,2017,05,17,12,-999.0,-999,N/A,-999.0,UG/M3,1 Hr,Missing
Hyderabad,PM2.5 - Principal,2017-05-17 01:00 PM,2017,05,17,13,-999.0,-999,N/A,-999.0,UG/M3,1 Hr,Missing
Hyderabad,PM2.5 - Principal,2017-05-17 02:00 PM,2017,05,17,14,-999.0,-999,N/A,39.0,UG/M3,1 Hr,Valid
Hyderabad,PM2.5 - Principal,2017-05-17 03:00 PM,2017,05,17,15,-999.0,-999,N/A,-999.0,UG/M3,1 Hr,Missing
Hyderabad,PM2.5 - Principal,2017-05-17 04:00 PM,2017,05,17,16,-999.0,-999,N/A,-999.0,UG/M3,1 Hr,Missing
Hyderabad,PM2.5 - Principal,2017-05-17 05:00 PM,2017,05,17,17,-999.0,-999,N/A,-999.0,UG/M3,1 Hr,Missing
Hyderabad,PM2.5 - Principal,2017-05-17 06:00 PM,2017,05,17,18,-999.0,-999,N/A,-999.0,UG/M3,1 Hr,Missing
Hyderabad,PM2.5 - Principal,2017-05-17 07:00 PM,2017,05,17,19,-999.0,-999,N/A,44.0,UG/M3,1 Hr,Valid
Hyderabad,PM2.5 - Principal,2017-05-17 08:00 PM,2017,05,17,20,45.2,125,Unhealthy for Sensitive Groups,48.0,UG/M3,1 Hr,Valid
Hyderabad,PM2.5 - Principal,2017-05-17 09:00 PM,2017,05,17,21,50.3,137,Unhealthy for Sensitive Groups,56.0,UG/M3,1 Hr,Valid
Hyderabad,PM2.5 - Principal,2017-05-17 10:00 PM,2017,05,17,22,55.7,151,Unhealthy,62.0,UG/M3,1 Hr,Valid
Hyderabad,PM2.5 - Principal,2017-05-17 11:00 PM,2017,05,17,23,69.0,158,Unhealthy,80.0,UG/M3,1 Hr,Valid
Hyderabad,PM2.5 - Principal,2017-05-18 12:00 AM,2017,05,18,00,82.7,165,Unhealthy,96.0,UG/M3,1 Hr,Valid
Hyderabad,PM2.5 - Principal,2017-05-18 01:00 AM,2017,05,18,01,74.7,161,Unhealthy,67.0,UG/M3,1 Hr,Valid
Hyderabad,PM2.5 - Principal,2017-05-18 02:00 AM,2017,05,18,02,66.3,157,Unhealthy,58.0,UG/M3,1 Hr,Valid
Hyderabad,PM2.5 - Principal,2017-05-18 03:00 AM,2017,05,18,03,61.6,154,Unhealthy,57.0,UG/M3,1 Hr,Valid
Hyderabad,PM2.5 - Principal,2017-05-18 04:00 AM,2017,05,18,04,58.3,152,Unhealthy,55.0,UG/M3,1 Hr,Valid
Hyderabad,PM2.5 - Principal,2017-05-18 05:00 AM,2017,05,18,05,56.1,151,Unhealthy,54.0,UG/M3,1 Hr,Valid
Hyderabad,PM2.5 - Principal,2017-05-18 06:00 AM,2017,05,18,06,58.0,152,Unhealthy,60.0,UG/M3,1 Hr,Valid
Hyderabad,PM2.5 - Principal,2017-05-18 07:00 AM,2017,05,18,07,57.5,152,Unhealthy,57.0,UG/M3,1 Hr,Valid
Hyderabad,PM2.5 - Principal,2017-05-18 08:00 AM,2017,05,18,08,59.1,153,Unhealthy,61.0,UG/M3,1 Hr,Valid
Hyderabad,PM2.5 - Principal,2017-05-18 09:00 AM,2017,05,18,09,52.1,142,Unhealthy for Sensitive Groups,45.0,UG/M3,1 Hr,Valid
Hyderabad,PM2.5 - Principal,2017-05-18 10:00 AM,2017,05,18,10,51.0,139,Unhealthy for Sensitive Groups,50.0,UG/M3,1 Hr,Valid
Hyderabad,PM2.5 - Principal,2017-05-18 11:00 AM,2017,05,18,11,50.0,137,Unhealthy for Sensitive Groups,49.0,UG/M3,1 Hr,Valid
Hyderabad,PM2.5 - Principal,2017-05-18 12:00 PM,2017,05,18,12,50.6,138,Unhealthy for Sensitive Groups,49.0,UG/M3,1 Hr,Valid
Hyderabad,PM2.5 - Principal,2017-05-18 01:00 PM,2017,05,18,13,50.3,137,Unhealthy for Sensitive Groups,48.0,UG/M3,1 Hr,Valid
Hyderabad,PM2.5 - Principal,2017-05-18 02:00 PM,2017,05,18,14,47.8,131,Unhealthy for Sensitive Groups,43.0,UG/M3,1 Hr,Valid
Hyderabad,PM2.5 - Principal,2017-05-18 03:00 PM,2017,05,18,15,43.5,121,Unhealthy for Sensitive Groups,38.0,UG/M3,1 Hr,Valid
Hyderabad,PM2.5 - Principal,2017-05-18 04:00 PM,2017,05,18,16,43.7,121,Unhealthy for Sensitive Groups,44.0,UG/M3,1 Hr,Valid
Hyderabad,PM2.5 - Principal,2017-05-18 05:00 PM,2017,05,18,17,41.9,117,Unhealthy for Sensitive Groups,39.0,UG/M3,1 Hr,Valid
Hyderabad,PM2.5 - Principal,2017-05-18 06:00 PM,2017,05,18,18,44.5,123,Unhealthy for Sensitive Groups,49.0,UG/M3,1 Hr,Valid
Hyderabad,PM2.5 - Principal,2017-05-18 07:00 PM,2017,05,18,19,46.2,127,Unhealthy for Sensitive Groups,49.0,UG/M3,1 Hr,Valid
Hyderabad,PM2.5 - Principal,2017-05-18 08:00 PM,2017,05,18,20,51.7,141,Unhealthy for Sensitive Groups,61.0,UG/M3,1 Hr,Valid
Hyderabad,PM2.5 - Principal,2017-05-18 09:00 PM,2017,05,18,21,75.5,161,Unhealthy,97.0,UG/M3,1 Hr,Valid
Hyderabad,PM2.5 - Principal,2017-05-18 10:00 PM,2017,05,18,22,85.7,167,Unhealthy,96.0,UG/M3,1 Hr,Valid
Hyderabad,PM2.5 - Principal,2017-05-18 11:00 PM,2017,05,18,23,95.3,172,Unhealthy,105.0,UG/M3,1 Hr,Valid
Hyderabad,PM2.5 - Principal,2017-05-19 12:00 AM,2017,05,19,00,129.7,189,Unhealthy,164.0,UG/M3,1 Hr,Valid
Hyderabad,PM2.5 - Principal,2017-05-19 01:00 AM,2017,05,19,01,162.8,213,Very Unhealthy,196.0,UG/M3,1 Hr,Valid
Hyderabad,PM2.5 - Principal,2017-05-19 02:00 AM,2017,05,19,02,179.4,230,Very Unhealthy,196.0,UG/M3,1 Hr,Valid
Hyderabad,PM2.5 - Principal,2017-05-19 03:00 AM,2017,05,19,03,172.2,223,Very Unhealthy,165.0,UG/M3,1 Hr,Valid
Hyderabad,PM2.5 - Principal,2017-05-19 04:00 AM,2017,05,19,04,143.1,196,Unhealthy,114.0,UG/M3,1 Hr,Valid
Hyderabad,PM2.5 - Principal,2017-05-19 05:00 AM,2017,05,19,05,115.0,182,Unhealthy,87.0,UG/M3,1 Hr,Valid
Hyderabad,PM2.5 - Principal,2017-05-19 06:00 AM,2017,05,19,06,87.0,167,Unhealthy,59.0,UG/M3,1 Hr,Valid
Hyderabad,PM2.5 - Principal,2017-05-19 07:00 AM,2017,05,19,07,71.0,159,Unhealthy,55.0,UG/M3,1 Hr,Valid
Hyderabad,PM2.5 - Principal,2017-05-19 08:00 AM,2017,05,19,08,59.5,153,Unhealthy,48.0,UG/M3,1 Hr,Valid
Hyderabad,PM2.5 - Principal,2017-05-19 09:00 AM,2017,05,19,09,59.2,153,Unhealthy,59.0,UG/M3,1 Hr,Valid
Hyderabad,PM2.5 - Principal,2017-05-19 10:00 AM,2017,05,19,10,52.6,143,Unhealthy for Sensitive Groups,46.0,UG/M3,1 Hr,Valid
Hyderabad,PM2.5 - Principal,2017-05-19 11:00 AM,2017,05,19,11,51.8,141,Unhealthy for Sensitive Groups,51.0,UG/M3,1 Hr,Valid
Hyderabad,PM2.5 - Principal,2017-05-19 12:00 PM,2017,05,19,12,50.3,137,Unhealthy for Sensitive Groups,49.0,UG/M3,1 Hr,Valid
Hyderabad,PM2.5 - Principal,2017-05-19 01:00 PM,2017,05,19,13,46.1,127,Unhealthy for Sensitive Groups,42.0,UG/M3,1 Hr,Valid
Hyderabad,PM2.5 - Principal,2017-05-19 02:00 PM,2017,05,19,14,43.0,119,Unhealthy for Sensitive Groups,40.0,UG/M3,1 Hr,Valid
Hyderabad,PM2.5 - Principal,2017-05-19 03:00 PM,2017,05,19,15,41.0,115,Unhealthy for Sensitive Groups,39.0,UG/M3,1 Hr,Valid
Hyderabad,PM2.5 - Principal,2017-05-19 04:00 PM,2017,05,19,16,40.0,112,Unhealthy for Sensitive Groups,39.0,UG/M3,1 Hr,Valid
Hyderabad,PM2.5 - Principal,2017-05-19 05:00 PM,2017,05,19,17,42.3,118,Unhealthy for Sensitive Groups,44.0,UG/M3,1 Hr,Valid
Hyderabad,PM2.5 - Principal,2017-05-19 06:00 PM,2017,05,19,18,41.1,115,Unhealthy for Sensitive Groups,39.0,UG/M3,1 Hr,Valid
Hyderabad,PM2.5 - Principal,2017-05-19 07:00 PM,2017,05,19,19,42.4,118,Unhealthy for Sensitive Groups,45.0,UG/M3,1 Hr,Valid
Hyderabad,PM2.5 - Principal,2017-05-19 08:00 PM,2017,05,19,20,49.7,136,Unhealthy for Sensitive Groups,62.0,UG/M3,1 Hr,Valid
Hyderabad,PM2.5 - Principal,2017-05-19 09:00 PM,2017,05,19,21,60.9,154,Unhealthy,72.0,UG/M3,1 Hr,Valid
Hyderabad,PM2.5 - Principal,2017-05-19 10:00 PM,2017,05,19,22,79.6,163,Unhealthy,97.0,UG/M3,1 Hr,Valid
Hyderabad,PM2.5 - Principal,2017-05-19 11:00 PM,2017,05,19,23,96.3,172,Unhealthy,113.0,UG/M3,1 Hr,Valid
Hyderabad,PM2.5 - Principal,2017-05-20 12:00 AM,2017,05,20,00,100.6,174,Unhealthy,105.0,UG/M3,1 Hr,Valid
Hyderabad,PM2.5 - Principal,2017-05-20 01:00 AM,2017,05,20,01,68.8,158,Unhealthy,37.0,UG/M3,1 Hr,Valid
Hyderabad,PM2.5 - Principal,2017-05-20 02:00 AM,2017,05,20,02,53.4,145,Unhealthy for Sensitive Groups,38.0,UG/M3,1 Hr,Valid
Hyderabad,PM2.5 - Principal,2017-05-20 03:00 AM,2017,05,20,03,50.2,137,Unhealthy for Sensitive Groups,47.0,UG/M3,1 Hr,Valid
Hyderabad,PM2.5 - Principal,2017-05-20 04:00 AM,2017,05,20,04,47.1,130,Unhealthy for Sensitive Groups,44.0,UG/M3,1 Hr,Valid
Hyderabad,PM2.5 - Principal,2017-05-20 05:00 AM,2017,05,20,05,47.0,129,Unhealthy for Sensitive Groups,47.0,UG/M3,1 Hr,Valid
Hyderabad,PM2.5 - Principal,2017-05-20 06:00 AM,2017,05,20,06,44.0,122,Unhealthy for Sensitive Groups,41.0,UG/M3,1 Hr,Valid
Hyderabad,PM2.5 - Principal,2017-05-20 07:00 AM,2017,05,20,07,41.0,115,Unhealthy for Sensitive Groups,38.0,UG/M3,1 Hr,Valid
Hyderabad,PM2.5 - Principal,2017-05-20 08:00 AM,2017,05,20,08,51.0,139,Unhealthy for Sensitive Groups,61.0,UG/M3,1 Hr,Valid
Hyderabad,PM2.5 - Principal,2017-05-20 09:00 AM,2017,05,20,09,52.0,142,Unhealthy for Sensitive Groups,53.0,UG/M3,1 Hr,Valid
Hyderabad,PM2.5 - Principal,2017-05-20 10:00 AM,2017,05,20,10,44.9,124,Unhealthy for Sensitive Groups,38.0,UG/M3,1 Hr,Valid
Hyderabad,PM2.5 - Principal,2017-05-20 11:00 AM,2017,05,20,11,41.9,117,Unhealthy for Sensitive Groups,39.0,UG/M3,1 Hr,Valid
Hyderabad,PM2.5 - Principal,2017-05-20 12:00 PM,2017,05,20,12,42.6,118,Unhealthy for Sensitive Groups,42.0,UG/M3,1 Hr,Valid
Hyderabad,PM2.5 - Principal,2017-05-20 01:00 PM,2017,05,20,13,33.9,97,Moderate,26.0,UG/M3,1 Hr,Valid
Hyderabad,PM2.5 - Principal,2017-05-20 02:00 PM,2017,05,20,14,34.4,98,Moderate,35.0,UG/M3,1 Hr,Valid
Hyderabad,PM2.5 - Principal,2017-05-20 03:00 PM,2017,05,20,15,34.2,97,Moderate,34.0,UG/M3,1 Hr,Valid
Hyderabad,PM2.5 - Principal,2017-05-20 04:00 PM,2017,05,20,16,31.6,92,Moderate,29.0,UG/M3,1 Hr,Valid
Hyderabad,PM2.5 - Principal,2017-05-20 05:00 PM,2017,05,20,17,33.3,96,Moderate,35.0,UG/M3,1 Hr,Valid
Hyderabad,PM2.5 - Principal,2017-05-20 06:00 PM,2017,05,20,18,35.1,99,Moderate,37.0,UG/M3,1 Hr,Valid
Hyderabad,PM2.5 - Principal,2017-05-20 07:00 PM,2017,05,20,19,38.5,108,Unhealthy for Sensitive Groups,42.0,UG/M3,1 Hr,Valid
Hyderabad,PM2.5 - Principal,2017-05-20 08:00 PM,2017,05,20,20,43.2,120,Unhealthy for Sensitive Groups,48.0,UG/M3,1 Hr,Valid
Hyderabad,PM2.5 - Principal,2017-05-20 09:00 PM,2017,05,20,21,58.1,152,Unhealthy,73.0,UG/M3,1 Hr,Valid
Hyderabad,PM2.5 - Principal,2017-05-20 10:00 PM,2017,05,20,22,80.5,164,Unhealthy,103.0,UG/M3,1 Hr,Valid
Hyderabad,PM2.5 - Principal,2017-05-20 11:00 PM,2017,05,20,23,108.3,178,Unhealthy,136.0,UG/M3,1 Hr,Valid
Hyderabad,PM2.5 - Principal,2017-05-21 12:00 AM,2017,05,21,00,126.1,187,Unhealthy,144.0,UG/M3,1 Hr,Valid
Hyderabad,PM2.5 - Principal,2017-05-21 01:00 AM,2017,05,21,01,106.0,177,Unhealthy,86.0,UG/M3,1 Hr,Valid
Hyderabad,PM2.5 - Principal,2017-05-21 02:00 AM,2017,05,21,02,82.5,165,Unhealthy,59.0,UG/M3,1 Hr,Valid
Hyderabad,PM2.5 - Principal,2017-05-21 03:00 AM,2017,05,21,03,74.2,161,Unhealthy,66.0,UG/M3,1 Hr,Valid
Hyderabad,PM2.5 - Principal,2017-05-21 04:00 AM,2017,05,21,04,69.6,158,Unhealthy,65.0,UG/M3,1 Hr,Valid
Hyderabad,PM2.5 - Principal,2017-05-21 05:00 AM,2017,05,21,05,67.3,157,Unhealthy,65.0,UG/M3,1 Hr,Valid
Hyderabad,PM2.5 - Principal,2017-05-21 06:00 AM,2017,05,21,06,57.6,152,Unhealthy,48.0,UG/M3,1 Hr,Valid
Hyderabad,PM2.5 - Principal,2017-05-21 07:00 AM,2017,05,21,07,53.8,146,Unhealthy for Sensitive Groups,50.0,UG/M3,1 Hr,Valid
Hyderabad,PM2.5 - Principal,2017-05-21 08:00 AM,2017,05,21,08,59.9,153,Unhealthy,66.0,UG/M3,1 Hr,Valid
Hyderabad,PM2.5 - Principal,2017-05-21 09:00 AM,2017,05,21,09,55.4,150,Unhealthy for Sensitive Groups,51.0,UG/M3,1 Hr,Valid
Hyderabad,PM2.5 - Principal,2017-05-21 10:00 AM,2017,05,21,10,46.7,129,Unhealthy for Sensitive Groups,38.0,UG/M3,1 Hr,Valid
Hyderabad,PM2.5 - Principal,2017-05-21 11:00 AM,2017,05,21,11,38.3,108,Unhealthy for Sensitive Groups,30.0,UG/M3,1 Hr,Valid
Hyderabad,PM2.5 - Principal,2017-05-21 12:00 PM,2017,05,21,12,35.1,99,Moderate,32.0,UG/M3,1 Hr,Valid
Hyderabad,PM2.5 - Principal,2017-05-21 01:00 PM,2017,05,21,13,33.5,96,Moderate,32.0,UG/M3,1 Hr,Valid
Hyderabad,PM2.5 - Principal,2017-05-21 02:00 PM,2017,05,21,14,33.2,95,Moderate,33.0,UG/M3,1 Hr,Valid
Hyderabad,PM2.5 - Principal,2017-05-21 03:00 PM,2017,05,21,15,26.6,81,Moderate,20.0,UG/M3,1 Hr,Valid
Hyderabad,PM2.5 - Principal,2017-05-21 04:00 PM,2017,05,21,16,29.3,87,Moderate,32.0,UG/M3,1 Hr,Valid
Hyderabad,PM2.5 - Principal,2017-05-21 05:00 PM,2017,05,21,17,32.1,93,Moderate,35.0,UG/M3,1 Hr,Valid
Hyderabad,PM2.5 - Principal,2017-05-21 06:00 PM,2017,05,21,18,34.5,98,Moderate,37.0,UG/M3,1 Hr,Valid
Hyderabad,PM2.5 - Principal,2017-05-21 07:00 PM,2017,05,21,19,36.2,103,Unhealthy for Sensitive Groups,38.0,UG/M3,1 Hr,Valid
Hyderabad,PM2.5 - Principal,2017-05-21 08:00 PM,2017,05,21,20,39.6,111,Unhealthy for Sensitive Groups,43.0,UG/M3,1 Hr,Valid
Hyderabad,PM2.5 - Principal,2017-05-21 09:00 PM,2017,05,21,21,48.3,133,Unhealthy for Sensitive Groups,57.0,UG/M3,1 Hr,Valid
Hyderabad,PM2.5 - Principal,2017-05-21 10:00 PM,2017,05,21,22,59.6,153,Unhealthy,71.0,UG/M3,1 Hr,Valid
Hyderabad,PM2.5 - Principal,2017-05-21 11:00 PM,2017,05,21,23,74.8,161,Unhealthy,90.0,UG/M3,1 Hr,Valid
Hyderabad,PM2.5 - Principal,2017-05-22 12:00 AM,2017,05,22,00,63.4,155,Unhealthy,52.0,UG/M3,1 Hr,Valid
Hyderabad,PM2.5 - Principal,2017-05-22 01:00 AM,2017,05,22,01,51.2,140,Unhealthy for Sensitive Groups,39.0,UG/M3,1 Hr,Valid
Hyderabad,PM2.5 - Principal,2017-05-22 02:00 AM,2017,05,22,02,43.1,120,Unhealthy for Sensitive Groups,35.0,UG/M3,1 Hr,Valid
Hyderabad,PM2.5 - Principal,2017-05-22 03:00 AM,2017,05,22,03,39.5,111,Unhealthy for Sensitive Groups,36.0,UG/M3,1 Hr,Valid
Hyderabad,PM2.5 - Principal,2017-05-22 04:00 AM,2017,05,22,04,36.7,104,Unhealthy for Sensitive Groups,34.0,UG/M3,1 Hr,Valid
Hyderabad,PM2.5 - Principal,2017-05-22 05:00 AM,2017,05,22,05,34.8,99,Moderate,33.0,UG/M3,1 Hr,Valid
Hyderabad,PM2.5 - Principal,2017-05-22 06:00 AM,2017,05,22,06,39.4,111,Unhealthy for Sensitive Groups,44.0,UG/M3,1 Hr,Valid
Hyderabad,PM2.5 - Principal,2017-05-22 07:00 AM,2017,05,22,07,45.2,125,Unhealthy for Sensitive Groups,51.0,UG/M3,1 Hr,Valid
Hyderabad,PM2.5 - Principal,2017-05-22 08:00 AM,2017,05,22,08,50.6,138,Unhealthy for Sensitive Groups,56.0,UG/M3,1 Hr,Valid
Hyderabad,PM2.5 - Principal,2017-05-22 09:00 AM,2017,05,22,09,59.8,153,Unhealthy,69.0,UG/M3,1 Hr,Valid
Hyderabad,PM2.5 - Principal,2017-05-22 10:00 AM,2017,05,22,10,64.4,156,Unhealthy,69.0,UG/M3,1 Hr,Valid
Hyderabad,PM2.5 - Principal,2017-05-22 11:00 AM,2017,05,22,11,54.6,148,Unhealthy for Sensitive Groups,45.0,UG/M3,1 Hr,Valid
Hyderabad,PM2.5 - Principal,2017-05-22 12:00 PM,2017,05,22,12,45.8,126,Unhealthy for Sensitive Groups,37.0,UG/M3,1 Hr,Valid
Hyderabad,PM2.5 - Principal,2017-05-22 01:00 PM,2017,05,22,13,42.9,119,Unhealthy for Sensitive Groups,40.0,UG/M3,1 Hr,Valid
Hyderabad,PM2.5 - Principal,2017-05-22 02:00 PM,2017,05,22,14,36.9,104,Unhealthy for Sensitive Groups,31.0,UG/M3,1 Hr,Valid
Hyderabad,PM2.5 - Principal,2017-05-22 03:00 PM,2017,05,22,15,33.4,96,Moderate,30.0,UG/M3,1 Hr,Valid
Hyderabad,PM2.5 - Principal,2017-05-22 04:00 PM,2017,05,22,16,30.2,89,Moderate,27.0,UG/M3,1 Hr,Valid
Hyderabad,PM2.5 - Principal,2017-05-22 05:00 PM,2017,05,22,17,26.6,81,Moderate,23.0,UG/M3,1 Hr,Valid
Hyderabad,PM2.5 - Principal,2017-05-22 06:00 PM,2017,05,22,18,29.8,88,Moderate,33.0,UG/M3,1 Hr,Valid
Hyderabad,PM2.5 - Principal,2017-05-22 07:00 PM,2017,05,22,19,29.9,88,Moderate,30.0,UG/M3,1 Hr,Valid
Hyderabad,PM2.5 - Principal,2017-05-22 08:00 PM,2017,05,22,20,39.9,112,Unhealthy for Sensitive Groups,50.0,UG/M3,1 Hr,Valid
Hyderabad,PM2.5 - Principal,2017-05-22 09:00 PM,2017,05,22,21,59.4,153,Unhealthy,79.0,UG/M3,1 Hr,Valid
Hyderabad,PM2.5 - Principal,2017-05-22 10:00 PM,2017,05,22,22,67.7,157,Unhealthy,76.0,UG/M3,1 Hr,Valid
Hyderabad,PM2.5 - Principal,2017-05-22 11:00 PM,2017,05,22,23,72.3,160,Unhealthy,77.0,UG/M3,1 Hr,Valid
Hyderabad,PM2.5 - Principal,2017-05-23 12:00 AM,2017,05,23,00,64.6,156,Unhealthy,57.0,UG/M3,1 Hr,Valid
Hyderabad,PM2.5 - Principal,2017-05-23 01:00 AM,2017,05,23,01,58.3,152,Unhealthy,52.0,UG/M3,1 Hr,Valid
Hyderabad,PM2.5 - Principal,2017-05-23 02:00 AM,2017,05,23,02,61.1,154,Unhealthy,64.0,UG/M3,1 Hr,Valid
Hyderabad,PM2.5 - Principal,2017-05-23 03:00 AM,2017,05,23,03,61.5,154,Unhealthy,62.0,UG/M3,1 Hr,Valid
Hyderabad,PM2.5 - Principal,2017-05-23 04:00 AM,2017,05,23,04,67.3,157,Unhealthy,73.0,UG/M3,1 Hr,Valid
Hyderabad,PM2.5 - Principal,2017-05-23 05:00 AM,2017,05,23,05,69.6,158,Unhealthy,72.0,UG/M3,1 Hr,Valid
Hyderabad,PM2.5 - Principal,2017-05-23 06:00 AM,2017,05,23,06,65.8,156,Unhealthy,62.0,UG/M3,1 Hr,Valid
Hyderabad,PM2.5 - Principal,2017-05-23 07:00 AM,2017,05,23,07,63.0,155,Unhealthy,58.0,UG/M3,1 Hr,Valid
Hyderabad,PM2.5 - Principal,2017-05-23 08:00 AM,2017,05,23,08,65.9,156,Unhealthy,71.0,UG/M3,1 Hr,Valid
Hyderabad,PM2.5 - Principal,2017-05-23 09:00 AM,2017,05,23,09,68.8,158,Unhealthy,75.0,UG/M3,1 Hr,Valid
Hyderabad,PM2.5 - Principal,2017-05-23 10:00 AM,2017,05,23,10,61.3,154,Unhealthy,48.0,UG/M3,1 Hr,Valid
Hyderabad,PM2.5 - Principal,2017-05-23 11:00 AM,2017,05,23,11,52.2,142,Unhealthy for Sensitive Groups,42.0,UG/M3,1 Hr,Valid
Hyderabad,PM2.5 - Principal,2017-05-23 12:00 PM,2017,05,23,12,49.5,135,Unhealthy for Sensitive Groups,46.0,UG/M3,1 Hr,Valid
Hyderabad,PM2.5 - Principal,2017-05-23 01:00 PM,2017,05,23,13,41.6,116,Unhealthy for Sensitive Groups,35.0,UG/M3,1 Hr,Valid
Hyderabad,PM2.5 - Principal,2017-05-23 02:00 PM,2017,05,23,14,42.8,119,Unhealthy for Sensitive Groups,44.0,UG/M3,1 Hr,Valid
Hyderabad,PM2.5 - Principal,2017-05-23 03:00 PM,2017,05,23,15,41.4,116,Unhealthy for Sensitive Groups,40.0,UG/M3,1 Hr,Valid
Hyderabad,PM2.5 - Principal,2017-05-23 04:00 PM,2017,05,23,16,37.7,106,Unhealthy for Sensitive Groups,34.0,UG/M3,1 Hr,Valid
Hyderabad,PM2.5 - Principal,2017-05-23 05:00 PM,2017,05,23,17,37.3,105,Unhealthy for Sensitive Groups,37.0,UG/M3,1 Hr,Valid
Hyderabad,PM2.5 - Principal,2017-05-23 06:00 PM,2017,05,23,18,40.6,114,Unhealthy for Sensitive Groups,44.0,UG/M3,1 Hr,Valid
Hyderabad,PM2.5 - Principal,2017-05-23 07:00 PM,2017,05,23,19,40.3,113,Unhealthy for Sensitive Groups,40.0,UG/M3,1 Hr,Valid
Hyderabad,PM2.5 - Principal,2017-05-23 08:00 PM,2017,05,23,20,46.6,128,Unhealthy for Sensitive Groups,53.0,UG/M3,1 Hr,Valid
Hyderabad,PM2.5 - Principal,2017-05-23 09:00 PM,2017,05,23,21,61.8,154,Unhealthy,77.0,UG/M3,1 Hr,Valid
Hyderabad,PM2.5 - Principal,2017-05-23 10:00 PM,2017,05,23,22,80.9,164,Unhealthy,100.0,UG/M3,1 Hr,Valid
Hyderabad,PM2.5 - Principal,2017-05-23 11:00 PM,2017,05,23,23,77.4,162,Unhealthy,74.0,UG/M3,1 Hr,Valid
Hyderabad,PM2.5 - Principal,2017-05-24 12:00 AM,2017,05,24,00,78.2,163,Unhealthy,79.0,UG/M3,1 Hr,Valid
Hyderabad,PM2.5 - Principal,2017-05-24 01:00 AM,2017,05,24,01,74.1,161,Unhealthy,70.0,UG/M3,1 Hr,Valid
Hyderabad,PM2.5 - Principal,2017-05-24 02:00 AM,2017,05,24,02,61.5,154,Unhealthy,49.0,UG/M3,1 Hr,Valid
Hyderabad,PM2.5 - Principal,2017-05-24 03:00 AM,2017,05,24,03,52.2,142,Unhealthy for Sensitive Groups,43.0,UG/M3,1 Hr,Valid
Hyderabad,PM2.5 - Principal,2017-05-24 04:00 AM,2017,05,24,04,50.6,138,Unhealthy for Sensitive Groups,49.0,UG/M3,1 Hr,Valid
Hyderabad,PM2.5 - Principal,2017-05-24 05:00 AM,2017,05,24,05,51.8,141,Unhealthy for Sensitive Groups,53.0,UG/M3,1 Hr,Valid
Hyderabad,PM2.5 - Principal,2017-05-24 06:00 AM,2017,05,24,06,52.9,144,Unhealthy for Sensitive Groups,54.0,UG/M3,1 Hr,Valid
Hyderabad,PM2.5 - Principal,2017-05-24 07:00 AM,2017,05,24,07,59.4,153,Unhealthy,66.0,UG/M3,1 Hr,Valid
Hyderabad,PM2.5 - Principal,2017-05-24 08:00 AM,2017,05,24,08,60.2,153,Unhealthy,61.0,UG/M3,1 Hr,Valid
Hyderabad,PM2.5 - Principal,2017-05-24 09:00 AM,2017,05,24,09,60.6,154,Unhealthy,61.0,UG/M3,1 Hr,Valid
Hyderabad,PM2.5 - Principal,2017-05-24 10:00 AM,2017,05,24,10,55.1,149,Unhealthy for Sensitive Groups,49.0,UG/M3,1 Hr,Valid
Hyderabad,PM2.5 - Principal,2017-05-24 11:00 AM,2017,05,24,11,53.7,146,Unhealthy for Sensitive Groups,52.0,UG/M3,1 Hr,Valid
Hyderabad,PM2.5 - Principal,2017-05-24 12:00 PM,2017,05,24,12,58.3,152,Unhealthy,65.0,UG/M3,1 Hr,Valid
Hyderabad,PM2.5 - Principal,2017-05-24 01:00 PM,2017,05,24,13,54.9,149,Unhealthy for Sensitive Groups,49.0,UG/M3,1 Hr,Valid
Hyderabad,PM2.5 - Principal,2017-05-24 02:00 PM,2017,05,24,14,52.5,143,Unhealthy for Sensitive Groups,48.0,UG/M3,1 Hr,Valid
Hyderabad,PM2.5 - Principal,2017-05-24 03:00 PM,2017,05,24,15,53.2,145,Unhealthy for Sensitive Groups,-999.0,UG/M3,1 Hr,Missing
Hyderabad,PM2.5 - Principal,2017-05-24 04:00 PM,2017,05,24,16,38.3,108,Unhealthy for Sensitive Groups,32.0,UG/M3,1 Hr,Valid
Hyderabad,PM2.5 - Principal,2017-05-24 05:00 PM,2017,05,24,17,37.5,106,Unhealthy for Sensitive Groups,37.0,UG/M3,1 Hr,Valid
Hyderabad,PM2.5 - Principal,2017-05-24 06:00 PM,2017,05,24,18,37.2,105,Unhealthy for Sensitive Groups,37.0,UG/M3,1 Hr,Valid
Hyderabad,PM2.5 - Principal,2017-05-24 07:00 PM,2017,05,24,19,39.7,111,Unhealthy for Sensitive Groups,42.0,UG/M3,1 Hr,Valid
Hyderabad,PM2.5 - Principal,2017-05-24 08:00 PM,2017,05,24,20,50.0,137,Unhealthy for Sensitive Groups,60.0,UG/M3,1 Hr,Valid
Hyderabad,PM2.5 - Principal,2017-05-24 09:00 PM,2017,05,24,21,58.5,153,Unhealthy,67.0,UG/M3,1 Hr,Valid
Hyderabad,PM2.5 - Principal,2017-05-24 10:00 PM,2017,05,24,22,67.3,157,Unhealthy,76.0,UG/M3,1 Hr,Valid
Hyderabad,PM2.5 - Principal,2017-05-24 11:00 PM,2017,05,24,23,60.6,154,Unhealthy,54.0,UG/M3,1 Hr,Valid
Hyderabad,PM2.5 - Principal,2017-05-25 12:00 AM,2017,05,25,00,57.8,152,Unhealthy,55.0,UG/M3,1 Hr,Valid
Hyderabad,PM2.5 - Principal,2017-05-25 01:00 AM,2017,05,25,01,51.9,141,Unhealthy for Sensitive Groups,46.0,UG/M3,1 Hr,Valid
Hyderabad,PM2.5 - Principal,2017-05-25 02:00 AM,2017,05,25,02,50.4,138,Unhealthy for Sensitive Groups,49.0,UG/M3,1 Hr,Valid
Hyderabad,PM2.5 - Principal,2017-05-25 03:00 AM,2017,05,25,03,45.2,125,Unhealthy for Sensitive Groups,40.0,UG/M3,1 Hr,Valid
Hyderabad,PM2.5 - Principal,2017-05-25 04:00 AM,2017,05,25,04,42.1,117,Unhealthy for Sensitive Groups,39.0,UG/M3,1 Hr,Valid
Hyderabad,PM2.5 - Principal,2017-05-25 05:00 AM,2017,05,25,05,42.5,118,Unhealthy for Sensitive Groups,43.0,UG/M3,1 Hr,Valid
Hyderabad,PM2.5 - Principal,2017-05-25 06:00 AM,2017,05,25,06,46.7,129,Unhealthy for Sensitive Groups,51.0,UG/M3,1 Hr,Valid
Hyderabad,PM2.5 - Principal,2017-05-25 07:00 AM,2017,05,25,07,42.9,119,Unhealthy for Sensitive Groups,39.0,UG/M3,1 Hr,Valid
Hyderabad,PM2.5 - Principal,2017-05-25 08:00 AM,2017,05,25,08,43.4,120,Unhealthy for Sensitive Groups,44.0,UG/M3,1 Hr,Valid
Hyderabad,PM2.5 - Principal,2017-05-25 09:00 AM,2017,05,25,09,45.1,125,Unhealthy for Sensitive Groups,47.0,UG/M3,1 Hr,Valid
Hyderabad,PM2.5 - Principal,2017-05-25 10:00 AM,2017,05,25,10,45.7,126,Unhealthy for Sensitive Groups,48.0,UG/M3,1 Hr,Valid
Hyderabad,PM2.5 - Principal,2017-05-25 11:00 AM,2017,05,25,11,46.9,129,Unhealthy for Sensitive Groups,50.0,UG/M3,1 Hr,Valid
Hyderabad,PM2.5 - Principal,2017-05-25 12:00 PM,2017,05,25,12,46.3,128,Unhealthy for Sensitive Groups,46.0,UG/M3,1 Hr,Valid
Hyderabad,PM2.5 - Principal,2017-05-25 01:00 PM,2017,05,25,13,47.0,129,Unhealthy for Sensitive Groups,49.0,UG/M3,1 Hr,Valid
Hyderabad,PM2.5 - Principal,2017-05-25 02:00 PM,2017,05,25,14,45.7,126,Unhealthy for Sensitive Groups,42.0,UG/M3,1 Hr,Valid
Hyderabad,PM2.5 - Principal,2017-05-25 03:00 PM,2017,05,25,15,44.9,124,Unhealthy for Sensitive Groups,42.0,UG/M3,1 Hr,Valid
Hyderabad,PM2.5 - Principal,2017-05-25 04:00 PM,2017,05,25,16,46.2,127,Unhealthy for Sensitive Groups,50.0,UG/M3,1 Hr,Valid
Hyderabad,PM2.5 - Principal,2017-05-25 05:00 PM,2017,05,25,17,46.9,129,Unhealthy for Sensitive Groups,49.0,UG/M3,1 Hr,Valid
Hyderabad,PM2.5 - Principal,2017-05-25 06:00 PM,2017,05,25,18,46.1,127,Unhealthy for Sensitive Groups,44.0,UG/M3,1 Hr,Valid
Hyderabad,PM2.5 - Principal,2017-05-25 07:00 PM,2017,05,25,19,45.5,126,Unhealthy for Sensitive Groups,42.0,UG/M3,1 Hr,Valid
Hyderabad,PM2.5 - Principal,2017-05-25 08:00 PM,2017,05,25,20,45.8,126,Unhealthy for Sensitive Groups,47.0,UG/M3,1 Hr,Valid
Hyderabad,PM2.5 - Principal,2017-05-25 09:00 PM,2017,05,25,21,50.8,139,Unhealthy for Sensitive Groups,62.0,UG/M3,1 Hr,Valid
Hyderabad,PM2.5 - Principal,2017-05-25 10:00 PM,2017,05,25,22,50.6,138,Unhealthy for Sensitive Groups,50.0,UG/M3,1 Hr,Valid
Hyderabad,PM2.5 - Principal,2017-05-25 11:00 PM,2017,05,25,23,49.7,136,Unhealthy for Sensitive Groups,48.0,UG/M3,1 Hr,Valid
Hyderabad,PM2.5 - Principal,2017-05-26 12:00 AM,2017,05,26,00,47.2,130,Unhealthy for Sensitive Groups,42.0,UG/M3,1 Hr,Valid
Hyderabad,PM2.5 - Principal,2017-05-26 01:00 AM,2017,05,26,01,49.1,134,Unhealthy for Sensitive Groups,53.0,UG/M3,1 Hr,Valid
Hyderabad,PM2.5 - Principal,2017-05-26 02:00 AM,2017,05,26,02,50.7,138,Unhealthy for Sensitive Groups,54.0,UG/M3,1 Hr,Valid
Hyderabad,PM2.5 - Principal,2017-05-26 03:00 AM,2017,05,26,03,52.1,142,Unhealthy for Sensitive Groups,55.0,UG/M3,1 Hr,Valid
Hyderabad,PM2.5 - Principal,2017-05-26 04:00 AM,2017,05,26,04,51.7,141,Unhealthy for Sensitive Groups,51.0,UG/M3,1 Hr,Valid
Hyderabad,PM2.5 - Principal,2017-05-26 05:00 AM,2017,05,26,05,53.1,144,Unhealthy for Sensitive Groups,56.0,UG/M3,1 Hr,Valid
Hyderabad,PM2.5 - Principal,2017-05-26 06:00 AM,2017,05,26,06,58.0,152,Unhealthy,66.0,UG/M3,1 Hr,Valid
Hyderabad,PM2.5 - Principal,2017-05-26 07:00 AM,2017,05,26,07,65.5,156,Unhealthy,74.0,UG/M3,1 Hr,Valid
Hyderabad,PM2.5 - Principal,2017-05-26 08:00 AM,2017,05,26,08,62.2,154,Unhealthy,58.0,UG/M3,1 Hr,Valid
Hyderabad,PM2.5 - Principal,2017-05-26 09:00 AM,2017,05,26,09,64.7,156,Unhealthy,68.0,UG/M3,1 Hr,Valid
Hyderabad,PM2.5 - Principal,2017-05-26 10:00 AM,2017,05,26,10,67.9,157,Unhealthy,72.0,UG/M3,1 Hr,Valid
Hyderabad,PM2.5 - Principal,2017-05-26 11:00 AM,2017,05,26,11,64.0,155,Unhealthy,59.0,UG/M3,1 Hr,Valid
Hyderabad,PM2.5 - Principal,2017-05-26 12:00 PM,2017,05,26,12,63.3,155,Unhealthy,62.0,UG/M3,1 Hr,Valid
Hyderabad,PM2.5 - Principal,2017-05-26 01:00 PM,2017,05,26,13,62.9,155,Unhealthy,62.0,UG/M3,1 Hr,Valid
Hyderabad,PM2.5 - Principal,2017-05-26 02:00 PM,2017,05,26,14,52.2,142,Unhealthy for Sensitive Groups,40.0,UG/M3,1 Hr,Valid
Hyderabad,PM2.5 - Principal,2017-05-26 03:00 PM,2017,05,26,15,51.1,139,Unhealthy for Sensitive Groups,50.0,UG/M3,1 Hr,Valid
Hyderabad,PM2.5 - Principal,2017-05-26 04:00 PM,2017,05,26,16,47.8,131,Unhealthy for Sensitive Groups,44.0,UG/M3,1 Hr,Valid
Hyderabad,PM2.5 - Principal,2017-05-26 05:00 PM,2017,05,26,17,47.4,130,Unhealthy for Sensitive Groups,47.0,UG/M3,1 Hr,Valid
Hyderabad,PM2.5 - Principal,2017-05-26 06:00 PM,2017,05,26,18,45.8,126,Unhealthy for Sensitive Groups,44.0,UG/M3,1 Hr,Valid
Hyderabad,PM2.5 - Principal,2017-05-26 07:00 PM,2017,05,26,19,46.8,129,Unhealthy for Sensitive Groups,48.0,UG/M3,1 Hr,Valid
Hyderabad,PM2.5 - Principal,2017-05-26 08:00 PM,2017,05,26,20,49.1,134,Unhealthy for Sensitive Groups,52.0,UG/M3,1 Hr,Valid
Hyderabad,PM2.5 - Principal,2017-05-26 09:00 PM,2017,05,26,21,47.7,131,Unhealthy for Sensitive Groups,46.0,UG/M3,1 Hr,Valid
Hyderabad,PM2.5 - Principal,2017-05-26 10:00 PM,2017,05,26,22,47.5,131,Unhealthy for Sensitive Groups,47.0,UG/M3,1 Hr,Valid
Hyderabad,PM2.5 - Principal,2017-05-26 11:00 PM,2017,05,26,23,50.1,137,Unhealthy for Sensitive Groups,55.0,UG/M3,1 Hr,Valid
Hyderabad,PM2.5 - Principal,2017-05-27 12:00 AM,2017,05,27,00,49.0,134,Unhealthy for Sensitive Groups,47.0,UG/M3,1 Hr,Valid
Hyderabad,PM2.5 - Principal,2017-05-27 01:00 AM,2017,05,27,01,47.4,130,Unhealthy for Sensitive Groups,44.0,UG/M3,1 Hr,Valid
Hyderabad,PM2.5 - Principal,2017-05-27 02:00 AM,2017,05,27,02,46.5,128,Unhealthy for Sensitive Groups,43.0,UG/M3,1 Hr,Valid
Hyderabad,PM2.5 - Principal,2017-05-27 03:00 AM,2017,05,27,03,41.7,116,Unhealthy for Sensitive Groups,35.0,UG/M3,1 Hr,Valid
Hyderabad,PM2.5 - Principal,2017-05-27 04:00 AM,2017,05,27,04,49.4,135,Unhealthy for Sensitive Groups,61.0,UG/M3,1 Hr,Valid
Hyderabad,PM2.5 - Principal,2017-05-27 05:00 AM,2017,05,27,05,45.8,126,Unhealthy for Sensitive Groups,41.0,UG/M3,1 Hr,Valid
Hyderabad,PM2.5 - Principal,2017-05-27 06:00 AM,2017,05,27,06,41.2,115,Unhealthy for Sensitive Groups,35.0,UG/M3,1 Hr,Valid
Hyderabad,PM2.5 - Principal,2017-05-27 07:00 AM,2017,05,27,07,44.9,124,Unhealthy for Sensitive Groups,50.0,UG/M3,1 Hr,Valid
Hyderabad,PM2.5 - Principal,2017-05-27 08:00 AM,2017,05,27,08,43.6,121,Unhealthy for Sensitive Groups,42.0,UG/M3,1 Hr,Valid
Hyderabad,PM2.5 - Principal,2017-05-27 09:00 AM,2017,05,27,09,40.8,114,Unhealthy for Sensitive Groups,37.0,UG/M3,1 Hr,Valid
Hyderabad,PM2.5 - Principal,2017-05-27 10:00 AM,2017,05,27,10,40.0,112,Unhealthy for Sensitive Groups,39.0,UG/M3,1 Hr,Valid
Hyderabad,PM2.5 - Principal,2017-05-27 11:00 AM,2017,05,27,11,35.4,100,Moderate,31.0,UG/M3,1 Hr,Valid
Hyderabad,PM2.5 - Principal,2017-05-27 12:00 PM,2017,05,27,12,39.1,110,Unhealthy for Sensitive Groups,43.0,UG/M3,1 Hr,Valid
Hyderabad,PM2.5 - Principal,2017-05-27 01:00 PM,2017,05,27,13,39.1,110,Unhealthy for Sensitive Groups,-999.0,UG/M3,1 Hr,Missing
Hyderabad,PM2.5 - Principal,2017-05-27 02:00 PM,2017,05,27,14,40.3,113,Unhealthy for Sensitive Groups,41.0,UG/M3,1 Hr,Valid
Hyderabad,PM2.5 - Principal,2017-05-27 03:00 PM,2017,05,27,15,42.4,118,Unhealthy for Sensitive Groups,44.0,UG/M3,1 Hr,Valid
Hyderabad,PM2.5 - Principal,2017-05-27 04:00 PM,2017,05,27,16,43.1,120,Unhealthy for Sensitive Groups,45.0,UG/M3,1 Hr,Valid
Hyderabad,PM2.5 - Principal,2017-05-27 05:00 PM,2017,05,27,17,42.6,118,Unhealthy for Sensitive Groups,42.0,UG/M3,1 Hr,Valid
Hyderabad,PM2.5 - Principal,2017-05-27 06:00 PM,2017,05,27,18,42.4,118,Unhealthy for Sensitive Groups,42.0,UG/M3,1 Hr,Valid
Hyderabad,PM2.5 - Principal,2017-05-27 07:00 PM,2017,05,27,19,43.1,120,Unhealthy for Sensitive Groups,45.0,UG/M3,1 Hr,Valid
Hyderabad,PM2.5 - Principal,2017-05-27 08:00 PM,2017,05,27,20,42.7,119,Unhealthy for Sensitive Groups,42.0,UG/M3,1 Hr,Valid
Hyderabad,PM2.5 - Principal,2017-05-27 09:00 PM,2017,05,27,21,42.5,118,Unhealthy for Sensitive Groups,42.0,UG/M3,1 Hr,Valid
Hyderabad,PM2.5 - Principal,2017-05-27 10:00 PM,2017,05,27,22,41.1,115,Unhealthy for Sensitive Groups,38.0,UG/M3,1 Hr,Valid
Hyderabad,PM2.5 - Principal,2017-05-27 11:00 PM,2017,05,27,23,40.8,114,Unhealthy for Sensitive Groups,37.0,UG/M3,1 Hr,Valid
Hyderabad,PM2.5 - Principal,2017-05-28 12:00 AM,2017,05,28,00,42.8,119,Unhealthy for Sensitive Groups,50.0,UG/M3,1 Hr,Valid
Hyderabad,PM2.5 - Principal,2017-05-28 01:00 AM,2017,05,28,01,41.2,115,Unhealthy for Sensitive Groups,37.0,UG/M3,1 Hr,Valid
Hyderabad,PM2.5 - Principal,2017-05-28 02:00 AM,2017,05,28,02,37.7,106,Unhealthy for Sensitive Groups,32.0,UG/M3,1 Hr,Valid
Hyderabad,PM2.5 - Principal,2017-05-28 03:00 AM,2017,05,28,03,36.3,103,Unhealthy for Sensitive Groups,34.0,UG/M3,1 Hr,Valid
Hyderabad,PM2.5 - Principal,2017-05-28 04:00 AM,2017,05,28,04,38.0,107,Unhealthy for Sensitive Groups,41.0,UG/M3,1 Hr,Valid
Hyderabad,PM2.5 - Principal,2017-05-28 05:00 AM,2017,05,28,05,40.9,114,Unhealthy for Sensitive Groups,46.0,UG/M3,1 Hr,Valid
Hyderabad,PM2.5 - Principal,2017-05-28 06:00 AM,2017,05,28,06,41.6,116,Unhealthy for Sensitive Groups,43.0,UG/M3,1 Hr,Valid
Hyderabad,PM2.5 - Principal,2017-05-28 07:00 AM,2017,05,28,07,39.6,111,Unhealthy for Sensitive Groups,36.0,UG/M3,1 Hr,Valid
Hyderabad,PM2.5 - Principal,2017-05-28 08:00 AM,2017,05,28,08,42.6,118,Unhealthy for Sensitive Groups,48.0,UG/M3,1 Hr,Valid
Hyderabad,PM2.5 - Principal,2017-05-28 09:00 AM,2017,05,28,09,39.8,112,Unhealthy for Sensitive Groups,35.0,UG/M3,1 Hr,Valid
Hyderabad,PM2.5 - Principal,2017-05-28 10:00 AM,2017,05,28,10,38.4,108,Unhealthy for Sensitive Groups,36.0,UG/M3,1 Hr,Valid
Hyderabad,PM2.5 - Principal,2017-05-28 11:00 AM,2017,05,28,11,31.3,91,Moderate,25.0,UG/M3,1 Hr,Valid
Hyderabad,PM2.5 - Principal,2017-05-28 12:00 PM,2017,05,28,12,41.1,115,Unhealthy for Sensitive Groups,51.0,UG/M3,1 Hr,Valid
Hyderabad,PM2.5 - Principal,2017-05-28 01:00 PM,2017,05,28,13,42.0,117,Unhealthy for Sensitive Groups,43.0,UG/M3,1 Hr,Valid
Hyderabad,PM2.5 - Principal,2017-05-28 02:00 PM,2017,05,28,14,44.0,122,Unhealthy for Sensitive Groups,46.0,UG/M3,1 Hr,Valid
Hyderabad,PM2.5 - Principal,2017-05-28 03:00 PM,2017,05,28,15,42.5,118,Unhealthy for Sensitive Groups,41.0,UG/M3,1 Hr,Valid
Hyderabad,PM2.5 - Principal,2017-05-28 04:00 PM,2017,05,28,16,43.2,120,Unhealthy for Sensitive Groups,44.0,UG/M3,1 Hr,Valid
Hyderabad,PM2.5 - Principal,2017-05-28 05:00 PM,2017,05,28,17,40.1,112,Unhealthy for Sensitive Groups,37.0,UG/M3,1 Hr,Valid
Hyderabad,PM2.5 - Principal,2017-05-28 06:00 PM,2017,05,28,18,35.5,101,Unhealthy for Sensitive Groups,31.0,UG/M3,1 Hr,Valid
Hyderabad,PM2.5 - Principal,2017-05-28 07:00 PM,2017,05,28,19,35.7,101,Unhealthy for Sensitive Groups,36.0,UG/M3,1 Hr,Valid
Hyderabad,PM2.5 - Principal,2017-05-28 08:00 PM,2017,05,28,20,42.3,118,Unhealthy for Sensitive Groups,49.0,UG/M3,1 Hr,Valid
Hyderabad,PM2.5 - Principal,2017-05-28 09:00 PM,2017,05,28,21,43.6,121,Unhealthy for Sensitive Groups,45.0,UG/M3,1 Hr,Valid
Hyderabad,PM2.5 - Principal,2017-05-28 10:00 PM,2017,05,28,22,42.3,118,Unhealthy for Sensitive Groups,41.0,UG/M3,1 Hr,Valid
Hyderabad,PM2.5 - Principal,2017-05-28 11:00 PM,2017,05,28,23,38.5,108,Unhealthy for Sensitive Groups,33.0,UG/M3,1 Hr,Valid
Hyderabad,PM2.5 - Principal,2017-05-29 12:00 AM,2017,05,29,00,38.8,109,Unhealthy for Sensitive Groups,39.0,UG/M3,1 Hr,Valid
Hyderabad,PM2.5 - Principal,2017-05-29 01:00 AM,2017,05,29,01,37.3,105,Unhealthy for Sensitive Groups,35.0,UG/M3,1 Hr,Valid
Hyderabad,PM2.5 - Principal,2017-05-29 02:00 AM,2017,05,29,02,37.9,107,Unhealthy for Sensitive Groups,39.0,UG/M3,1 Hr,Valid
Hyderabad,PM2.5 - Principal,2017-05-29 03:00 AM,2017,05,29,03,35.7,101,Unhealthy for Sensitive Groups,32.0,UG/M3,1 Hr,Valid
Hyderabad,PM2.5 - Principal,2017-05-29 04:00 AM,2017,05,29,04,34.3,98,Moderate,32.0,UG/M3,1 Hr,Valid
Hyderabad,PM2.5 - Principal,2017-05-29 05:00 AM,2017,05,29,05,31.9,93,Moderate,29.0,UG/M3,1 Hr,Valid
Hyderabad,PM2.5 - Principal,2017-05-29 06:00 AM,2017,05,29,06,30.1,89,Moderate,28.0,UG/M3,1 Hr,Valid
Hyderabad,PM2.5 - Principal,2017-05-29 07:00 AM,2017,05,29,07,36.1,102,Unhealthy for Sensitive Groups,44.0,UG/M3,1 Hr,Valid
Hyderabad,PM2.5 - Principal,2017-05-29 08:00 AM,2017,05,29,08,40.3,113,Unhealthy for Sensitive Groups,47.0,UG/M3,1 Hr,Valid
Hyderabad,PM2.5 - Principal,2017-05-29 09:00 AM,2017,05,29,09,38.2,108,Unhealthy for Sensitive Groups,35.0,UG/M3,1 Hr,Valid
Hyderabad,PM2.5 - Principal,2017-05-29 10:00 AM,2017,05,29,10,35.6,101,Unhealthy for Sensitive Groups,32.0,UG/M3,1 Hr,Valid
Hyderabad,PM2.5 - Principal,2017-05-29 11:00 AM,2017,05,29,11,34.6,98,Moderate,33.0,UG/M3,1 Hr,Valid
Hyderabad,PM2.5 - Principal,2017-05-29 12:00 PM,2017,05,29,12,31.2,91,Moderate,27.0,UG/M3,1 Hr,Valid
Hyderabad,PM2.5 - Principal,2017-05-29 01:00 PM,2017,05,29,13,33.3,96,Moderate,36.0,UG/M3,1 Hr,Valid
Hyderabad,PM2.5 - Principal,2017-05-29 02:00 PM,2017,05,29,14,31.4,92,Moderate,29.0,UG/M3,1 Hr,Valid
Hyderabad,PM2.5 - Principal,2017-05-29 03:00 PM,2017,05,29,15,32.9,95,Moderate,35.0,UG/M3,1 Hr,Valid
Hyderabad,PM2.5 - Principal,2017-05-29 04:00 PM,2017,05,29,16,33.4,96,Moderate,34.0,UG/M3,1 Hr,Valid
Hyderabad,PM2.5 - Principal,2017-05-29 05:00 PM,2017,05,29,17,32.3,93,Moderate,31.0,UG/M3,1 Hr,Valid
Hyderabad,PM2.5 - Principal,2017-05-29 06:00 PM,2017,05,29,18,33.0,95,Moderate,34.0,UG/M3,1 Hr,Valid
Hyderabad,PM2.5 - Principal,2017-05-29 07:00 PM,2017,05,29,19,32.6,94,Moderate,32.0,UG/M3,1 Hr,Valid
Hyderabad,PM2.5 - Principal,2017-05-29 08:00 PM,2017,05,29,20,32.6,94,Moderate,-999.0,UG/M3,1 Hr,Missing
Hyderabad,PM2.5 - Principal,2017-05-29 09:00 PM,2017,05,29,21,39.1,110,Unhealthy for Sensitive Groups,45.0,UG/M3,1 Hr,Valid
Hyderabad,PM2.5 - Principal,2017-05-29 10:00 PM,2017,05,29,22,47.6,131,Unhealthy for Sensitive Groups,53.0,UG/M3,1 Hr,Valid
Hyderabad,PM2.5 - Principal,2017-05-29 11:00 PM,2017,05,29,23,43.0,119,Unhealthy for Sensitive Groups,39.0,UG/M3,1 Hr,Valid
Hyderabad,PM2.5 - Principal,2017-05-30 12:00 AM,2017,05,30,00,38.2,108,Unhealthy for Sensitive Groups,33.0,UG/M3,1 Hr,Valid
Hyderabad,PM2.5 - Principal,2017-05-30 01:00 AM,2017,05,30,01,35.3,100,Moderate,32.0,UG/M3,1 Hr,Valid
Hyderabad,PM2.5 - Principal,2017-05-30 02:00 AM,2017,05,30,02,32.4,94,Moderate,29.0,UG/M3,1 Hr,Valid
Hyderabad,PM2.5 - Principal,2017-05-30 03:00 AM,2017,05,30,03,32.2,93,Moderate,32.0,UG/M3,1 Hr,Valid
Hyderabad,PM2.5 - Principal,2017-05-30 04:00 AM,2017,05,30,04,27.9,84,Moderate,24.0,UG/M3,1 Hr,Valid
Hyderabad,PM2.5 - Principal,2017-05-30 05:00 AM,2017,05,30,05,27.4,83,Moderate,27.0,UG/M3,1 Hr,Valid
Hyderabad,PM2.5 - Principal,2017-05-30 06:00 AM,2017,05,30,06,26.7,82,Moderate,26.0,UG/M3,1 Hr,Valid
Hyderabad,PM2.5 - Principal,2017-05-30 07:00 AM,2017,05,30,07,27.8,84,Moderate,29.0,UG/M3,1 Hr,Valid
Hyderabad,PM2.5 - Principal,2017-05-30 08:00 AM,2017,05,30,08,26.4,81,Moderate,25.0,UG/M3,1 Hr,Valid
Hyderabad,PM2.5 - Principal,2017-05-30 09:00 AM,2017,05,30,09,25.2,79,Moderate,24.0,UG/M3,1 Hr,Valid
Hyderabad,PM2.5 - Principal,2017-05-30 10:00 AM,2017,05,30,10,27.7,84,Moderate,31.0,UG/M3,1 Hr,Valid
Hyderabad,PM2.5 - Principal,2017-05-30 11:00 AM,2017,05,30,11,28.5,85,Moderate,31.0,UG/M3,1 Hr,Valid
Hyderabad,PM2.5 - Principal,2017-05-30 12:00 PM,2017,05,30,12,28.3,85,Moderate,28.0,UG/M3,1 Hr,Valid
Hyderabad,PM2.5 - Principal,2017-05-30 01:00 PM,2017,05,30,13,31.5,92,Moderate,37.0,UG/M3,1 Hr,Valid
Hyderabad,PM2.5 - Principal,2017-05-30 02:00 PM,2017,05,30,14,29.5,88,Moderate,26.0,UG/M3,1 Hr,Valid
Hyderabad,PM2.5 - Principal,2017-05-30 03:00 PM,2017,05,30,15,27.0,82,Moderate,23.0,UG/M3,1 Hr,Valid
Hyderabad,PM2.5 - Principal,2017-05-30 04:00 PM,2017,05,30,16,28.5,85,Moderate,31.0,UG/M3,1 Hr,Valid
Hyderabad,PM2.5 - Principal,2017-05-30 05:00 PM,2017,05,30,17,25.2,79,Moderate,21.0,UG/M3,1 Hr,Valid
Hyderabad,PM2.5 - Principal,2017-05-30 06:00 PM,2017,05,30,18,26.0,80,Moderate,27.0,UG/M3,1 Hr,Valid
Hyderabad,PM2.5 - Principal,2017-05-30 07:00 PM,2017,05,30,19,28.1,85,Moderate,31.0,UG/M3,1 Hr,Valid
Hyderabad,PM2.5 - Principal,2017-05-30 08:00 PM,2017,05,30,20,28.9,86,Moderate,30.0,UG/M3,1 Hr,Valid
Hyderabad,PM2.5 - Principal,2017-05-30 09:00 PM,2017,05,30,21,31.1,91,Moderate,34.0,UG/M3,1 Hr,Valid
Hyderabad,PM2.5 - Principal,2017-05-30 10:00 PM,2017,05,30,22,39.3,110,Unhealthy for Sensitive Groups,47.0,UG/M3,1 Hr,Valid
Hyderabad,PM2.5 - Principal,2017-05-30 11:00 PM,2017,05,30,23,47.1,130,Unhealthy for Sensitive Groups,55.0,UG/M3,1 Hr,Valid
Hyderabad,PM2.5 - Principal,2017-05-31 12:00 AM,2017,05,31,00,39.5,111,Unhealthy for Sensitive Groups,32.0,UG/M3,1 Hr,Valid
Hyderabad,PM2.5 - Principal,2017-05-31 01:00 AM,2017,05,31,01,34.2,97,Moderate,29.0,UG/M3,1 Hr,Valid
Hyderabad,PM2.5 - Principal,2017-05-31 02:00 AM,2017,05,31,02,27.6,84,Moderate,21.0,UG/M3,1 Hr,Valid
Hyderabad,PM2.5 - Principal,2017-05-31 03:00 AM,2017,05,31,03,23.8,76,Moderate,20.0,UG/M3,1 Hr,Valid
Hyderabad,PM2.5 - Principal,2017-05-31 04:00 AM,2017,05,31,04,24.9,78,Moderate,26.0,UG/M3,1 Hr,Valid
Hyderabad,PM2.5 - Principal,2017-05-31 05:00 AM,2017,05,31,05,25.4,79,Moderate,26.0,UG/M3,1 Hr,Valid
Hyderabad,PM2.5 - Principal,2017-05-31 06:00 AM,2017,05,31,06,24.7,77,Moderate,24.0,UG/M3,1 Hr,Valid
Hyderabad,PM2.5 - Principal,2017-05-31 07:00 AM,2017,05,31,07,28.3,85,Moderate,32.0,UG/M3,1 Hr,Valid
Hyderabad,PM2.5 - Principal,2017-05-31 08:00 AM,2017,05,31,08,26.1,80,Moderate,24.0,UG/M3,1 Hr,Valid
Hyderabad,PM2.5 - Principal,2017-05-31 09:00 AM,2017,05,31,09,27.0,82,Moderate,28.0,UG/M3,1 Hr,Valid
Hyderabad,PM2.5 - Principal,2017-05-31 10:00 AM,2017,05,31,10,29.0,87,Moderate,31.0,UG/M3,1 Hr,Valid
Hyderabad,PM2.5 - Principal,2017-05-31 11:00 AM,2017,05,31,11,25.6,79,Moderate,21.0,UG/M3,1 Hr,Valid
Hyderabad,PM2.5 - Principal,2017-05-31 12:00 PM,2017,05,31,12,26.1,80,Moderate,27.0,UG/M3,1 Hr,Valid
Hyderabad,PM2.5 - Principal,2017-05-31 01:00 PM,2017,05,31,13,24.5,77,Moderate,22.0,UG/M3,1 Hr,Valid
Hyderabad,PM2.5 - Principal,2017-05-31 02:00 PM,2017,05,31,14,22.2,72,Moderate,19.0,UG/M3,1 Hr,Valid
Hyderabad,PM2.5 - Principal,2017-05-31 03:00 PM,2017,05,31,15,21.3,70,Moderate,20.0,UG/M3,1 Hr,Valid
Hyderabad,PM2.5 - Principal,2017-05-31 04:00 PM,2017,05,31,16,18.3,64,Moderate,16.0,UG/M3,1 Hr,Valid
Hyderabad,PM2.5 - Principal,2017-05-31 05:00 PM,2017,05,31,17,20.6,69,Moderate,23.0,UG/M3,1 Hr,Valid
Hyderabad,PM2.5 - Principal,2017-05-31 06:00 PM,2017,05,31,18,20.8,69,Moderate,21.0,UG/M3,1 Hr,Valid
Hyderabad,PM2.5 - Principal,2017-05-31 07:00 PM,2017,05,31,19,16.9,61,Moderate,13.0,UG/M3,1 Hr,Valid
Hyderabad,PM2.5 - Principal,2017-05-31 08:00 PM,2017,05,31,20,22.9,74,Moderate,29.0,UG/M3,1 Hr,Valid
Hyderabad,PM2.5 - Principal,2017-05-31 09:00 PM,2017,05,31,21,29.9,88,Moderate,37.0,UG/M3,1 Hr,Valid
Hyderabad,PM2.5 - Principal,2017-05-31 10:00 PM,2017,05,31,22,36.9,104,Unhealthy for Sensitive Groups,44.0,UG/M3,1 Hr,Valid
Hyderabad,PM2.5 - Principal,2017-05-31 11:00 PM,2017,05,31,23,31.4,92,Moderate,26.0,UG/M3,1 Hr,Valid
Hyderabad,PM2.5 - Principal,2017-06-01 12:00 AM,2017,06,01,00,28.7,86,Moderate,26.0,UG/M3,1 Hr,Valid
Hyderabad,PM2.5 - Principal,2017-06-01 01:00 AM,2017,06,01,01,27.8,84,Moderate,27.0,UG/M3,1 Hr,Valid
Hyderabad,PM2.5 - Principal,2017-06-01 02:00 AM,2017,06,01,02,22.4,73,Moderate,17.0,UG/M3,1 Hr,Valid
Hyderabad,PM2.5 - Principal,2017-06-01 03:00 AM,2017,06,01,03,17.2,62,Moderate,12.0,UG/M3,1 Hr,Valid
Hyderabad,PM2.5 - Principal,2017-06-01 04:00 AM,2017,06,01,04,19.1,66,Moderate,21.0,UG/M3,1 Hr,Valid
Hyderabad,PM2.5 - Principal,2017-06-01 05:00 AM,2017,06,01,05,16.5,60,Moderate,14.0,UG/M3,1 Hr,Valid
Hyderabad,PM2.5 - Principal,2017-06-01 06:00 AM,2017,06,01,06,18.2,64,Moderate,20.0,UG/M3,1 Hr,Valid
Hyderabad,PM2.5 - Principal,2017-06-01 07:00 AM,2017,06,01,07,18.1,64,Moderate,18.0,UG/M3,1 Hr,Valid
Hyderabad,PM2.5 - Principal,2017-06-01 08:00 AM,2017,06,01,08,17.0,61,Moderate,16.0,UG/M3,1 Hr,Valid
Hyderabad,PM2.5 - Principal,2017-06-01 09:00 AM,2017,06,01,09,17.0,61,Moderate,17.0,UG/M3,1 Hr,Valid
Hyderabad,PM2.5 - Principal,2017-06-01 10:00 AM,2017,06,01,10,22.0,72,Moderate,27.0,UG/M3,1 Hr,Valid
Hyderabad,PM2.5 - Principal,2017-06-01 11:00 AM,2017,06,01,11,22.5,73,Moderate,23.0,UG/M3,1 Hr,Valid
Hyderabad,PM2.5 - Principal,2017-06-01 12:00 PM,2017,06,01,12,22.5,73,Moderate,-999.0,UG/M3,1 Hr,Missing
Hyderabad,PM2.5 - Principal,2017-06-01 01:00 PM,2017,06,01,13,18.8,65,Moderate,17.0,UG/M3,1 Hr,Valid
Hyderabad,PM2.5 - Principal,2017-06-01 02:00 PM,2017,06,01,14,16.6,60,Moderate,15.0,UG/M3,1 Hr,Valid
Hyderabad,PM2.5 - Principal,2017-06-01 03:00 PM,2017,06,01,15,18.4,64,Moderate,20.0,UG/M3,1 Hr,Valid
Hyderabad,PM2.5 - Principal,2017-06-01 04:00 PM,2017,06,01,16,21.2,70,Moderate,24.0,UG/M3,1 Hr,Valid
Hyderabad,PM2.5 - Principal,2017-06-01 05:00 PM,2017,06,01,17,22.3,72,Moderate,24.0,UG/M3,1 Hr,Valid
Hyderabad,PM2.5 - Principal,2017-06-01 06:00 PM,2017,06,01,18,23.5,75,Moderate,25.0,UG/M3,1 Hr,Valid
Hyderabad,PM2.5 - Principal,2017-06-01 07:00 PM,2017,06,01,19,25.6,79,Moderate,28.0,UG/M3,1 Hr,Valid
Hyderabad,PM2.5 - Principal,2017-06-01 08:00 PM,2017,06,01,20,28.4,85,Moderate,31.0,UG/M3,1 Hr,Valid
Hyderabad,PM2.5 - Principal,2017-06-01 09:00 PM,2017,06,01,21,33.7,96,Moderate,39.0,UG/M3,1 Hr,Valid
Hyderabad,PM2.5 - Principal,2017-06-01 10:00 PM,2017,06,01,22,35.8,102,Unhealthy for Sensitive Groups,38.0,UG/M3,1 Hr,Valid
Hyderabad,PM2.5 - Principal,2017-06-01 11:00 PM,2017,06,01,23,31.4,92,Moderate,27.0,UG/M3,1 Hr,Valid
Hyderabad,PM2.5 - Principal,2017-06-02 12:00 AM,2017,06,02,00,33.2,95,Moderate,35.0,UG/M3,1 Hr,Valid
Hyderabad,PM2.5 - Principal,2017-06-02 01:00 AM,2017,06,02,01,36.1,102,Unhealthy for Sensitive Groups,39.0,UG/M3,1 Hr,Valid
Hyderabad,PM2.5 - Principal,2017-06-02 02:00 AM,2017,06,02,02,37.4,106,Unhealthy for Sensitive Groups,39.0,UG/M3,1 Hr,Valid
Hyderabad,PM2.5 - Principal,2017-06-02 03:00 AM,2017,06,02,03,34.1,97,Moderate,30.0,UG/M3,1 Hr,Valid
Hyderabad,PM2.5 - Principal,2017-06-02 04:00 AM,2017,06,02,04,31.0,91,Moderate,26.0,UG/M3,1 Hr,Valid
Hyderabad,PM2.5 - Principal,2017-06-02 05:00 AM,2017,06,02,05,29.0,87,Moderate,25.0,UG/M3,1 Hr,Valid
Hyderabad,PM2.5 - Principal,2017-06-02 06:00 AM,2017,06,02,06,27.9,84,Moderate,26.0,UG/M3,1 Hr,Valid
Hyderabad,PM2.5 - Principal,2017-06-02 07:00 AM,2017,06,02,07,30.1,89,Moderate,34.0,UG/M3,1 Hr,Valid
Hyderabad,PM2.5 - Principal,2017-06-02 08:00 AM,2017,06,02,08,30.7,90,Moderate,32.0,UG/M3,1 Hr,Valid
Hyderabad,PM2.5 - Principal,2017-06-02 09:00 AM,2017,06,02,09,29.4,87,Moderate,27.0,UG/M3,1 Hr,Valid
Hyderabad,PM2.5 - Principal,2017-06-02 10:00 AM,2017,06,02,10,23.5,75,Moderate,18.0,UG/M3,1 Hr,Valid
Hyderabad,PM2.5 - Principal,2017-06-02 11:00 AM,2017,06,02,11,20.2,68,Moderate,17.0,UG/M3,1 Hr,Valid
Hyderabad,PM2.5 - Principal,2017-06-02 12:00 PM,2017,06,02,12,19.1,66,Moderate,18.0,UG/M3,1 Hr,Valid
Hyderabad,PM2.5 - Principal,2017-06-02 01:00 PM,2017,06,02,13,15.5,58,Moderate,12.0,UG/M3,1 Hr,Valid
Hyderabad,PM2.5 - Principal,2017-06-02 02:00 PM,2017,06,02,14,16.2,60,Moderate,17.0,UG/M3,1 Hr,Valid
Hyderabad,PM2.5 - Principal,2017-06-02 03:00 PM,2017,06,02,15,18.6,65,Moderate,21.0,UG/M3,1 Hr,Valid
Hyderabad,PM2.5 - Principal,2017-06-02 04:00 PM,2017,06,02,16,19.3,66,Moderate,20.0,UG/M3,1 Hr,Valid
Hyderabad,PM2.5 - Principal,2017-06-02 05:00 PM,2017,06,02,17,21.6,71,Moderate,24.0,UG/M3,1 Hr,Valid
Hyderabad,PM2.5 - Principal,2017-06-02 06:00 PM,2017,06,02,18,32.3,93,Moderate,43.0,UG/M3,1 Hr,Valid
Hyderabad,PM2.5 - Principal,2017-06-02 07:00 PM,2017,06,02,19,33.6,96,Moderate,35.0,UG/M3,1 Hr,Valid
Hyderabad,PM2.5 - Principal,2017-06-02 08:00 PM,2017,06,02,20,35.3,100,Moderate,37.0,UG/M3,1 Hr,Valid
Hyderabad,PM2.5 - Principal,2017-06-02 09:00 PM,2017,06,02,21,39.1,110,Unhealthy for Sensitive Groups,43.0,UG/M3,1 Hr,Valid
Hyderabad,PM2.5 - Principal,2017-06-02 10:00 PM,2017,06,02,22,44.5,123,Unhealthy for Sensitive Groups,50.0,UG/M3,1 Hr,Valid
Hyderabad,PM2.5 - Principal,2017-06-02 11:00 PM,2017,06,02,23,38.2,108,Unhealthy for Sensitive Groups,32.0,UG/M3,1 Hr,Valid
Hyderabad,PM2.5 - Principal,2017-06-03 12:00 AM,2017,06,03,00,30.6,90,Moderate,23.0,UG/M3,1 Hr,Valid
Hyderabad,PM2.5 - Principal,2017-06-03 01:00 AM,2017,06,03,01,27.3,83,Moderate,24.0,UG/M3,1 Hr,Valid
Hyderabad,PM2.5 - Principal,2017-06-03 02:00 AM,2017,06,03,02,25.6,79,Moderate,24.0,UG/M3,1 Hr,Valid
Hyderabad,PM2.5 - Principal,2017-06-03 03:00 AM,2017,06,03,03,28.3,85,Moderate,31.0,UG/M3,1 Hr,Valid
Hyderabad,PM2.5 - Principal,2017-06-03 04:00 AM,2017,06,03,04,30.1,89,Moderate,32.0,UG/M3,1 Hr,Valid
Hyderabad,PM2.5 - Principal,2017-06-03 05:00 AM,2017,06,03,05,34.5,98,Moderate,39.0,UG/M3,1 Hr,Valid
Hyderabad,PM2.5 - Principal,2017-06-03 06:00 AM,2017,06,03,06,32.7,94,Moderate,31.0,UG/M3,1 Hr,Valid
Hyderabad,PM2.5 - Principal,2017-06-03 07:00 AM,2017,06,03,07,32.8,95,Moderate,33.0,UG/M3,1 Hr,Valid
Hyderabad,PM2.5 - Principal,2017-06-03 08:00 AM,2017,06,03,08,31.4,92,Moderate,30.0,UG/M3,1 Hr,Valid
Hyderabad,PM2.5 - Principal,2017-06-03 09:00 AM,2017,06,03,09,24.7,77,Moderate,18.0,UG/M3,1 Hr,Valid
Hyderabad,PM2.5 - Principal,2017-06-03 10:00 AM,2017,06,03,10,20.3,68,Moderate,16.0,UG/M3,1 Hr,Valid
Hyderabad,PM2.5 - Principal,2017-06-03 11:00 AM,2017,06,03,11,16.6,60,Moderate,13.0,UG/M3,1 Hr,Valid
Hyderabad,PM2.5 - Principal,2017-06-03 12:00 PM,2017,06,03,12,12.8,52,Moderate,9.0,UG/M3,1 Hr,Valid
Hyderabad,PM2.5 - Principal,2017-06-03 01:00 PM,2017,06,03,13,16.9,61,Moderate,21.0,UG/M3,1 Hr,Valid
Hyderabad,PM2.5 - Principal,2017-06-03 02:00 PM,2017,06,03,14,15.9,59,Moderate,15.0,UG/M3,1 Hr,Valid
Hyderabad,PM2.5 - Principal,2017-06-03 03:00 PM,2017,06,03,15,15.9,59,Moderate,16.0,UG/M3,1 Hr,Valid
Hyderabad,PM2.5 - Principal,2017-06-03 04:00 PM,2017,06,03,16,17.9,63,Moderate,20.0,UG/M3,1 Hr,Valid
Hyderabad,PM2.5 - Principal,2017-06-03 05:00 PM,2017,06,03,17,18.9,65,Moderate,20.0,UG/M3,1 Hr,Valid
Hyderabad,PM2.5 - Principal,2017-06-03 06:00 PM,2017,06,03,18,22.4,73,Moderate,26.0,UG/M3,1 Hr,Valid
Hyderabad,PM2.5 - Principal,2017-06-03 07:00 PM,2017,06,03,19,22.7,73,Moderate,23.0,UG/M3,1 Hr,Valid
Hyderabad,PM2.5 - Principal,2017-06-03 08:00 PM,2017,06,03,20,25.8,80,Moderate,29.0,UG/M3,1 Hr,Valid
Hyderabad,PM2.5 - Principal,2017-06-03 09:00 PM,2017,06,03,21,34.9,99,Moderate,44.0,UG/M3,1 Hr,Valid
Hyderabad,PM2.5 - Principal,2017-06-03 10:00 PM,2017,06,03,22,32.9,95,Moderate,31.0,UG/M3,1 Hr,Valid
Hyderabad,PM2.5 - Principal,2017-06-03 11:00 PM,2017,06,03,23,35.4,100,Moderate,38.0,UG/M3,1 Hr,Valid
Hyderabad,PM2.5 - Principal,2017-06-04 12:00 AM,2017,06,04,00,34.7,99,Moderate,34.0,UG/M3,1 Hr,Valid
Hyderabad,PM2.5 - Principal,2017-06-04 01:00 AM,2017,06,04,01,39.3,110,Unhealthy for Sensitive Groups,44.0,UG/M3,1 Hr,Valid
Hyderabad,PM2.5 - Principal,2017-06-04 02:00 AM,2017,06,04,02,33.1,95,Moderate,27.0,UG/M3,1 Hr,Valid
Hyderabad,PM2.5 - Principal,2017-06-04 03:00 AM,2017,06,04,03,23.5,75,Moderate,14.0,UG/M3,1 Hr,Valid
Hyderabad,PM2.5 - Principal,2017-06-04 04:00 AM,2017,06,04,04,19.7,67,Moderate,16.0,UG/M3,1 Hr,Valid
Hyderabad,PM2.5 - Principal,2017-06-04 05:00 AM,2017,06,04,05,22.3,72,Moderate,25.0,UG/M3,1 Hr,Valid
Hyderabad,PM2.5 - Principal,2017-06-04 06:00 AM,2017,06,04,06,23.6,75,Moderate,25.0,UG/M3,1 Hr,Valid
Hyderabad,PM2.5 - Principal,2017-06-04 07:00 AM,2017,06,04,07,21.8,71,Moderate,20.0,UG/M3,1 Hr,Valid
Hyderabad,PM2.5 - Principal,2017-06-04 08:00 AM,2017,06,04,08,21.4,71,Moderate,21.0,UG/M3,1 Hr,Valid
Hyderabad,PM2.5 - Principal,2017-06-04 09:00 AM,2017,06,04,09,25.7,80,Moderate,30.0,UG/M3,1 Hr,Valid
Hyderabad,PM2.5 - Principal,2017-06-04 10:00 AM,2017,06,04,10,26.3,81,Moderate,27.0,UG/M3,1 Hr,Valid
Hyderabad,PM2.5 - Principal,2017-06-04 11:00 AM,2017,06,04,11,27.6,84,Moderate,29.0,UG/M3,1 Hr,Valid
Hyderabad,PM2.5 - Principal,2017-06-04 12:00 PM,2017,06,04,12,42.8,119,Unhealthy for Sensitive Groups,58.0,UG/M3,1 Hr,Valid
Hyderabad,PM2.5 - Principal,2017-06-04 01:00 PM,2017,06,04,13,32.9,95,Moderate,23.0,UG/M3,1 Hr,Valid
Hyderabad,PM2.5 - Principal,2017-06-04 02:00 PM,2017,06,04,14,30.4,89,Moderate,28.0,UG/M3,1 Hr,Valid
Hyderabad,PM2.5 - Principal,2017-06-04 03:00 PM,2017,06,04,15,29.7,88,Moderate,29.0,UG/M3,1 Hr,Valid
Hyderabad,PM2.5 - Principal,2017-06-04 04:00 PM,2017,06,04,16,26.8,82,Moderate,24.0,UG/M3,1 Hr,Valid
Hyderabad,PM2.5 - Principal,2017-06-04 05:00 PM,2017,06,04,17,26.4,81,Moderate,26.0,UG/M3,1 Hr,Valid
Hyderabad,PM2.5 - Principal,2017-06-04 06:00 PM,2017,06,04,18,22.7,73,Moderate,19.0,UG/M3,1 Hr,Valid
Hyderabad,PM2.5 - Principal,2017-06-04 07:00 PM,2017,06,04,19,21.8,71,Moderate,21.0,UG/M3,1 Hr,Valid
Hyderabad,PM2.5 - Principal,2017-06-04 08:00 PM,2017,06,04,20,23.9,76,Moderate,26.0,UG/M3,1 Hr,Valid
Hyderabad,PM2.5 - Principal,2017-06-04 09:00 PM,2017,06,04,21,31.4,92,Moderate,39.0,UG/M3,1 Hr,Valid
Hyderabad,PM2.5 - Principal,2017-06-04 10:00 PM,2017,06,04,22,43.2,120,Unhealthy for Sensitive Groups,55.0,UG/M3,1 Hr,Valid
Hyderabad,PM2.5 - Principal,2017-06-04 11:00 PM,2017,06,04,23,55.1,149,Unhealthy for Sensitive Groups,67.0,UG/M3,1 Hr,Valid
Hyderabad,PM2.5 - Principal,2017-06-05 12:00 AM,2017,06,05,00,62.5,155,Unhealthy,70.0,UG/M3,1 Hr,Valid
Hyderabad,PM2.5 - Principal,2017-06-05 01:00 AM,2017,06,05,01,67.7,157,Unhealthy,73.0,UG/M3,1 Hr,Valid
Hyderabad,PM2.5 - Principal,2017-06-05 02:00 AM,2017,06,05,02,55.8,151,Unhealthy,44.0,UG/M3,1 Hr,Valid
Hyderabad,PM2.5 - Principal,2017-06-05 03:00 AM,2017,06,05,03,39.4,111,Unhealthy for Sensitive Groups,23.0,UG/M3,1 Hr,Valid
Hyderabad,PM2.5 - Principal,2017-06-05 04:00 AM,2017,06,05,04,31.2,91,Moderate,23.0,UG/M3,1 Hr,Valid
Hyderabad,PM2.5 - Principal,2017-06-05 05:00 AM,2017,06,05,05,27.1,83,Moderate,23.0,UG/M3,1 Hr,Valid
Hyderabad,PM2.5 - Principal,2017-06-05 06:00 AM,2017,06,05,06,25.5,79,Moderate,24.0,UG/M3,1 Hr,Valid
Hyderabad,PM2.5 - Principal,2017-06-05 07:00 AM,2017,06,05,07,29.7,88,Moderate,34.0,UG/M3,1 Hr,Valid
Hyderabad,PM2.5 - Principal,2017-06-05 08:00 AM,2017,06,05,08,28.8,86,Moderate,28.0,UG/M3,1 Hr,Valid
Hyderabad,PM2.5 - Principal,2017-06-05 09:00 AM,2017,06,05,09,33.4,96,Moderate,38.0,UG/M3,1 Hr,Valid
Hyderabad,PM2.5 - Principal,2017-06-05 10:00 AM,2017,06,05,10,33.2,95,Moderate,33.0,UG/M3,1 Hr,Valid
Hyderabad,PM2.5 - Principal,2017-06-05 11:00 AM,2017,06,05,11,35.1,99,Moderate,37.0,UG/M3,1 Hr,Valid
Hyderabad,PM2.5 - Principal,2017-06-05 12:00 PM,2017,06,05,12,33.0,95,Moderate,31.0,UG/M3,1 Hr,Valid
Hyderabad,PM2.5 - Principal,2017-06-05 01:00 PM,2017,06,05,13,32.5,94,Moderate,32.0,UG/M3,1 Hr,Valid
Hyderabad,PM2.5 - Principal,2017-06-05 02:00 PM,2017,06,05,14,31.1,91,Moderate,29.0,UG/M3,1 Hr,Valid
Hyderabad,PM2.5 - Principal,2017-06-05 03:00 PM,2017,06,05,15,30.3,89,Moderate,29.0,UG/M3,1 Hr,Valid
Hyderabad,PM2.5 - Principal,2017-06-05 04:00 PM,2017,06,05,16,30.5,90,Moderate,31.0,UG/M3,1 Hr,Valid
Hyderabad,PM2.5 - Principal,2017-06-05 05:00 PM,2017,06,05,17,31.1,91,Moderate,32.0,UG/M3,1 Hr,Valid
Hyderabad,PM2.5 - Principal,2017-06-05 06:00 PM,2017,06,05,18,31.7,92,Moderate,33.0,UG/M3,1 Hr,Valid
Hyderabad,PM2.5 - Principal,2017-06-05 07:00 PM,2017,06,05,19,30.3,89,Moderate,27.0,UG/M3,1 Hr,Valid
Hyderabad,PM2.5 - Principal,2017-06-05 08:00 PM,2017,06,05,20,31.7,92,Moderate,35.0,UG/M3,1 Hr,Valid
Hyderabad,PM2.5 - Principal,2017-06-05 09:00 PM,2017,06,05,21,34.4,98,Moderate,40.0,UG/M3,1 Hr,Valid
Hyderabad,PM2.5 - Principal,2017-06-05 10:00 PM,2017,06,05,22,37.9,107,Unhealthy for Sensitive Groups,43.0,UG/M3,1 Hr,Valid
Hyderabad,PM2.5 - Principal,2017-06-05 11:00 PM,2017,06,05,23,37.5,106,Unhealthy for Sensitive Groups,37.0,UG/M3,1 Hr,Valid
Hyderabad,PM2.5 - Principal,2017-06-06 12:00 AM,2017,06,06,00,36.6,104,Unhealthy for Sensitive Groups,35.0,UG/M3,1 Hr,Valid
Hyderabad,PM2.5 - Principal,2017-06-06 01:00 AM,2017,06,06,01,37.1,105,Unhealthy for Sensitive Groups,38.0,UG/M3,1 Hr,Valid
Hyderabad,PM2.5 - Principal,2017-06-06 02:00 AM,2017,06,06,02,37.4,106,Unhealthy for Sensitive Groups,38.0,UG/M3,1 Hr,Valid
Hyderabad,PM2.5 - Principal,2017-06-06 03:00 AM,2017,06,06,03,33.9,97,Moderate,28.0,UG/M3,1 Hr,Valid
Hyderabad,PM2.5 - Principal,2017-06-06 04:00 AM,2017,06,06,04,28.4,85,Moderate,23.0,UG/M3,1 Hr,Valid
Hyderabad,PM2.5 - Principal,2017-06-06 05:00 AM,2017,06,06,05,33.8,97,Moderate,40.0,UG/M3,1 Hr,Valid
Hyderabad,PM2.5 - Principal,2017-06-06 06:00 AM,2017,06,06,06,26.9,82,Moderate,20.0,UG/M3,1 Hr,Valid
Hyderabad,PM2.5 - Principal,2017-06-06 07:00 AM,2017,06,06,07,21.9,72,Moderate,17.0,UG/M3,1 Hr,Valid
Hyderabad,PM2.5 - Principal,2017-06-06 08:00 AM,2017,06,06,08,23.9,76,Moderate,26.0,UG/M3,1 Hr,Valid
Hyderabad,PM2.5 - Principal,2017-06-06 09:00 AM,2017,06,06,09,29.4,87,Moderate,35.0,UG/M3,1 Hr,Valid
Hyderabad,PM2.5 - Principal,2017-06-06 10:00 AM,2017,06,06,10,32.2,93,Moderate,35.0,UG/M3,1 Hr,Valid
Hyderabad,PM2.5 - Principal,2017-06-06 11:00 AM,2017,06,06,11,36.1,102,Unhealthy for Sensitive Groups,40.0,UG/M3,1 Hr,Valid
Hyderabad,PM2.5 - Principal,2017-06-06 12:00 PM,2017,06,06,12,42.5,118,Unhealthy for Sensitive Groups,49.0,UG/M3,1 Hr,Valid
Hyderabad,PM2.5 - Principal,2017-06-06 01:00 PM,2017,06,06,13,42.2,117,Unhealthy for Sensitive Groups,42.0,UG/M3,1 Hr,Valid
Hyderabad,PM2.5 - Principal,2017-06-06 02:00 PM,2017,06,06,14,37.1,105,Unhealthy for Sensitive Groups,32.0,UG/M3,1 Hr,Valid
Hyderabad,PM2.5 - Principal,2017-06-06 03:00 PM,2017,06,06,15,35.0,99,Moderate,33.0,UG/M3,1 Hr,Valid
Hyderabad,PM2.5 - Principal,2017-06-06 04:00 PM,2017,06,06,16,31.0,91,Moderate,27.0,UG/M3,1 Hr,Valid
Hyderabad,PM2.5 - Principal,2017-06-06 05:00 PM,2017,06,06,17,35.5,101,Unhealthy for Sensitive Groups,40.0,UG/M3,1 Hr,Valid
Hyderabad,PM2.5 - Principal,2017-06-06 06:00 PM,2017,06,06,18,40.7,114,Unhealthy for Sensitive Groups,46.0,UG/M3,1 Hr,Valid
Hyderabad,PM2.5 - Principal,2017-06-06 07:00 PM,2017,06,06,19,39.2,110,Unhealthy for Sensitive Groups,38.0,UG/M3,1 Hr,Valid
Hyderabad,PM2.5 - Principal,2017-06-06 08:00 PM,2017,06,06,20,36.4,103,Unhealthy for Sensitive Groups,33.0,UG/M3,1 Hr,Valid
Hyderabad,PM2.5 - Principal,2017-06-06 09:00 PM,2017,06,06,21,37.5,106,Unhealthy for Sensitive Groups,39.0,UG/M3,1 Hr,Valid
Hyderabad,PM2.5 - Principal,2017-06-06 10:00 PM,2017,06,06,22,37.7,106,Unhealthy for Sensitive Groups,38.0,UG/M3,1 Hr,Valid
Hyderabad,PM2.5 - Principal,2017-06-06 11:00 PM,2017,06,06,23,37.8,107,Unhealthy for Sensitive Groups,38.0,UG/M3,1 Hr,Valid
Hyderabad,PM2.5 - Principal,2017-06-07 12:00 AM,2017,06,07,00,35.8,102,Unhealthy for Sensitive Groups,33.0,UG/M3,1 Hr,Valid
Hyderabad,PM2.5 - Principal,2017-06-07 01:00 AM,2017,06,07,01,37.5,106,Unhealthy for Sensitive Groups,40.0,UG/M3,1 Hr,Valid
Hyderabad,PM2.5 - Principal,2017-06-07 02:00 AM,2017,06,07,02,35.2,100,Moderate,32.0,UG/M3,1 Hr,Valid
Hyderabad,PM2.5 - Principal,2017-06-07 03:00 AM,2017,06,07,03,33.0,95,Moderate,30.0,UG/M3,1 Hr,Valid
Hyderabad,PM2.5 - Principal,2017-06-07 04:00 AM,2017,06,07,04,30.5,90,Moderate,27.0,UG/M3,1 Hr,Valid
Hyderabad,PM2.5 - Principal,2017-06-07 05:00 AM,2017,06,07,05,26.3,81,Moderate,23.0,UG/M3,1 Hr,Valid
Hyderabad,PM2.5 - Principal,2017-06-07 06:00 AM,2017,06,07,06,20.1,68,Moderate,14.0,UG/M3,1 Hr,Valid
Hyderabad,PM2.5 - Principal,2017-06-07 07:00 AM,2017,06,07,07,17.5,62,Moderate,15.0,UG/M3,1 Hr,Valid
Hyderabad,PM2.5 - Principal,2017-06-07 08:00 AM,2017,06,07,08,19.2,66,Moderate,21.0,UG/M3,1 Hr,Valid
Hyderabad,PM2.5 - Principal,2017-06-07 09:00 AM,2017,06,07,09,22.1,72,Moderate,25.0,UG/M3,1 Hr,Valid
Hyderabad,PM2.5 - Principal,2017-06-07 10:00 AM,2017,06,07,10,24.0,76,Moderate,26.0,UG/M3,1 Hr,Valid
Hyderabad,PM2.5 - Principal,2017-06-07 11:00 AM,2017,06,07,11,25.5,79,Moderate,27.0,UG/M3,1 Hr,Valid
Hyderabad,PM2.5 - Principal,2017-06-07 12:00 PM,2017,06,07,12,25.7,80,Moderate,26.0,UG/M3,1 Hr,Valid
Hyderabad,PM2.5 - Principal,2017-06-07 01:00 PM,2017,06,07,13,25.8,80,Moderate,26.0,UG/M3,1 Hr,Valid
Hyderabad,PM2.5 - Principal,2017-06-07 02:00 PM,2017,06,07,14,25.4,79,Moderate,25.0,UG/M3,1 Hr,Valid
Hyderabad,PM2.5 - Principal,2017-06-07 03:00 PM,2017,06,07,15,22.3,72,Moderate,19.0,UG/M3,1 Hr,Valid
Hyderabad,PM2.5 - Principal,2017-06-07 04:00 PM,2017,06,07,16,24.5,77,Moderate,27.0,UG/M3,1 Hr,Valid
Hyderabad,PM2.5 - Principal,2017-06-07 05:00 PM,2017,06,07,17,25.7,80,Moderate,27.0,UG/M3,1 Hr,Valid
Hyderabad,PM2.5 - Principal,2017-06-07 06:00 PM,2017,06,07,18,28.4,85,Moderate,31.0,UG/M3,1 Hr,Valid
Hyderabad,PM2.5 - Principal,2017-06-07 07:00 PM,2017,06,07,19,33.2,95,Moderate,38.0,UG/M3,1 Hr,Valid
Hyderabad,PM2.5 - Principal,2017-06-07 08:00 PM,2017,06,07,20,38.1,107,Unhealthy for Sensitive Groups,43.0,UG/M3,1 Hr,Valid
Hyderabad,PM2.5 - Principal,2017-06-07 09:00 PM,2017,06,07,21,36.0,102,Unhealthy for Sensitive Groups,34.0,UG/M3,1 Hr,Valid
Hyderabad,PM2.5 - Principal,2017-06-07 10:00 PM,2017,06,07,22,39.0,110,Unhealthy for Sensitive Groups,42.0,UG/M3,1 Hr,Valid
Hyderabad,PM2.5 - Principal,2017-06-07 11:00 PM,2017,06,07,23,34.0,97,Moderate,29.0,UG/M3,1 Hr,Valid
Hyderabad,PM2.5 - Principal,2017-06-08 12:00 AM,2017,06,08,00,31.0,91,Moderate,28.0,UG/M3,1 Hr,Valid
Hyderabad,PM2.5 - Principal,2017-06-08 01:00 AM,2017,06,08,01,31.0,91,Moderate,31.0,UG/M3,1 Hr,Valid
Hyderabad,PM2.5 - Principal,2017-06-08 02:00 AM,2017,06,08,02,26.0,80,Moderate,21.0,UG/M3,1 Hr,Valid
Hyderabad,PM2.5 - Principal,2017-06-08 03:00 AM,2017,06,08,03,26.5,81,Moderate,27.0,UG/M3,1 Hr,Valid
Hyderabad,PM2.5 - Principal,2017-06-08 04:00 AM,2017,06,08,04,26.2,81,Moderate,26.0,UG/M3,1 Hr,Valid
Hyderabad,PM2.5 - Principal,2017-06-08 05:00 AM,2017,06,08,05,24.1,76,Moderate,22.0,UG/M3,1 Hr,Valid
Hyderabad,PM2.5 - Principal,2017-06-08 06:00 AM,2017,06,08,06,23.5,75,Moderate,23.0,UG/M3,1 Hr,Valid
Hyderabad,PM2.5 - Principal,2017-06-08 07:00 AM,2017,06,08,07,21.2,70,Moderate,19.0,UG/M3,1 Hr,Valid
Hyderabad,PM2.5 - Principal,2017-06-08 08:00 AM,2017,06,08,08,18.6,65,Moderate,16.0,UG/M3,1 Hr,Valid
Hyderabad,PM2.5 - Principal,2017-06-08 09:00 AM,2017,06,08,09,19.8,67,Moderate,21.0,UG/M3,1 Hr,Valid
Hyderabad,PM2.5 - Principal,2017-06-08 10:00 AM,2017,06,08,10,17.9,63,Moderate,16.0,UG/M3,1 Hr,Valid
Hyderabad,PM2.5 - Principal,2017-06-08 11:00 AM,2017,06,08,11,19.4,66,Moderate,21.0,UG/M3,1 Hr,Valid
Hyderabad,PM2.5 - Principal,2017-06-08 12:00 PM,2017,06,08,12,20.6,69,Moderate,22.0,UG/M3,1 Hr,Valid
Hyderabad,PM2.5 - Principal,2017-06-08 01:00 PM,2017,06,08,13,19.4,66,Moderate,18.0,UG/M3,1 Hr,Valid
Hyderabad,PM2.5 - Principal,2017-06-08 02:00 PM,2017,06,08,14,27.1,83,Moderate,35.0,UG/M3,1 Hr,Valid
Hyderabad,PM2.5 - Principal,2017-06-08 03:00 PM,2017,06,08,15,30.5,90,Moderate,34.0,UG/M3,1 Hr,Valid
Hyderabad,PM2.5 - Principal,2017-06-08 04:00 PM,2017,06,08,16,31.7,92,Moderate,33.0,UG/M3,1 Hr,Valid
Hyderabad,PM2.5 - Principal,2017-06-08 05:00 PM,2017,06,08,17,28.3,85,Moderate,25.0,UG/M3,1 Hr,Valid
Hyderabad,PM2.5 - Principal,2017-06-08 06:00 PM,2017,06,08,18,30.2,89,Moderate,32.0,UG/M3,1 Hr,Valid
Hyderabad,PM2.5 - Principal,2017-06-08 07:00 PM,2017,06,08,19,33.6,96,Moderate,37.0,UG/M3,1 Hr,Valid
Hyderabad,PM2.5 - Principal,2017-06-08 08:00 PM,2017,06,08,20,32.3,93,Moderate,31.0,UG/M3,1 Hr,Valid
Hyderabad,PM2.5 - Principal,2017-06-08 09:00 PM,2017,06,08,21,31.1,91,Moderate,30.0,UG/M3,1 Hr,Valid
Hyderabad,PM2.5 - Principal,2017-06-08 10:00 PM,2017,06,08,22,33.5,96,Moderate,36.0,UG/M3,1 Hr,Valid
Hyderabad,PM2.5 - Principal,2017-06-08 11:00 PM,2017,06,08,23,33.5,96,Moderate,-999.0,UG/M3,1 Hr,Missing
Hyderabad,PM2.5 - Principal,2017-06-09 12:00 AM,2017,06,09,00,29.1,87,Moderate,27.0,UG/M3,1 Hr,Valid
Hyderabad,PM2.5 - Principal,2017-06-09 01:00 AM,2017,06,09,01,29.1,87,Moderate,27.0,UG/M3,1 Hr,Valid
Hyderabad,PM2.5 - Principal,2017-06-09 02:00 AM,2017,06,09,02,24.8,78,Moderate,21.0,UG/M3,1 Hr,Valid
Hyderabad,PM2.5 - Principal,2017-06-09 03:00 AM,2017,06,09,03,23.5,75,Moderate,22.0,UG/M3,1 Hr,Valid
Hyderabad,PM2.5 - Principal,2017-06-09 04:00 AM,2017,06,09,04,23.3,75,Moderate,23.0,UG/M3,1 Hr,Valid
Hyderabad,PM2.5 - Principal,2017-06-09 05:00 AM,2017,06,09,05,23.1,74,Moderate,23.0,UG/M3,1 Hr,Valid
Hyderabad,PM2.5 - Principal,2017-06-09 06:00 AM,2017,06,09,06,21.0,70,Moderate,19.0,UG/M3,1 Hr,Valid
Hyderabad,PM2.5 - Principal,2017-06-09 07:00 AM,2017,06,09,07,22.9,74,Moderate,25.0,UG/M3,1 Hr,Valid
Hyderabad,PM2.5 - Principal,2017-06-09 08:00 AM,2017,06,09,08,27.7,84,Moderate,33.0,UG/M3,1 Hr,Valid
Hyderabad,PM2.5 - Principal,2017-06-09 09:00 AM,2017,06,09,09,31.6,92,Moderate,36.0,UG/M3,1 Hr,Valid
Hyderabad,PM2.5 - Principal,2017-06-09 10:00 AM,2017,06,09,10,29.4,87,Moderate,27.0,UG/M3,1 Hr,Valid
Hyderabad,PM2.5 - Principal,2017-06-09 11:00 AM,2017,06,09,11,28.2,85,Moderate,27.0,UG/M3,1 Hr,Valid
Hyderabad,PM2.5 - Principal,2017-06-09 12:00 PM,2017,06,09,12,30.9,91,Moderate,34.0,UG/M3,1 Hr,Valid
Hyderabad,PM2.5 - Principal,2017-06-09 01:00 PM,2017,06,09,13,31.4,92,Moderate,32.0,UG/M3,1 Hr,Valid
Hyderabad,PM2.5 - Principal,2017-06-09 02:00 PM,2017,06,09,14,32.6,94,Moderate,34.0,UG/M3,1 Hr,Valid
Hyderabad,PM2.5 - Principal,2017-06-09 03:00 PM,2017,06,09,15,33.2,95,Moderate,34.0,UG/M3,1 Hr,Valid
Hyderabad,PM2.5 - Principal,2017-06-09 04:00 PM,2017,06,09,16,31.7,92,Moderate,30.0,UG/M3,1 Hr,Valid
Hyderabad,PM2.5 - Principal,2017-06-09 05:00 PM,2017,06,09,17,38.8,109,Unhealthy for Sensitive Groups,46.0,UG/M3,1 Hr,Valid
Hyderabad,PM2.5 - Principal,2017-06-09 06:00 PM,2017,06,09,18,44.4,123,Unhealthy for Sensitive Groups,50.0,UG/M3,1 Hr,Valid
Hyderabad,PM2.5 - Principal,2017-06-09 07:00 PM,2017,06,09,19,42.9,119,Unhealthy for Sensitive Groups,42.0,UG/M3,1 Hr,Valid
Hyderabad,PM2.5 - Principal,2017-06-09 08:00 PM,2017,06,09,20,37.8,107,Unhealthy for Sensitive Groups,32.0,UG/M3,1 Hr,Valid
Hyderabad,PM2.5 - Principal,2017-06-09 09:00 PM,2017,06,09,21,36.1,102,Unhealthy for Sensitive Groups,34.0,UG/M3,1 Hr,Valid
Hyderabad,PM2.5 - Principal,2017-06-09 10:00 PM,2017,06,09,22,34.2,97,Moderate,32.0,UG/M3,1 Hr,Valid
Hyderabad,PM2.5 - Principal,2017-06-09 11:00 PM,2017,06,09,23,31.5,92,Moderate,28.0,UG/M3,1 Hr,Valid
Hyderabad,PM2.5 - Principal,2017-06-10 12:00 AM,2017,06,10,00,31.3,91,Moderate,31.0,UG/M3,1 Hr,Valid
Hyderabad,PM2.5 - Principal,2017-06-10 01:00 AM,2017,06,10,01,26.4,81,Moderate,22.0,UG/M3,1 Hr,Valid
Hyderabad,PM2.5 - Principal,2017-06-10 02:00 AM,2017,06,10,02,18.7,65,Moderate,11.0,UG/M3,1 Hr,Valid
Hyderabad,PM2.5 - Principal,2017-06-10 03:00 AM,2017,06,10,03,15.3,58,Moderate,12.0,UG/M3,1 Hr,Valid
Hyderabad,PM2.5 - Principal,2017-06-10 04:00 AM,2017,06,10,04,12.1,51,Moderate,9.0,UG/M3,1 Hr,Valid
Hyderabad,PM2.5 - Principal,2017-06-10 05:00 AM,2017,06,10,05,10.5,44,Good,9.0,UG/M3,1 Hr,Valid
Hyderabad,PM2.5 - Principal,2017-06-10 06:00 AM,2017,06,10,06,14.2,55,Moderate,18.0,UG/M3,1 Hr,Valid
Hyderabad,PM2.5 - Principal,2017-06-10 07:00 AM,2017,06,10,07,14.6,56,Moderate,15.0,UG/M3,1 Hr,Valid
Hyderabad,PM2.5 - Principal,2017-06-10 08:00 AM,2017,06,10,08,14.8,57,Moderate,15.0,UG/M3,1 Hr,Valid
Hyderabad,PM2.5 - Principal,2017-06-10 09:00 AM,2017,06,10,09,15.4,58,Moderate,16.0,UG/M3,1 Hr,Valid
Hyderabad,PM2.5 - Principal,2017-06-10 10:00 AM,2017,06,10,10,16.2,60,Moderate,17.0,UG/M3,1 Hr,Valid
Hyderabad,PM2.5 - Principal,2017-06-10 11:00 AM,2017,06,10,11,21.1,70,Moderate,26.0,UG/M3,1 Hr,Valid
Hyderabad,PM2.5 - Principal,2017-06-10 12:00 PM,2017,06,10,12,23.5,75,Moderate,26.0,UG/M3,1 Hr,Valid
Hyderabad,PM2.5 - Principal,2017-06-10 01:00 PM,2017,06,10,13,24.7,77,Moderate,26.0,UG/M3,1 Hr,Valid
Hyderabad,PM2.5 - Principal,2017-06-10 02:00 PM,2017,06,10,14,24.3,77,Moderate,24.0,UG/M3,1 Hr,Valid
Hyderabad,PM2.5 - Principal,2017-06-10 03:00 PM,2017,06,10,15,22.6,73,Moderate,21.0,UG/M3,1 Hr,Valid
Hyderabad,PM2.5 - Principal,2017-06-10 04:00 PM,2017,06,10,16,22.3,72,Moderate,22.0,UG/M3,1 Hr,Valid
Hyderabad,PM2.5 - Principal,2017-06-10 05:00 PM,2017,06,10,17,26.1,80,Moderate,30.0,UG/M3,1 Hr,Valid
Hyderabad,PM2.5 - Principal,2017-06-10 06:00 PM,2017,06,10,18,29.0,87,Moderate,32.0,UG/M3,1 Hr,Valid
Hyderabad,PM2.5 - Principal,2017-06-10 07:00 PM,2017,06,10,19,27.5,83,Moderate,26.0,UG/M3,1 Hr,Valid
Hyderabad,PM2.5 - Principal,2017-06-10 08:00 PM,2017,06,10,20,29.7,88,Moderate,32.0,UG/M3,1 Hr,Valid
Hyderabad,PM2.5 - Principal,2017-06-10 09:00 PM,2017,06,10,21,32.3,93,Moderate,35.0,UG/M3,1 Hr,Valid
Hyderabad,PM2.5 - Principal,2017-06-10 10:00 PM,2017,06,10,22,28.9,86,Moderate,25.0,UG/M3,1 Hr,Valid
Hyderabad,PM2.5 - Principal,2017-06-10 11:00 PM,2017,06,10,23,28.1,85,Moderate,27.0,UG/M3,1 Hr,Valid
Hyderabad,PM2.5 - Principal,2017-06-11 12:00 AM,2017,06,11,00,24.6,77,Moderate,20.0,UG/M3,1 Hr,Valid
Hyderabad,PM2.5 - Principal,2017-06-11 01:00 AM,2017,06,11,01,21.8,71,Moderate,19.0,UG/M3,1 Hr,Valid
Hyderabad,PM2.5 - Principal,2017-06-11 02:00 AM,2017,06,11,02,19.8,67,Moderate,18.0,UG/M3,1 Hr,Valid
Hyderabad,PM2.5 - Principal,2017-06-11 03:00 AM,2017,06,11,03,17.8,63,Moderate,16.0,UG/M3,1 Hr,Valid
Hyderabad,PM2.5 - Principal,2017-06-11 04:00 AM,2017,06,11,04,13.4,54,Moderate,9.0,UG/M3,1 Hr,Valid
Hyderabad,PM2.5 - Principal,2017-06-11 05:00 AM,2017,06,11,05,12.2,51,Moderate,11.0,UG/M3,1 Hr,Valid
Hyderabad,PM2.5 - Principal,2017-06-11 06:00 AM,2017,06,11,06,15.6,58,Moderate,19.0,UG/M3,1 Hr,Valid
Hyderabad,PM2.5 - Principal,2017-06-11 07:00 AM,2017,06,11,07,20.3,68,Moderate,25.0,UG/M3,1 Hr,Valid
Hyderabad,PM2.5 - Principal,2017-06-11 08:00 AM,2017,06,11,08,20.1,68,Moderate,20.0,UG/M3,1 Hr,Valid
Hyderabad,PM2.5 - Principal,2017-06-11 09:00 AM,2017,06,11,09,19.5,67,Moderate,19.0,UG/M3,1 Hr,Valid
Hyderabad,PM2.5 - Principal,2017-06-11 10:00 AM,2017,06,11,10,16.2,60,Moderate,13.0,UG/M3,1 Hr,Valid
Hyderabad,PM2.5 - Principal,2017-06-11 11:00 AM,2017,06,11,11,19.6,67,Moderate,23.0,UG/M3,1 Hr,Valid
Hyderabad,PM2.5 - Principal,2017-06-11 12:00 PM,2017,06,11,12,22.8,74,Moderate,26.0,UG/M3,1 Hr,Valid
Hyderabad,PM2.5 - Principal,2017-06-11 01:00 PM,2017,06,11,13,24.4,77,Moderate,26.0,UG/M3,1 Hr,Valid
Hyderabad,PM2.5 - Principal,2017-06-11 02:00 PM,2017,06,11,14,23.7,75,Moderate,23.0,UG/M3,1 Hr,Valid
Hyderabad,PM2.5 - Principal,2017-06-11 03:00 PM,2017,06,11,15,21.3,70,Moderate,19.0,UG/M3,1 Hr,Valid
Hyderabad,PM2.5 - Principal,2017-06-11 04:00 PM,2017,06,11,16,22.6,73,Moderate,24.0,UG/M3,1 Hr,Valid
Hyderabad,PM2.5 - Principal,2017-06-11 05:00 PM,2017,06,11,17,21.8,71,Moderate,21.0,UG/M3,1 Hr,Valid
Hyderabad,PM2.5 - Principal,2017-06-11 06:00 PM,2017,06,11,18,22.9,74,Moderate,24.0,UG/M3,1 Hr,Valid
Hyderabad,PM2.5 - Principal,2017-06-11 07:00 PM,2017,06,11,19,24.9,78,Moderate,27.0,UG/M3,1 Hr,Valid
Hyderabad,PM2.5 - Principal,2017-06-11 08:00 PM,2017,06,11,20,30.4,89,Moderate,36.0,UG/M3,1 Hr,Valid
Hyderabad,PM2.5 - Principal,2017-06-11 09:00 PM,2017,06,11,21,28.7,86,Moderate,27.0,UG/M3,1 Hr,Valid
Hyderabad,PM2.5 - Principal,2017-06-11 10:00 PM,2017,06,11,22,32.7,94,Moderate,37.0,UG/M3,1 Hr,Valid
Hyderabad,PM2.5 - Principal,2017-06-11 11:00 PM,2017,06,11,23,35.4,100,Moderate,38.0,UG/M3,1 Hr,Valid
Hyderabad,PM2.5 - Principal,2017-06-12 12:00 AM,2017,06,12,00,30.2,89,Moderate,25.0,UG/M3,1 Hr,Valid
Hyderabad,PM2.5 - Principal,2017-06-12 01:00 AM,2017,06,12,01,23.1,74,Moderate,16.0,UG/M3,1 Hr,Valid
Hyderabad,PM2.5 - Principal,2017-06-12 02:00 AM,2017,06,12,02,14.5,56,Moderate,6.0,UG/M3,1 Hr,Valid
Hyderabad,PM2.5 - Principal,2017-06-12 03:00 AM,2017,06,12,03,10.7,45,Good,7.0,UG/M3,1 Hr,Valid
Hyderabad,PM2.5 - Principal,2017-06-12 04:00 AM,2017,06,12,04,9.8,41,Good,9.0,UG/M3,1 Hr,Valid
Hyderabad,PM2.5 - Principal,2017-06-12 05:00 AM,2017,06,12,05,10.4,43,Good,11.0,UG/M3,1 Hr,Valid
Hyderabad,PM2.5 - Principal,2017-06-12 06:00 AM,2017,06,12,06,8.7,36,Good,7.0,UG/M3,1 Hr,Valid
Hyderabad,PM2.5 - Principal,2017-06-12 07:00 AM,2017,06,12,07,7.8,33,Good,7.0,UG/M3,1 Hr,Valid
Hyderabad,PM2.5 - Principal,2017-06-12 08:00 AM,2017,06,12,08,14.4,56,Moderate,21.0,UG/M3,1 Hr,Valid
Hyderabad,PM2.5 - Principal,2017-06-12 09:00 AM,2017,06,12,09,16.7,61,Moderate,19.0,UG/M3,1 Hr,Valid
Hyderabad,PM2.5 - Principal,2017-06-12 10:00 AM,2017,06,12,10,15.3,58,Moderate,14.0,UG/M3,1 Hr,Valid
Hyderabad,PM2.5 - Principal,2017-06-12 11:00 AM,2017,06,12,11,19.1,66,Moderate,23.0,UG/M3,1 Hr,Valid
Hyderabad,PM2.5 - Principal,2017-06-12 12:00 PM,2017,06,12,12,21.0,70,Moderate,23.0,UG/M3,1 Hr,Valid
Hyderabad,PM2.5 - Principal,2017-06-12 01:00 PM,2017,06,12,13,22.0,72,Moderate,23.0,UG/M3,1 Hr,Valid
Hyderabad,PM2.5 - Principal,2017-06-12 02:00 PM,2017,06,12,14,22.0,72,Moderate,-999.0,UG/M3,1 Hr,Missing
Hyderabad,PM2.5 - Principal,2017-06-12 03:00 PM,2017,06,12,15,21.3,70,Moderate,21.0,UG/M3,1 Hr,Valid
Hyderabad,PM2.5 - Principal,2017-06-12 04:00 PM,2017,06,12,16,21.1,70,Moderate,21.0,UG/M3,1 Hr,Valid
Hyderabad,PM2.5 - Principal,2017-06-12 05:00 PM,2017,06,12,17,17.3,62,Moderate,14.0,UG/M3,1 Hr,Valid
Hyderabad,PM2.5 - Principal,2017-06-12 06:00 PM,2017,06,12,18,17.1,62,Moderate,17.0,UG/M3,1 Hr,Valid
Hyderabad,PM2.5 - Principal,2017-06-12 07:00 PM,2017,06,12,19,18.5,64,Moderate,20.0,UG/M3,1 Hr,Valid
Hyderabad,PM2.5 - Principal,2017-06-12 08:00 PM,2017,06,12,20,21.4,71,Moderate,25.0,UG/M3,1 Hr,Valid
Hyderabad,PM2.5 - Principal,2017-06-12 09:00 PM,2017,06,12,21,14.8,57,Moderate,8.0,UG/M3,1 Hr,Valid
Hyderabad,PM2.5 - Principal,2017-06-12 10:00 PM,2017,06,12,22,13.9,55,Moderate,13.0,UG/M3,1 Hr,Valid
Hyderabad,PM2.5 - Principal,2017-06-12 11:00 PM,2017,06,12,23,14.4,56,Moderate,15.0,UG/M3,1 Hr,Valid
Hyderabad,PM2.5 - Principal,2017-06-13 12:00 AM,2017,06,13,00,12.7,52,Moderate,11.0,UG/M3,1 Hr,Valid
Hyderabad,PM2.5 - Principal,2017-06-13 01:00 AM,2017,06,13,01,10.3,43,Good,8.0,UG/M3,1 Hr,Valid
Hyderabad,PM2.5 - Principal,2017-06-13 02:00 AM,2017,06,13,02,10.1,42,Good,10.0,UG/M3,1 Hr,Valid
Hyderabad,PM2.5 - Principal,2017-06-13 03:00 AM,2017,06,13,03,13.0,53,Moderate,16.0,UG/M3,1 Hr,Valid
Hyderabad,PM2.5 - Principal,2017-06-13 04:00 AM,2017,06,13,04,10.5,44,Good,8.0,UG/M3,1 Hr,Valid
Hyderabad,PM2.5 - Principal,2017-06-13 05:00 AM,2017,06,13,05,11.7,49,Good,13.0,UG/M3,1 Hr,Valid
Hyderabad,PM2.5 - Principal,2017-06-13 06:00 AM,2017,06,13,06,11.8,49,Good,12.0,UG/M3,1 Hr,Valid
Hyderabad,PM2.5 - Principal,2017-06-13 07:00 AM,2017,06,13,07,12.9,53,Moderate,14.0,UG/M3,1 Hr,Valid
Hyderabad,PM2.5 - Principal,2017-06-13 08:00 AM,2017,06,13,08,16.9,61,Moderate,21.0,UG/M3,1 Hr,Valid
Hyderabad,PM2.5 - Principal,2017-06-13 09:00 AM,2017,06,13,09,16.4,60,Moderate,16.0,UG/M3,1 Hr,Valid
Hyderabad,PM2.5 - Principal,2017-06-13 10:00 AM,2017,06,13,10,19.2,66,Moderate,22.0,UG/M3,1 Hr,Valid
Hyderabad,PM2.5 - Principal,2017-06-13 11:00 AM,2017,06,13,11,22.1,72,Moderate,25.0,UG/M3,1 Hr,Valid
Hyderabad,PM2.5 - Principal,2017-06-13 12:00 PM,2017,06,13,12,20.5,69,Moderate,19.0,UG/M3,1 Hr,Valid
Hyderabad,PM2.5 - Principal,2017-06-13 01:00 PM,2017,06,13,13,20.7,69,Moderate,21.0,UG/M3,1 Hr,Valid
Hyderabad,PM2.5 - Principal,2017-06-13 02:00 PM,2017,06,13,14,26.8,82,Moderate,33.0,UG/M3,1 Hr,Valid
Hyderabad,PM2.5 - Principal,2017-06-13 03:00 PM,2017,06,13,15,22.4,73,Moderate,18.0,UG/M3,1 Hr,Valid
Hyderabad,PM2.5 - Principal,2017-06-13 04:00 PM,2017,06,13,16,26.7,82,Moderate,31.0,UG/M3,1 Hr,Valid
Hyderabad,PM2.5 - Principal,2017-06-13 05:00 PM,2017,06,13,17,29.8,88,Moderate,33.0,UG/M3,1 Hr,Valid
Hyderabad,PM2.5 - Principal,2017-06-13 06:00 PM,2017,06,13,18,30.4,89,Moderate,31.0,UG/M3,1 Hr,Valid
Hyderabad,PM2.5 - Principal,2017-06-13 07:00 PM,2017,06,13,19,39.2,110,Unhealthy for Sensitive Groups,48.0,UG/M3,1 Hr,Valid
Hyderabad,PM2.5 - Principal,2017-06-13 08:00 PM,2017,06,13,20,31.1,91,Moderate,23.0,UG/M3,1 Hr,Valid
Hyderabad,PM2.5 - Principal,2017-06-13 09:00 PM,2017,06,13,21,30.5,90,Moderate,30.0,UG/M3,1 Hr,Valid
Hyderabad,PM2.5 - Principal,2017-06-13 10:00 PM,2017,06,13,22,36.7,104,Unhealthy for Sensitive Groups,43.0,UG/M3,1 Hr,Valid
Hyderabad,PM2.5 - Principal,2017-06-13 11:00 PM,2017,06,13,23,38.8,109,Unhealthy for Sensitive Groups,41.0,UG/M3,1 Hr,Valid
Hyderabad,PM2.5 - Principal,2017-06-14 12:00 AM,2017,06,14,00,34.9,99,Moderate,31.0,UG/M3,1 Hr,Valid
Hyderabad,PM2.5 - Principal,2017-06-14 01:00 AM,2017,06,14,01,39.4,111,Unhealthy for Sensitive Groups,44.0,UG/M3,1 Hr,Valid
Hyderabad,PM2.5 - Principal,2017-06-14 02:00 AM,2017,06,14,02,34.7,99,Moderate,30.0,UG/M3,1 Hr,Valid
Hyderabad,PM2.5 - Principal,2017-06-14 03:00 AM,2017,06,14,03,31.8,92,Moderate,29.0,UG/M3,1 Hr,Valid
Hyderabad,PM2.5 - Principal,2017-06-14 04:00 AM,2017,06,14,04,33.9,97,Moderate,36.0,UG/M3,1 Hr,Valid
Hyderabad,PM2.5 - Principal,2017-06-14 05:00 AM,2017,06,14,05,35.4,100,Moderate,37.0,UG/M3,1 Hr,Valid
Hyderabad,PM2.5 - Principal,2017-06-14 06:00 AM,2017,06,14,06,30.7,90,Moderate,26.0,UG/M3,1 Hr,Valid
Hyderabad,PM2.5 - Principal,2017-06-14 07:00 AM,2017,06,14,07,33.3,96,Moderate,36.0,UG/M3,1 Hr,Valid
Hyderabad,PM2.5 - Principal,2017-06-14 08:00 AM,2017,06,14,08,38.8,109,Unhealthy for Sensitive Groups,46.0,UG/M3,1 Hr,Valid
Hyderabad,PM2.5 - Principal,2017-06-14 09:00 AM,2017,06,14,09,38.9,109,Unhealthy for Sensitive Groups,39.0,UG/M3,1 Hr,Valid
Hyderabad,PM2.5 - Principal,2017-06-14 10:00 AM,2017,06,14,10,38.9,109,Unhealthy for Sensitive Groups,39.0,UG/M3,1 Hr,Valid
Hyderabad,PM2.5 - Principal,2017-06-14 11:00 AM,2017,06,14,11,35.9,102,Unhealthy for Sensitive Groups,32.0,UG/M3,1 Hr,Valid
Hyderabad,PM2.5 - Principal,2017-06-14 12:00 PM,2017,06,14,12,35.0,99,Moderate,34.0,UG/M3,1 Hr,Valid
Hyderabad,PM2.5 - Principal,2017-06-14 01:00 PM,2017,06,14,13,38.0,107,Unhealthy for Sensitive Groups,42.0,UG/M3,1 Hr,Valid
Hyderabad,PM2.5 - Principal,2017-06-14 02:00 PM,2017,06,14,14,40.6,114,Unhealthy for Sensitive Groups,44.0,UG/M3,1 Hr,Valid
Hyderabad,PM2.5 - Principal,2017-06-14 03:00 PM,2017,06,14,15,38.6,109,Unhealthy for Sensitive Groups,36.0,UG/M3,1 Hr,Valid
Hyderabad,PM2.5 - Principal,2017-06-14 04:00 PM,2017,06,14,16,39.6,111,Unhealthy for Sensitive Groups,41.0,UG/M3,1 Hr,Valid
Hyderabad,PM2.5 - Principal,2017-06-14 05:00 PM,2017,06,14,17,36.7,104,Unhealthy for Sensitive Groups,33.0,UG/M3,1 Hr,Valid
Hyderabad,PM2.5 - Principal,2017-06-14 06:00 PM,2017,06,14,18,40.4,113,Unhealthy for Sensitive Groups,47.0,UG/M3,1 Hr,Valid
Hyderabad,PM2.5 - Principal,2017-06-14 07:00 PM,2017,06,14,19,44.6,123,Unhealthy for Sensitive Groups,51.0,UG/M3,1 Hr,Valid
Hyderabad,PM2.5 - Principal,2017-06-14 08:00 PM,2017,06,14,20,45.1,125,Unhealthy for Sensitive Groups,46.0,UG/M3,1 Hr,Valid
Hyderabad,PM2.5 - Principal,2017-06-14 09:00 PM,2017,06,14,21,48.9,134,Unhealthy for Sensitive Groups,54.0,UG/M3,1 Hr,Valid
Hyderabad,PM2.5 - Principal,2017-06-14 10:00 PM,2017,06,14,22,47.7,131,Unhealthy for Sensitive Groups,46.0,UG/M3,1 Hr,Valid
Hyderabad,PM2.5 - Principal,2017-06-14 11:00 PM,2017,06,14,23,47.4,130,Unhealthy for Sensitive Groups,47.0,UG/M3,1 Hr,Valid
Hyderabad,PM2.5 - Principal,2017-06-15 12:00 AM,2017,06,15,00,44.5,123,Unhealthy for Sensitive Groups,40.0,UG/M3,1 Hr,Valid
Hyderabad,PM2.5 - Principal,2017-06-15 01:00 AM,2017,06,15,01,45.1,125,Unhealthy for Sensitive Groups,46.0,UG/M3,1 Hr,Valid
Hyderabad,PM2.5 - Principal,2017-06-15 02:00 AM,2017,06,15,02,40.7,114,Unhealthy for Sensitive Groups,34.0,UG/M3,1 Hr,Valid
Hyderabad,PM2.5 - Principal,2017-06-15 03:00 AM,2017,06,15,03,38.9,109,Unhealthy for Sensitive Groups,36.0,UG/M3,1 Hr,Valid
Hyderabad,PM2.5 - Principal,2017-06-15 04:00 AM,2017,06,15,04,34.5,98,Moderate,30.0,UG/M3,1 Hr,Valid
Hyderabad,PM2.5 - Principal,2017-06-15 05:00 AM,2017,06,15,05,28.4,85,Moderate,23.0,UG/M3,1 Hr,Valid
Hyderabad,PM2.5 - Principal,2017-06-15 06:00 AM,2017,06,15,06,23.7,75,Moderate,19.0,UG/M3,1 Hr,Valid
Hyderabad,PM2.5 - Principal,2017-06-15 07:00 AM,2017,06,15,07,25.8,80,Moderate,28.0,UG/M3,1 Hr,Valid
Hyderabad,PM2.5 - Principal,2017-06-15 08:00 AM,2017,06,15,08,24.9,78,Moderate,24.0,UG/M3,1 Hr,Valid
Hyderabad,PM2.5 - Principal,2017-06-15 09:00 AM,2017,06,15,09,26.9,82,Moderate,29.0,UG/M3,1 Hr,Valid
Hyderabad,PM2.5 - Principal,2017-06-15 10:00 AM,2017,06,15,10,25.9,80,Moderate,25.0,UG/M3,1 Hr,Valid
Hyderabad,PM2.5 - Principal,2017-06-15 11:00 AM,2017,06,15,11,24.4,77,Moderate,23.0,UG/M3,1 Hr,Valid
Hyderabad,PM2.5 - Principal,2017-06-15 12:00 PM,2017,06,15,12,29.2,87,Moderate,34.0,UG/M3,1 Hr,Valid
Hyderabad,PM2.5 - Principal,2017-06-15 01:00 PM,2017,06,15,13,30.4,89,Moderate,32.0,UG/M3,1 Hr,Valid
Hyderabad,PM2.5 - Principal,2017-06-15 02:00 PM,2017,06,15,14,30.6,90,Moderate,31.0,UG/M3,1 Hr,Valid
Hyderabad,PM2.5 - Principal,2017-06-15 03:00 PM,2017,06,15,15,32.0,93,Moderate,34.0,UG/M3,1 Hr,Valid
Hyderabad,PM2.5 - Principal,2017-06-15 04:00 PM,2017,06,15,16,32.4,94,Moderate,33.0,UG/M3,1 Hr,Valid
Hyderabad,PM2.5 - Principal,2017-06-15 05:00 PM,2017,06,15,17,35.8,102,Unhealthy for Sensitive Groups,39.0,UG/M3,1 Hr,Valid
Hyderabad,PM2.5 - Principal,2017-06-15 06:00 PM,2017,06,15,18,33.8,97,Moderate,32.0,UG/M3,1 Hr,Valid
Hyderabad,PM2.5 - Principal,2017-06-15 07:00 PM,2017,06,15,19,39.9,112,Unhealthy for Sensitive Groups,46.0,UG/M3,1 Hr,Valid
Hyderabad,PM2.5 - Principal,2017-06-15 08:00 PM,2017,06,15,20,40.4,113,Unhealthy for Sensitive Groups,41.0,UG/M3,1 Hr,Valid
Hyderabad,PM2.5 - Principal,2017-06-15 09:00 PM,2017,06,15,21,35.2,100,Moderate,30.0,UG/M3,1 Hr,Valid
Hyderabad,PM2.5 - Principal,2017-06-15 10:00 PM,2017,06,15,22,29.6,88,Moderate,24.0,UG/M3,1 Hr,Valid
Hyderabad,PM2.5 - Principal,2017-06-15 11:00 PM,2017,06,15,23,29.0,87,Moderate,28.0,UG/M3,1 Hr,Valid
Hyderabad,PM2.5 - Principal,2017-06-16 12:00 AM,2017,06,16,00,23.4,75,Moderate,18.0,UG/M3,1 Hr,Valid
Hyderabad,PM2.5 - Principal,2017-06-16 01:00 AM,2017,06,16,01,23.2,74,Moderate,23.0,UG/M3,1 Hr,Valid
Hyderabad,PM2.5 - Principal,2017-06-16 02:00 AM,2017,06,16,02,21.0,70,Moderate,19.0,UG/M3,1 Hr,Valid
Hyderabad,PM2.5 - Principal,2017-06-16 03:00 AM,2017,06,16,03,22.5,73,Moderate,24.0,UG/M3,1 Hr,Valid
Hyderabad,PM2.5 - Principal,2017-06-16 04:00 AM,2017,06,16,04,19.2,66,Moderate,16.0,UG/M3,1 Hr,Valid
Hyderabad,PM2.5 - Principal,2017-06-16 05:00 AM,2017,06,16,05,19.1,66,Moderate,19.0,UG/M3,1 Hr,Valid
Hyderabad,PM2.5 - Principal,2017-06-16 06:00 AM,2017,06,16,06,16.0,59,Moderate,13.0,UG/M3,1 Hr,Valid
Hyderabad,PM2.5 - Principal,2017-06-16 07:00 AM,2017,06,16,07,14.5,56,Moderate,13.0,UG/M3,1 Hr,Valid
Hyderabad,PM2.5 - Principal,2017-06-16 08:00 AM,2017,06,16,08,19.7,67,Moderate,25.0,UG/M3,1 Hr,Valid
Hyderabad,PM2.5 - Principal,2017-06-16 09:00 AM,2017,06,16,09,21.8,71,Moderate,24.0,UG/M3,1 Hr,Valid
Hyderabad,PM2.5 - Principal,2017-06-16 10:00 AM,2017,06,16,10,25.9,80,Moderate,30.0,UG/M3,1 Hr,Valid
Hyderabad,PM2.5 - Principal,2017-06-16 11:00 AM,2017,06,16,11,27.4,83,Moderate,29.0,UG/M3,1 Hr,Valid
Hyderabad,PM2.5 - Principal,2017-06-16 12:00 PM,2017,06,16,12,25.7,80,Moderate,24.0,UG/M3,1 Hr,Valid
Hyderabad,PM2.5 - Principal,2017-06-16 01:00 PM,2017,06,16,13,26.3,81,Moderate,27.0,UG/M3,1 Hr,Valid
Hyderabad,PM2.5 - Principal,2017-06-16 02:00 PM,2017,06,16,14,27.1,83,Moderate,28.0,UG/M3,1 Hr,Valid
Hyderabad,PM2.5 - Principal,2017-06-16 03:00 PM,2017,06,16,15,25.5,79,Moderate,24.0,UG/M3,1 Hr,Valid
Hyderabad,PM2.5 - Principal,2017-06-16 04:00 PM,2017,06,16,16,25.7,80,Moderate,26.0,UG/M3,1 Hr,Valid
Hyderabad,PM2.5 - Principal,2017-06-16 05:00 PM,2017,06,16,17,28.4,85,Moderate,31.0,UG/M3,1 Hr,Valid
Hyderabad,PM2.5 - Principal,2017-06-16 06:00 PM,2017,06,16,18,23.7,75,Moderate,19.0,UG/M3,1 Hr,Valid
Hyderabad,PM2.5 - Principal,2017-06-16 07:00 PM,2017,06,16,19,25.4,79,Moderate,27.0,UG/M3,1 Hr,Valid
Hyderabad,PM2.5 - Principal,2017-06-16 08:00 PM,2017,06,16,20,24.1,76,Moderate,22.0,UG/M3,1 Hr,Valid
Hyderabad,PM2.5 - Principal,2017-06-16 09:00 PM,2017,06,16,21,27.7,84,Moderate,33.0,UG/M3,1 Hr,Valid
Hyderabad,PM2.5 - Principal,2017-06-16 10:00 PM,2017,06,16,22,26.1,80,Moderate,24.0,UG/M3,1 Hr,Valid
Hyderabad,PM2.5 - Principal,2017-06-16 11:00 PM,2017,06,16,23,26.9,82,Moderate,28.0,UG/M3,1 Hr,Valid
Hyderabad,PM2.5 - Principal,2017-06-17 12:00 AM,2017,06,17,00,24.8,78,Moderate,22.0,UG/M3,1 Hr,Valid
Hyderabad,PM2.5 - Principal,2017-06-17 01:00 AM,2017,06,17,01,32.2,93,Moderate,40.0,UG/M3,1 Hr,Valid
Hyderabad,PM2.5 - Principal,2017-06-17 02:00 AM,2017,06,17,02,25.6,79,Moderate,19.0,UG/M3,1 Hr,Valid
Hyderabad,PM2.5 - Principal,2017-06-17 03:00 AM,2017,06,17,03,19.8,67,Moderate,14.0,UG/M3,1 Hr,Valid
Hyderabad,PM2.5 - Principal,2017-06-17 04:00 AM,2017,06,17,04,18.4,64,Moderate,17.0,UG/M3,1 Hr,Valid
Hyderabad,PM2.5 - Principal,2017-06-17 05:00 AM,2017,06,17,05,17.7,63,Moderate,17.0,UG/M3,1 Hr,Valid
Hyderabad,PM2.5 - Principal,2017-06-17 06:00 AM,2017,06,17,06,19.8,67,Moderate,22.0,UG/M3,1 Hr,Valid
Hyderabad,PM2.5 - Principal,2017-06-17 07:00 AM,2017,06,17,07,18.4,64,Moderate,17.0,UG/M3,1 Hr,Valid
Hyderabad,PM2.5 - Principal,2017-06-17 08:00 AM,2017,06,17,08,20.7,69,Moderate,23.0,UG/M3,1 Hr,Valid
Hyderabad,PM2.5 - Principal,2017-06-17 09:00 AM,2017,06,17,09,22.8,74,Moderate,25.0,UG/M3,1 Hr,Valid
Hyderabad,PM2.5 - Principal,2017-06-17 10:00 AM,2017,06,17,10,22.4,73,Moderate,22.0,UG/M3,1 Hr,Valid
Hyderabad,PM2.5 - Principal,2017-06-17 11:00 AM,2017,06,17,11,22.2,72,Moderate,22.0,UG/M3,1 Hr,Valid
Hyderabad,PM2.5 - Principal,2017-06-17 12:00 PM,2017,06,17,12,21.6,71,Moderate,21.0,UG/M3,1 Hr,Valid
Hyderabad,PM2.5 - Principal,2017-06-17 01:00 PM,2017,06,17,13,28.3,85,Moderate,35.0,UG/M3,1 Hr,Valid
Hyderabad,PM2.5 - Principal,2017-06-17 02:00 PM,2017,06,17,14,27.6,84,Moderate,27.0,UG/M3,1 Hr,Valid
Hyderabad,PM2.5 - Principal,2017-06-17 03:00 PM,2017,06,17,15,29.8,88,Moderate,32.0,UG/M3,1 Hr,Valid
Hyderabad,PM2.5 - Principal,2017-06-17 04:00 PM,2017,06,17,16,29.4,87,Moderate,29.0,UG/M3,1 Hr,Valid
Hyderabad,PM2.5 - Principal,2017-06-17 05:00 PM,2017,06,17,17,28.7,86,Moderate,28.0,UG/M3,1 Hr,Valid
Hyderabad,PM2.5 - Principal,2017-06-17 06:00 PM,2017,06,17,18,28.3,85,Moderate,28.0,UG/M3,1 Hr,Valid
Hyderabad,PM2.5 - Principal,2017-06-17 07:00 PM,2017,06,17,19,26.6,81,Moderate,24.0,UG/M3,1 Hr,Valid
Hyderabad,PM2.5 - Principal,2017-06-17 08:00 PM,2017,06,17,20,34.0,97,Moderate,42.0,UG/M3,1 Hr,Valid
Hyderabad,PM2.5 - Principal,2017-06-17 09:00 PM,2017,06,17,21,41.5,116,Unhealthy for Sensitive Groups,49.0,UG/M3,1 Hr,Valid
Hyderabad,PM2.5 - Principal,2017-06-17 10:00 PM,2017,06,17,22,40.7,114,Unhealthy for Sensitive Groups,40.0,UG/M3,1 Hr,Valid
Hyderabad,PM2.5 - Principal,2017-06-17 11:00 PM,2017,06,17,23,38.3,108,Unhealthy for Sensitive Groups,36.0,UG/M3,1 Hr,Valid
Hyderabad,PM2.5 - Principal,2017-06-18 12:00 AM,2017,06,18,00,34.1,97,Moderate,30.0,UG/M3,1 Hr,Valid
Hyderabad,PM2.5 - Principal,2017-06-18 01:00 AM,2017,06,18,01,30.5,90,Moderate,27.0,UG/M3,1 Hr,Valid
Hyderabad,PM2.5 - Principal,2017-06-18 02:00 AM,2017,06,18,02,28.7,86,Moderate,27.0,UG/M3,1 Hr,Valid
Hyderabad,PM2.5 - Principal,2017-06-18 03:00 AM,2017,06,18,03,23.8,76,Moderate,19.0,UG/M3,1 Hr,Valid
Hyderabad,PM2.5 - Principal,2017-06-18 04:00 AM,2017,06,18,04,24.9,78,Moderate,26.0,UG/M3,1 Hr,Valid
Hyderabad,PM2.5 - Principal,2017-06-18 05:00 AM,2017,06,18,05,26.9,82,Moderate,29.0,UG/M3,1 Hr,Valid
Hyderabad,PM2.5 - Principal,2017-06-18 06:00 AM,2017,06,18,06,29.9,88,Moderate,33.0,UG/M3,1 Hr,Valid
Hyderabad,PM2.5 - Principal,2017-06-18 07:00 AM,2017,06,18,07,27.4,83,Moderate,25.0,UG/M3,1 Hr,Valid
Hyderabad,PM2.5 - Principal,2017-06-18 08:00 AM,2017,06,18,08,27.7,84,Moderate,28.0,UG/M3,1 Hr,Valid
Hyderabad,PM2.5 - Principal,2017-06-18 09:00 AM,2017,06,18,09,27.3,83,Moderate,27.0,UG/M3,1 Hr,Valid
Hyderabad,PM2.5 - Principal,2017-06-18 10:00 AM,2017,06,18,10,28.1,85,Moderate,29.0,UG/M3,1 Hr,Valid
Hyderabad,PM2.5 - Principal,2017-06-18 11:00 AM,2017,06,18,11,25.4,79,Moderate,22.0,UG/M3,1 Hr,Valid
Hyderabad,PM2.5 - Principal,2017-06-18 12:00 PM,2017,06,18,12,27.4,83,Moderate,30.0,UG/M3,1 Hr,Valid
Hyderabad,PM2.5 - Principal,2017-06-18 01:00 PM,2017,06,18,13,28.9,86,Moderate,31.0,UG/M3,1 Hr,Valid
Hyderabad,PM2.5 - Principal,2017-06-18 02:00 PM,2017,06,18,14,30.6,90,Moderate,33.0,UG/M3,1 Hr,Valid
Hyderabad,PM2.5 - Principal,2017-06-18 03:00 PM,2017,06,18,15,30.3,89,Moderate,31.0,UG/M3,1 Hr,Valid
Hyderabad,PM2.5 - Principal,2017-06-18 04:00 PM,2017,06,18,16,33.8,97,Moderate,38.0,UG/M3,1 Hr,Valid
Hyderabad,PM2.5 - Principal,2017-06-18 05:00 PM,2017,06,18,17,34.3,98,Moderate,35.0,UG/M3,1 Hr,Valid
Hyderabad,PM2.5 - Principal,2017-06-18 06:00 PM,2017,06,18,18,31.2,91,Moderate,27.0,UG/M3,1 Hr,Valid
Hyderabad,PM2.5 - Principal,2017-06-18 07:00 PM,2017,06,18,19,35.6,101,Unhealthy for Sensitive Groups,41.0,UG/M3,1 Hr,Valid
Hyderabad,PM2.5 - Principal,2017-06-18 08:00 PM,2017,06,18,20,41.4,116,Unhealthy for Sensitive Groups,47.0,UG/M3,1 Hr,Valid
Hyderabad,PM2.5 - Principal,2017-06-18 09:00 PM,2017,06,18,21,36.7,104,Unhealthy for Sensitive Groups,32.0,UG/M3,1 Hr,Valid
Hyderabad,PM2.5 - Principal,2017-06-18 10:00 PM,2017,06,18,22,42.3,118,Unhealthy for Sensitive Groups,48.0,UG/M3,1 Hr,Valid
Hyderabad,PM2.5 - Principal,2017-06-18 11:00 PM,2017,06,18,23,42.7,119,Unhealthy for Sensitive Groups,44.0,UG/M3,1 Hr,Valid
Hyderabad,PM2.5 - Principal,2017-06-19 12:00 AM,2017,06,19,00,38.4,108,Unhealthy for Sensitive Groups,33.0,UG/M3,1 Hr,Valid
Hyderabad,PM2.5 - Principal,2017-06-19 01:00 AM,2017,06,19,01,35.2,100,Moderate,31.0,UG/M3,1 Hr,Valid
Hyderabad,PM2.5 - Principal,2017-06-19 02:00 AM,2017,06,19,02,32.0,93,Moderate,28.0,UG/M3,1 Hr,Valid
Hyderabad,PM2.5 - Principal,2017-06-19 03:00 AM,2017,06,19,03,33.3,96,Moderate,35.0,UG/M3,1 Hr,Valid
Hyderabad,PM2.5 - Principal,2017-06-19 04:00 AM,2017,06,19,04,34.0,97,Moderate,35.0,UG/M3,1 Hr,Valid
Hyderabad,PM2.5 - Principal,2017-06-19 05:00 AM,2017,06,19,05,35.3,100,Moderate,37.0,UG/M3,1 Hr,Valid
Hyderabad,PM2.5 - Principal,2017-06-19 06:00 AM,2017,06,19,06,31.0,91,Moderate,26.0,UG/M3,1 Hr,Valid
Hyderabad,PM2.5 - Principal,2017-06-19 07:00 AM,2017,06,19,07,33.8,97,Moderate,37.0,UG/M3,1 Hr,Valid
Hyderabad,PM2.5 - Principal,2017-06-19 08:00 AM,2017,06,19,08,27.9,84,Moderate,22.0,UG/M3,1 Hr,Valid
Hyderabad,PM2.5 - Principal,2017-06-19 09:00 AM,2017,06,19,09,31.4,92,Moderate,35.0,UG/M3,1 Hr,Valid
Hyderabad,PM2.5 - Principal,2017-06-19 10:00 AM,2017,06,19,10,27.7,84,Moderate,24.0,UG/M3,1 Hr,Valid
Hyderabad,PM2.5 - Principal,2017-06-19 11:00 AM,2017,06,19,11,26.5,81,Moderate,24.0,UG/M3,1 Hr,Valid
Hyderabad,PM2.5 - Principal,2017-06-19 12:00 PM,2017,06,19,12,20.9,70,Moderate,16.0,UG/M3,1 Hr,Valid
Hyderabad,PM2.5 - Principal,2017-06-19 01:00 PM,2017,06,19,13,23.9,76,Moderate,27.0,UG/M3,1 Hr,Valid
Hyderabad,PM2.5 - Principal,2017-06-19 02:00 PM,2017,06,19,14,25.4,79,Moderate,27.0,UG/M3,1 Hr,Valid
Hyderabad,PM2.5 - Principal,2017-06-19 03:00 PM,2017,06,19,15,30.2,89,Moderate,35.0,UG/M3,1 Hr,Valid
Hyderabad,PM2.5 - Principal,2017-06-19 04:00 PM,2017,06,19,16,35.6,101,Unhealthy for Sensitive Groups,41.0,UG/M3,1 Hr,Valid
Hyderabad,PM2.5 - Principal,2017-06-19 05:00 PM,2017,06,19,17,29.8,88,Moderate,24.0,UG/M3,1 Hr,Valid
Hyderabad,PM2.5 - Principal,2017-06-19 06:00 PM,2017,06,19,18,29.9,88,Moderate,30.0,UG/M3,1 Hr,Valid
Hyderabad,PM2.5 - Principal,2017-06-19 07:00 PM,2017,06,19,19,30.4,89,Moderate,31.0,UG/M3,1 Hr,Valid
Hyderabad,PM2.5 - Principal,2017-06-19 08:00 PM,2017,06,19,20,28.7,86,Moderate,27.0,UG/M3,1 Hr,Valid
Hyderabad,PM2.5 - Principal,2017-06-19 09:00 PM,2017,06,19,21,27.8,84,Moderate,27.0,UG/M3,1 Hr,Valid
Hyderabad,PM2.5 - Principal,2017-06-19 10:00 PM,2017,06,19,22,27.4,83,Moderate,27.0,UG/M3,1 Hr,Valid
Hyderabad,PM2.5 - Principal,2017-06-19 11:00 PM,2017,06,19,23,30.7,90,Moderate,34.0,UG/M3,1 Hr,Valid
Hyderabad,PM2.5 - Principal,2017-06-20 12:00 AM,2017,06,20,00,27.6,84,Moderate,24.0,UG/M3,1 Hr,Valid
Hyderabad,PM2.5 - Principal,2017-06-20 01:00 AM,2017,06,20,01,20.6,69,Moderate,14.0,UG/M3,1 Hr,Valid
Hyderabad,PM2.5 - Principal,2017-06-20 02:00 AM,2017,06,20,02,16.8,61,Moderate,13.0,UG/M3,1 Hr,Valid
Hyderabad,PM2.5 - Principal,2017-06-20 03:00 AM,2017,06,20,03,14.4,56,Moderate,12.0,UG/M3,1 Hr,Valid
Hyderabad,PM2.5 - Principal,2017-06-20 04:00 AM,2017,06,20,04,14.7,56,Moderate,15.0,UG/M3,1 Hr,Valid
Hyderabad,PM2.5 - Principal,2017-06-20 05:00 AM,2017,06,20,05,12.3,51,Moderate,10.0,UG/M3,1 Hr,Valid
Hyderabad,PM2.5 - Principal,2017-06-20 06:00 AM,2017,06,20,06,13.6,54,Moderate,15.0,UG/M3,1 Hr,Valid
Hyderabad,PM2.5 - Principal,2017-06-20 07:00 AM,2017,06,20,07,13.3,54,Moderate,13.0,UG/M3,1 Hr,Valid
Hyderabad,PM2.5 - Principal,2017-06-20 08:00 AM,2017,06,20,08,16.1,59,Moderate,19.0,UG/M3,1 Hr,Valid
Hyderabad,PM2.5 - Principal,2017-06-20 09:00 AM,2017,06,20,09,18.5,64,Moderate,21.0,UG/M3,1 Hr,Valid
Hyderabad,PM2.5 - Principal,2017-06-20 10:00 AM,2017,06,20,10,18.7,65,Moderate,19.0,UG/M3,1 Hr,Valid
Hyderabad,PM2.5 - Principal,2017-06-20 11:00 AM,2017,06,20,11,22.3,72,Moderate,26.0,UG/M3,1 Hr,Valid
Hyderabad,PM2.5 - Principal,2017-06-20 12:00 PM,2017,06,20,12,23.6,75,Moderate,25.0,UG/M3,1 Hr,Valid
Hyderabad,PM2.5 - Principal,2017-06-20 01:00 PM,2017,06,20,13,21.3,70,Moderate,19.0,UG/M3,1 Hr,Valid
Hyderabad,PM2.5 - Principal,2017-06-20 02:00 PM,2017,06,20,14,22.6,73,Moderate,24.0,UG/M3,1 Hr,Valid
Hyderabad,PM2.5 - Principal,2017-06-20 03:00 PM,2017,06,20,15,20.3,68,Moderate,18.0,UG/M3,1 Hr,Valid
Hyderabad,PM2.5 - Principal,2017-06-20 04:00 PM,2017,06,20,16,18.1,64,Moderate,16.0,UG/M3,1 Hr,Valid
Hyderabad,PM2.5 - Principal,2017-06-20 05:00 PM,2017,06,20,17,20.0,68,Moderate,22.0,UG/M3,1 Hr,Valid
Hyderabad,PM2.5 - Principal,2017-06-20 06:00 PM,2017,06,20,18,19.0,66,Moderate,18.0,UG/M3,1 Hr,Valid
Hyderabad,PM2.5 - Principal,2017-06-20 07:00 PM,2017,06,20,19,22.9,74,Moderate,28.0,UG/M3,1 Hr,Valid
Hyderabad,PM2.5 - Principal,2017-06-20 08:00 PM,2017,06,20,20,21.6,71,Moderate,20.0,UG/M3,1 Hr,Valid
Hyderabad,PM2.5 - Principal,2017-06-20 09:00 PM,2017,06,20,21,26.8,82,Moderate,32.0,UG/M3,1 Hr,Valid
Hyderabad,PM2.5 - Principal,2017-06-20 10:00 PM,2017,06,20,22,28.4,85,Moderate,30.0,UG/M3,1 Hr,Valid
Hyderabad,PM2.5 - Principal,2017-06-20 11:00 PM,2017,06,20,23,44.2,122,Unhealthy for Sensitive Groups,60.0,UG/M3,1 Hr,Valid
Hyderabad,PM2.5 - Principal,2017-06-21 12:00 AM,2017,06,21,00,35.6,101,Unhealthy for Sensitive Groups,27.0,UG/M3,1 Hr,Valid
Hyderabad,PM2.5 - Principal,2017-06-21 01:00 AM,2017,06,21,01,25.3,79,Moderate,15.0,UG/M3,1 Hr,Valid
Hyderabad,PM2.5 - Principal,2017-06-21 02:00 AM,2017,06,21,02,17.1,62,Moderate,9.0,UG/M3,1 Hr,Valid
Hyderabad,PM2.5 - Principal,2017-06-21 03:00 AM,2017,06,21,03,14.0,55,Moderate,11.0,UG/M3,1 Hr,Valid
Hyderabad,PM2.5 - Principal,2017-06-21 04:00 AM,2017,06,21,04,14.5,56,Moderate,15.0,UG/M3,1 Hr,Valid
Hyderabad,PM2.5 - Principal,2017-06-21 05:00 AM,2017,06,21,05,17.7,63,Moderate,21.0,UG/M3,1 Hr,Valid
Hyderabad,PM2.5 - Principal,2017-06-21 06:00 AM,2017,06,21,06,15.8,59,Moderate,14.0,UG/M3,1 Hr,Valid
Hyderabad,PM2.5 - Principal,2017-06-21 07:00 AM,2017,06,21,07,15.4,58,Moderate,15.0,UG/M3,1 Hr,Valid
Hyderabad,PM2.5 - Principal,2017-06-21 08:00 AM,2017,06,21,08,17.7,63,Moderate,20.0,UG/M3,1 Hr,Valid
Hyderabad,PM2.5 - Principal,2017-06-21 09:00 AM,2017,06,21,09,20.8,69,Moderate,24.0,UG/M3,1 Hr,Valid
Hyderabad,PM2.5 - Principal,2017-06-21 10:00 AM,2017,06,21,10,22.4,73,Moderate,24.0,UG/M3,1 Hr,Valid
Hyderabad,PM2.5 - Principal,2017-06-21 11:00 AM,2017,06,21,11,22.7,73,Moderate,23.0,UG/M3,1 Hr,Valid
Hyderabad,PM2.5 - Principal,2017-06-21 12:00 PM,2017,06,21,12,21.3,70,Moderate,20.0,UG/M3,1 Hr,Valid
Hyderabad,PM2.5 - Principal,2017-06-21 01:00 PM,2017,06,21,13,21.6,71,Moderate,22.0,UG/M3,1 Hr,Valid
Hyderabad,PM2.5 - Principal,2017-06-21 02:00 PM,2017,06,21,14,21.6,71,Moderate,-999.0,UG/M3,1 Hr,Missing
Hyderabad,PM2.5 - Principal,2017-06-21 03:00 PM,2017,06,21,15,22.3,72,Moderate,23.0,UG/M3,1 Hr,Valid
Hyderabad,PM2.5 - Principal,2017-06-21 04:00 PM,2017,06,21,16,21.2,70,Moderate,20.0,UG/M3,1 Hr,Valid
Hyderabad,PM2.5 - Principal,2017-06-21 05:00 PM,2017,06,21,17,21.1,70,Moderate,21.0,UG/M3,1 Hr,Valid
Hyderabad,PM2.5 - Principal,2017-06-21 06:00 PM,2017,06,21,18,23.2,74,Moderate,26.0,UG/M3,1 Hr,Valid
Hyderabad,PM2.5 - Principal,2017-06-21 07:00 PM,2017,06,21,19,23.9,76,Moderate,27.0,UG/M3,1 Hr,Valid
Hyderabad,PM2.5 - Principal,2017-06-21 08:00 PM,2017,06,21,20,28.0,84,Moderate,33.0,UG/M3,1 Hr,Valid
Hyderabad,PM2.5 - Principal,2017-06-21 09:00 PM,2017,06,21,21,33.9,97,Moderate,39.0,UG/M3,1 Hr,Valid
Hyderabad,PM2.5 - Principal,2017-06-21 10:00 PM,2017,06,21,22,29.0,87,Moderate,24.0,UG/M3,1 Hr,Valid
Hyderabad,PM2.5 - Principal,2017-06-21 11:00 PM,2017,06,21,23,27.5,83,Moderate,26.0,UG/M3,1 Hr,Valid
Hyderabad,PM2.5 - Principal,2017-06-22 12:00 AM,2017,06,22,00,26.8,82,Moderate,26.0,UG/M3,1 Hr,Valid
Hyderabad,PM2.5 - Principal,2017-06-22 01:00 AM,2017,06,22,01,22.8,74,Moderate,19.0,UG/M3,1 Hr,Valid
Hyderabad,PM2.5 - Principal,2017-06-22 02:00 AM,2017,06,22,02,20.4,68,Moderate,18.0,UG/M3,1 Hr,Valid
Hyderabad,PM2.5 - Principal,2017-06-22 03:00 AM,2017,06,22,03,21.2,70,Moderate,22.0,UG/M3,1 Hr,Valid
Hyderabad,PM2.5 - Principal,2017-06-22 04:00 AM,2017,06,22,04,21.1,70,Moderate,21.0,UG/M3,1 Hr,Valid
Hyderabad,PM2.5 - Principal,2017-06-22 05:00 AM,2017,06,22,05,21.0,70,Moderate,21.0,UG/M3,1 Hr,Valid
Hyderabad,PM2.5 - Principal,2017-06-22 06:00 AM,2017,06,22,06,20.5,69,Moderate,20.0,UG/M3,1 Hr,Valid
Hyderabad,PM2.5 - Principal,2017-06-22 07:00 AM,2017,06,22,07,21.7,71,Moderate,23.0,UG/M3,1 Hr,Valid
Hyderabad,PM2.5 - Principal,2017-06-22 08:00 AM,2017,06,22,08,24.3,77,Moderate,27.0,UG/M3,1 Hr,Valid
Hyderabad,PM2.5 - Principal,2017-06-22 09:00 AM,2017,06,22,09,23.9,76,Moderate,25.0,UG/M3,1 Hr,Valid
Hyderabad,PM2.5 - Principal,2017-06-22 10:00 AM,2017,06,22,10,23.6,75,Moderate,23.0,UG/M3,1 Hr,Valid
Hyderabad,PM2.5 - Principal,2017-06-22 11:00 AM,2017,06,22,11,24.0,76,Moderate,25.0,UG/M3,1 Hr,Valid
Hyderabad,PM2.5 - Principal,2017-06-22 12:00 PM,2017,06,22,12,24.0,76,Moderate,-999.0,UG/M3,1 Hr,Missing
Hyderabad,PM2.5 - Principal,2017-06-22 01:00 PM,2017,06,22,13,21.8,71,Moderate,19.0,UG/M3,1 Hr,Valid
Hyderabad,PM2.5 - Principal,2017-06-22 02:00 PM,2017,06,22,14,23.4,75,Moderate,26.0,UG/M3,1 Hr,Valid
Hyderabad,PM2.5 - Principal,2017-06-22 03:00 PM,2017,06,22,15,22.3,72,Moderate,20.0,UG/M3,1 Hr,Valid
Hyderabad,PM2.5 - Principal,2017-06-22 04:00 PM,2017,06,22,16,20.7,69,Moderate,18.0,UG/M3,1 Hr,Valid
Hyderabad,PM2.5 - Principal,2017-06-22 05:00 PM,2017,06,22,17,17.7,63,Moderate,15.0,UG/M3,1 Hr,Valid
Hyderabad,PM2.5 - Principal,2017-06-22 06:00 PM,2017,06,22,18,19.6,67,Moderate,22.0,UG/M3,1 Hr,Valid
Hyderabad,PM2.5 - Principal,2017-06-22 07:00 PM,2017,06,22,19,33.4,96,Moderate,47.0,UG/M3,1 Hr,Valid
Hyderabad,PM2.5 - Principal,2017-06-22 08:00 PM,2017,06,22,20,34.2,97,Moderate,35.0,UG/M3,1 Hr,Valid
Hyderabad,PM2.5 - Principal,2017-06-22 09:00 PM,2017,06,22,21,37.6,106,Unhealthy for Sensitive Groups,41.0,UG/M3,1 Hr,Valid
Hyderabad,PM2.5 - Principal,2017-06-22 10:00 PM,2017,06,22,22,40.3,113,Unhealthy for Sensitive Groups,43.0,UG/M3,1 Hr,Valid
Hyderabad,PM2.5 - Principal,2017-06-22 11:00 PM,2017,06,22,23,39.6,111,Unhealthy for Sensitive Groups,39.0,UG/M3,1 Hr,Valid
Hyderabad,PM2.5 - Principal,2017-06-23 12:00 AM,2017,06,23,00,38.3,108,Unhealthy for Sensitive Groups,37.0,UG/M3,1 Hr,Valid
Hyderabad,PM2.5 - Principal,2017-06-23 01:00 AM,2017,06,23,01,28.1,85,Moderate,18.0,UG/M3,1 Hr,Valid
Hyderabad,PM2.5 - Principal,2017-06-23 02:00 AM,2017,06,23,02,26.0,80,Moderate,24.0,UG/M3,1 Hr,Valid
Hyderabad,PM2.5 - Principal,2017-06-23 03:00 AM,2017,06,23,03,27.5,83,Moderate,29.0,UG/M3,1 Hr,Valid
Hyderabad,PM2.5 - Principal,2017-06-23 04:00 AM,2017,06,23,04,26.2,81,Moderate,25.0,UG/M3,1 Hr,Valid
Hyderabad,PM2.5 - Principal,2017-06-23 05:00 AM,2017,06,23,05,26.6,81,Moderate,27.0,UG/M3,1 Hr,Valid
Hyderabad,PM2.5 - Principal,2017-06-23 06:00 AM,2017,06,23,06,22.3,72,Moderate,18.0,UG/M3,1 Hr,Valid
Hyderabad,PM2.5 - Principal,2017-06-23 07:00 AM,2017,06,23,07,23.6,75,Moderate,25.0,UG/M3,1 Hr,Valid
Hyderabad,PM2.5 - Principal,2017-06-23 08:00 AM,2017,06,23,08,27.3,83,Moderate,31.0,UG/M3,1 Hr,Valid
Hyderabad,PM2.5 - Principal,2017-06-23 09:00 AM,2017,06,23,09,30.1,89,Moderate,33.0,UG/M3,1 Hr,Valid
Hyderabad,PM2.5 - Principal,2017-06-23 10:00 AM,2017,06,23,10,25.5,79,Moderate,21.0,UG/M3,1 Hr,Valid
Hyderabad,PM2.5 - Principal,2017-06-23 11:00 AM,2017,06,23,11,20.2,68,Moderate,15.0,UG/M3,1 Hr,Valid
Hyderabad,PM2.5 - Principal,2017-06-23 12:00 PM,2017,06,23,12,22.1,72,Moderate,24.0,UG/M3,1 Hr,Valid
Hyderabad,PM2.5 - Principal,2017-06-23 01:00 PM,2017,06,23,13,31.0,91,Moderate,40.0,UG/M3,1 Hr,Valid
Hyderabad,PM2.5 - Principal,2017-06-23 02:00 PM,2017,06,23,14,31.0,91,Moderate,31.0,UG/M3,1 Hr,Valid
Hyderabad,PM2.5 - Principal,2017-06-23 03:00 PM,2017,06,23,15,22.5,73,Moderate,14.0,UG/M3,1 Hr,Valid
Hyderabad,PM2.5 - Principal,2017-06-23 04:00 PM,2017,06,23,16,32.2,93,Moderate,42.0,UG/M3,1 Hr,Valid
Hyderabad,PM2.5 - Principal,2017-06-23 05:00 PM,2017,06,23,17,28.6,86,Moderate,25.0,UG/M3,1 Hr,Valid
Hyderabad,PM2.5 - Principal,2017-06-23 06:00 PM,2017,06,23,18,24.8,78,Moderate,21.0,UG/M3,1 Hr,Valid
Hyderabad,PM2.5 - Principal,2017-06-23 07:00 PM,2017,06,23,19,23.4,75,Moderate,22.0,UG/M3,1 Hr,Valid
Hyderabad,PM2.5 - Principal,2017-06-23 08:00 PM,2017,06,23,20,29.2,87,Moderate,35.0,UG/M3,1 Hr,Valid
Hyderabad,PM2.5 - Principal,2017-06-23 09:00 PM,2017,06,23,21,35.6,101,Unhealthy for Sensitive Groups,42.0,UG/M3,1 Hr,Valid
Hyderabad,PM2.5 - Principal,2017-06-23 10:00 PM,2017,06,23,22,51.3,140,Unhealthy for Sensitive Groups,67.0,UG/M3,1 Hr,Valid
Hyderabad,PM2.5 - Principal,2017-06-23 11:00 PM,2017,06,23,23,45.6,126,Unhealthy for Sensitive Groups,40.0,UG/M3,1 Hr,Valid
Hyderabad,PM2.5 - Principal,2017-06-24 12:00 AM,2017,06,24,00,35.8,102,Unhealthy for Sensitive Groups,26.0,UG/M3,1 Hr,Valid
Hyderabad,PM2.5 - Principal,2017-06-24 01:00 AM,2017,06,24,01,31.9,93,Moderate,28.0,UG/M3,1 Hr,Valid
Hyderabad,PM2.5 - Principal,2017-06-24 02:00 AM,2017,06,24,02,24.9,78,Moderate,18.0,UG/M3,1 Hr,Valid
Hyderabad,PM2.5 - Principal,2017-06-24 03:00 AM,2017,06,24,03,22.9,74,Moderate,21.0,UG/M3,1 Hr,Valid
Hyderabad,PM2.5 - Principal,2017-06-24 04:00 AM,2017,06,24,04,20.4,68,Moderate,18.0,UG/M3,1 Hr,Valid
Hyderabad,PM2.5 - Principal,2017-06-24 05:00 AM,2017,06,24,05,21.7,71,Moderate,23.0,UG/M3,1 Hr,Valid
Hyderabad,PM2.5 - Principal,2017-06-24 06:00 AM,2017,06,24,06,20.3,68,Moderate,19.0,UG/M3,1 Hr,Valid
Hyderabad,PM2.5 - Principal,2017-06-24 07:00 AM,2017,06,24,07,21.6,71,Moderate,23.0,UG/M3,1 Hr,Valid
Hyderabad,PM2.5 - Principal,2017-06-24 08:00 AM,2017,06,24,08,23.3,75,Moderate,25.0,UG/M3,1 Hr,Valid
Hyderabad,PM2.5 - Principal,2017-06-24 09:00 AM,2017,06,24,09,25.1,78,Moderate,27.0,UG/M3,1 Hr,Valid
Hyderabad,PM2.5 - Principal,2017-06-24 10:00 AM,2017,06,24,10,25.0,78,Moderate,25.0,UG/M3,1 Hr,Valid
Hyderabad,PM2.5 - Principal,2017-06-24 11:00 AM,2017,06,24,11,24.3,77,Moderate,24.0,UG/M3,1 Hr,Valid
Hyderabad,PM2.5 - Principal,2017-06-24 12:00 PM,2017,06,24,12,24.3,77,Moderate,-999.0,UG/M3,1 Hr,Missing
Hyderabad,PM2.5 - Principal,2017-06-24 01:00 PM,2017,06,24,13,25.0,78,Moderate,26.0,UG/M3,1 Hr,Valid
Hyderabad,PM2.5 - Principal,2017-06-24 02:00 PM,2017,06,24,14,33.2,95,Moderate,39.0,UG/M3,1 Hr,Valid
Hyderabad,PM2.5 - Principal,2017-06-24 03:00 PM,2017,06,24,15,37.3,105,Unhealthy for Sensitive Groups,41.0,UG/M3,1 Hr,Valid
Hyderabad,PM2.5 - Principal,2017-06-24 04:00 PM,2017,06,24,16,41.3,115,Unhealthy for Sensitive Groups,45.0,UG/M3,1 Hr,Valid
Hyderabad,PM2.5 - Principal,2017-06-24 05:00 PM,2017,06,24,17,35.5,101,Unhealthy for Sensitive Groups,30.0,UG/M3,1 Hr,Valid
Hyderabad,PM2.5 - Principal,2017-06-24 06:00 PM,2017,06,24,18,32.8,95,Moderate,30.0,UG/M3,1 Hr,Valid
Hyderabad,PM2.5 - Principal,2017-06-24 07:00 PM,2017,06,24,19,32.0,93,Moderate,31.0,UG/M3,1 Hr,Valid
Hyderabad,PM2.5 - Principal,2017-06-24 08:00 PM,2017,06,24,20,35.3,100,Moderate,39.0,UG/M3,1 Hr,Valid
Hyderabad,PM2.5 - Principal,2017-06-24 09:00 PM,2017,06,24,21,31.4,92,Moderate,27.0,UG/M3,1 Hr,Valid
Hyderabad,PM2.5 - Principal,2017-06-24 10:00 PM,2017,06,24,22,86.1,167,Unhealthy,141.0,UG/M3,1 Hr,Valid
Hyderabad,PM2.5 - Principal,2017-06-24 11:00 PM,2017,06,24,23,63.5,155,Unhealthy,41.0,UG/M3,1 Hr,Valid
Hyderabad,PM2.5 - Principal,2017-06-25 12:00 AM,2017,06,25,00,45.2,125,Unhealthy for Sensitive Groups,27.0,UG/M3,1 Hr,Valid
Hyderabad,PM2.5 - Principal,2017-06-25 01:00 AM,2017,06,25,01,35.1,99,Moderate,25.0,UG/M3,1 Hr,Valid
Hyderabad,PM2.5 - Principal,2017-06-25 02:00 AM,2017,06,25,02,29.5,88,Moderate,24.0,UG/M3,1 Hr,Valid
Hyderabad,PM2.5 - Principal,2017-06-25 03:00 AM,2017,06,25,03,23.2,74,Moderate,17.0,UG/M3,1 Hr,Valid
Hyderabad,PM2.5 - Principal,2017-06-25 04:00 AM,2017,06,25,04,23.1,74,Moderate,23.0,UG/M3,1 Hr,Valid
Hyderabad,PM2.5 - Principal,2017-06-25 05:00 AM,2017,06,25,05,25.0,78,Moderate,27.0,UG/M3,1 Hr,Valid
Hyderabad,PM2.5 - Principal,2017-06-25 06:00 AM,2017,06,25,06,26.5,81,Moderate,28.0,UG/M3,1 Hr,Valid
Hyderabad,PM2.5 - Principal,2017-06-25 07:00 AM,2017,06,25,07,26.7,82,Moderate,27.0,UG/M3,1 Hr,Valid
Hyderabad,PM2.5 - Principal,2017-06-25 08:00 AM,2017,06,25,08,26.8,82,Moderate,27.0,UG/M3,1 Hr,Valid
Hyderabad,PM2.5 - Principal,2017-06-25 09:00 AM,2017,06,25,09,27.9,84,Moderate,29.0,UG/M3,1 Hr,Valid
Hyderabad,PM2.5 - Principal,2017-06-25 10:00 AM,2017,06,25,10,28.9,86,Moderate,30.0,UG/M3,1 Hr,Valid
Hyderabad,PM2.5 - Principal,2017-06-25 11:00 AM,2017,06,25,11,28.3,85,Moderate,28.0,UG/M3,1 Hr,Valid
Hyderabad,PM2.5 - Principal,2017-06-25 12:00 PM,2017,06,25,12,33.2,95,Moderate,38.0,UG/M3,1 Hr,Valid
Hyderabad,PM2.5 - Principal,2017-06-25 01:00 PM,2017,06,25,13,34.6,98,Moderate,36.0,UG/M3,1 Hr,Valid
Hyderabad,PM2.5 - Principal,2017-06-25 02:00 PM,2017,06,25,14,32.3,93,Moderate,30.0,UG/M3,1 Hr,Valid
Hyderabad,PM2.5 - Principal,2017-06-25 03:00 PM,2017,06,25,15,32.5,94,Moderate,33.0,UG/M3,1 Hr,Valid
Hyderabad,PM2.5 - Principal,2017-06-25 04:00 PM,2017,06,25,16,29.3,87,Moderate,24.0,UG/M3,1 Hr,Valid
Hyderabad,PM2.5 - Principal,2017-06-25 05:00 PM,2017,06,25,17,28.8,86,Moderate,28.0,UG/M3,1 Hr,Valid
Hyderabad,PM2.5 - Principal,2017-06-25 06:00 PM,2017,06,25,18,31.5,92,Moderate,36.0,UG/M3,1 Hr,Valid
Hyderabad,PM2.5 - Principal,2017-06-25 07:00 PM,2017,06,25,19,40.5,113,Unhealthy for Sensitive Groups,49.0,UG/M3,1 Hr,Valid
Hyderabad,PM2.5 - Principal,2017-06-25 08:00 PM,2017,06,25,20,48.7,134,Unhealthy for Sensitive Groups,57.0,UG/M3,1 Hr,Valid
Hyderabad,PM2.5 - Principal,2017-06-25 09:00 PM,2017,06,25,21,52.3,142,Unhealthy for Sensitive Groups,56.0,UG/M3,1 Hr,Valid
Hyderabad,PM2.5 - Principal,2017-06-25 10:00 PM,2017,06,25,22,41.6,116,Unhealthy for Sensitive Groups,31.0,UG/M3,1 Hr,Valid
Hyderabad,PM2.5 - Principal,2017-06-25 11:00 PM,2017,06,25,23,36.8,104,Unhealthy for Sensitive Groups,32.0,UG/M3,1 Hr,Valid
Hyderabad,PM2.5 - Principal,2017-06-26 12:00 AM,2017,06,26,00,29.9,88,Moderate,23.0,UG/M3,1 Hr,Valid
Hyderabad,PM2.5 - Principal,2017-06-26 01:00 AM,2017,06,26,01,26.4,81,Moderate,23.0,UG/M3,1 Hr,Valid
Hyderabad,PM2.5 - Principal,2017-06-26 02:00 AM,2017,06,26,02,24.7,77,Moderate,23.0,UG/M3,1 Hr,Valid
Hyderabad,PM2.5 - Principal,2017-06-26 03:00 AM,2017,06,26,03,24.3,77,Moderate,24.0,UG/M3,1 Hr,Valid
Hyderabad,PM2.5 - Principal,2017-06-26 04:00 AM,2017,06,26,04,25.1,78,Moderate,26.0,UG/M3,1 Hr,Valid
Hyderabad,PM2.5 - Principal,2017-06-26 05:00 AM,2017,06,26,05,27.5,83,Moderate,30.0,UG/M3,1 Hr,Valid
Hyderabad,PM2.5 - Principal,2017-06-26 06:00 AM,2017,06,26,06,27.7,84,Moderate,28.0,UG/M3,1 Hr,Valid
Hyderabad,PM2.5 - Principal,2017-06-26 07:00 AM,2017,06,26,07,25.8,80,Moderate,24.0,UG/M3,1 Hr,Valid
Hyderabad,PM2.5 - Principal,2017-06-26 08:00 AM,2017,06,26,08,29.9,88,Moderate,34.0,UG/M3,1 Hr,Valid
Hyderabad,PM2.5 - Principal,2017-06-26 09:00 AM,2017,06,26,09,29.1,87,Moderate,30.0,UG/M3,1 Hr,Valid
Hyderabad,PM2.5 - Principal,2017-06-26 10:00 AM,2017,06,26,10,31.2,91,Moderate,35.0,UG/M3,1 Hr,Valid
Hyderabad,PM2.5 - Principal,2017-06-26 11:00 AM,2017,06,26,11,30.7,90,Moderate,30.0,UG/M3,1 Hr,Valid
Hyderabad,PM2.5 - Principal,2017-06-26 12:00 PM,2017,06,26,12,33.2,95,Moderate,37.0,UG/M3,1 Hr,Valid
Hyderabad,PM2.5 - Principal,2017-06-26 01:00 PM,2017,06,26,13,32.0,93,Moderate,30.0,UG/M3,1 Hr,Valid
Hyderabad,PM2.5 - Principal,2017-06-26 02:00 PM,2017,06,26,14,36.3,103,Unhealthy for Sensitive Groups,42.0,UG/M3,1 Hr,Valid
Hyderabad,PM2.5 - Principal,2017-06-26 03:00 PM,2017,06,26,15,36.6,104,Unhealthy for Sensitive Groups,37.0,UG/M3,1 Hr,Valid
Hyderabad,PM2.5 - Principal,2017-06-26 04:00 PM,2017,06,26,16,36.7,104,Unhealthy for Sensitive Groups,37.0,UG/M3,1 Hr,Valid
Hyderabad,PM2.5 - Principal,2017-06-26 05:00 PM,2017,06,26,17,34.3,98,Moderate,31.0,UG/M3,1 Hr,Valid
Hyderabad,PM2.5 - Principal,2017-06-26 06:00 PM,2017,06,26,18,36.3,103,Unhealthy for Sensitive Groups,39.0,UG/M3,1 Hr,Valid
Hyderabad,PM2.5 - Principal,2017-06-26 07:00 PM,2017,06,26,19,32.8,95,Moderate,27.0,UG/M3,1 Hr,Valid
Hyderabad,PM2.5 - Principal,2017-06-26 08:00 PM,2017,06,26,20,31.8,92,Moderate,30.0,UG/M3,1 Hr,Valid
Hyderabad,PM2.5 - Principal,2017-06-26 09:00 PM,2017,06,26,21,31.5,92,Moderate,31.0,UG/M3,1 Hr,Valid
Hyderabad,PM2.5 - Principal,2017-06-26 10:00 PM,2017,06,26,22,30.6,90,Moderate,29.0,UG/M3,1 Hr,Valid
Hyderabad,PM2.5 - Principal,2017-06-26 11:00 PM,2017,06,26,23,31.1,91,Moderate,32.0,UG/M3,1 Hr,Valid
Hyderabad,PM2.5 - Principal,2017-06-27 12:00 AM,2017,06,27,00,29.9,88,Moderate,28.0,UG/M3,1 Hr,Valid
Hyderabad,PM2.5 - Principal,2017-06-27 01:00 AM,2017,06,27,01,29.6,88,Moderate,29.0,UG/M3,1 Hr,Valid
Hyderabad,PM2.5 - Principal,2017-06-27 02:00 AM,2017,06,27,02,24.7,77,Moderate,20.0,UG/M3,1 Hr,Valid
Hyderabad,PM2.5 - Principal,2017-06-27 03:00 AM,2017,06,27,03,24.8,78,Moderate,25.0,UG/M3,1 Hr,Valid
Hyderabad,PM2.5 - Principal,2017-06-27 04:00 AM,2017,06,27,04,25.4,79,Moderate,26.0,UG/M3,1 Hr,Valid
Hyderabad,PM2.5 - Principal,2017-06-27 05:00 AM,2017,06,27,05,24.7,77,Moderate,24.0,UG/M3,1 Hr,Valid
Hyderabad,PM2.5 - Principal,2017-06-27 06:00 AM,2017,06,27,06,23.8,76,Moderate,22.0,UG/M3,1 Hr,Valid
Hyderabad,PM2.5 - Principal,2017-06-27 07:00 AM,2017,06,27,07,24.3,77,Moderate,25.0,UG/M3,1 Hr,Valid
Hyderabad,PM2.5 - Principal,2017-06-27 08:00 AM,2017,06,27,08,24.9,78,Moderate,26.0,UG/M3,1 Hr,Valid
Hyderabad,PM2.5 - Principal,2017-06-27 09:00 AM,2017,06,27,09,28.1,85,Moderate,33.0,UG/M3,1 Hr,Valid
Hyderabad,PM2.5 - Principal,2017-06-27 10:00 AM,2017,06,27,10,31.2,91,Moderate,35.0,UG/M3,1 Hr,Valid
Hyderabad,PM2.5 - Principal,2017-06-27 11:00 AM,2017,06,27,11,29.4,87,Moderate,27.0,UG/M3,1 Hr,Valid
Hyderabad,PM2.5 - Principal,2017-06-27 12:00 PM,2017,06,27,12,28.3,85,Moderate,27.0,UG/M3,1 Hr,Valid
Hyderabad,PM2.5 - Principal,2017-06-27 01:00 PM,2017,06,27,13,29.9,88,Moderate,32.0,UG/M3,1 Hr,Valid
Hyderabad,PM2.5 - Principal,2017-06-27 02:00 PM,2017,06,27,14,32.2,93,Moderate,36.0,UG/M3,1 Hr,Valid
Hyderabad,PM2.5 - Principal,2017-06-27 03:00 PM,2017,06,27,15,30.1,89,Moderate,27.0,UG/M3,1 Hr,Valid
Hyderabad,PM2.5 - Principal,2017-06-27 04:00 PM,2017,06,27,16,31.6,92,Moderate,34.0,UG/M3,1 Hr,Valid
Hyderabad,PM2.5 - Principal,2017-06-27 05:00 PM,2017,06,27,17,30.6,90,Moderate,29.0,UG/M3,1 Hr,Valid
Hyderabad,PM2.5 - Principal,2017-06-27 06:00 PM,2017,06,27,18,29.5,88,Moderate,27.0,UG/M3,1 Hr,Valid
Hyderabad,PM2.5 - Principal,2017-06-27 07:00 PM,2017,06,27,19,31.1,91,Moderate,35.0,UG/M3,1 Hr,Valid
Hyderabad,PM2.5 - Principal,2017-06-27 08:00 PM,2017,06,27,20,32.1,93,Moderate,35.0,UG/M3,1 Hr,Valid
Hyderabad,PM2.5 - Principal,2017-06-27 09:00 PM,2017,06,27,21,31.8,92,Moderate,31.0,UG/M3,1 Hr,Valid
Hyderabad,PM2.5 - Principal,2017-06-27 10:00 PM,2017,06,27,22,34.1,97,Moderate,39.0,UG/M3,1 Hr,Valid
Hyderabad,PM2.5 - Principal,2017-06-27 11:00 PM,2017,06,27,23,30.0,89,Moderate,23.0,UG/M3,1 Hr,Valid
Hyderabad,PM2.5 - Principal,2017-06-28 12:00 AM,2017,06,28,00,24.8,78,Moderate,20.0,UG/M3,1 Hr,Valid
Hyderabad,PM2.5 - Principal,2017-06-28 01:00 AM,2017,06,28,01,25.8,80,Moderate,27.0,UG/M3,1 Hr,Valid
Hyderabad,PM2.5 - Principal,2017-06-28 02:00 AM,2017,06,28,02,22.4,73,Moderate,19.0,UG/M3,1 Hr,Valid
Hyderabad,PM2.5 - Principal,2017-06-28 03:00 AM,2017,06,28,03,22.7,73,Moderate,23.0,UG/M3,1 Hr,Valid
Hyderabad,PM2.5 - Principal,2017-06-28 04:00 AM,2017,06,28,04,23.3,75,Moderate,24.0,UG/M3,1 Hr,Valid
Hyderabad,PM2.5 - Principal,2017-06-28 05:00 AM,2017,06,28,05,22.1,72,Moderate,21.0,UG/M3,1 Hr,Valid
Hyderabad,PM2.5 - Principal,2017-06-28 06:00 AM,2017,06,28,06,22.5,73,Moderate,23.0,UG/M3,1 Hr,Valid
Hyderabad,PM2.5 - Principal,2017-06-28 07:00 AM,2017,06,28,07,20.2,68,Moderate,18.0,UG/M3,1 Hr,Valid
Hyderabad,PM2.5 - Principal,2017-06-28 08:00 AM,2017,06,28,08,26.6,81,Moderate,33.0,UG/M3,1 Hr,Valid
Hyderabad,PM2.5 - Principal,2017-06-28 09:00 AM,2017,06,28,09,27.8,84,Moderate,29.0,UG/M3,1 Hr,Valid
Hyderabad,PM2.5 - Principal,2017-06-28 10:00 AM,2017,06,28,10,26.3,81,Moderate,25.0,UG/M3,1 Hr,Valid
Hyderabad,PM2.5 - Principal,2017-06-28 11:00 AM,2017,06,28,11,26.1,80,Moderate,26.0,UG/M3,1 Hr,Valid
Hyderabad,PM2.5 - Principal,2017-06-28 12:00 PM,2017,06,28,12,24.7,77,Moderate,23.0,UG/M3,1 Hr,Valid
Hyderabad,PM2.5 - Principal,2017-06-28 01:00 PM,2017,06,28,13,28.4,85,Moderate,33.0,UG/M3,1 Hr,Valid
Hyderabad,PM2.5 - Principal,2017-06-28 02:00 PM,2017,06,28,14,29.6,88,Moderate,31.0,UG/M3,1 Hr,Valid
Hyderabad,PM2.5 - Principal,2017-06-28 03:00 PM,2017,06,28,15,27.5,83,Moderate,25.0,UG/M3,1 Hr,Valid
Hyderabad,PM2.5 - Principal,2017-06-28 04:00 PM,2017,06,28,16,28.2,85,Moderate,29.0,UG/M3,1 Hr,Valid
Hyderabad,PM2.5 - Principal,2017-06-28 05:00 PM,2017,06,28,17,29.0,87,Moderate,30.0,UG/M3,1 Hr,Valid
Hyderabad,PM2.5 - Principal,2017-06-28 06:00 PM,2017,06,28,18,31.9,93,Moderate,35.0,UG/M3,1 Hr,Valid
Hyderabad,PM2.5 - Principal,2017-06-28 07:00 PM,2017,06,28,19,32.3,93,Moderate,35.0,UG/M3,1 Hr,Valid
Hyderabad,PM2.5 - Principal,2017-06-28 08:00 PM,2017,06,28,20,30.8,90,Moderate,28.0,UG/M3,1 Hr,Valid
Hyderabad,PM2.5 - Principal,2017-06-28 09:00 PM,2017,06,28,21,31.9,93,Moderate,34.0,UG/M3,1 Hr,Valid
Hyderabad,PM2.5 - Principal,2017-06-28 10:00 PM,2017,06,28,22,30.5,90,Moderate,28.0,UG/M3,1 Hr,Valid
Hyderabad,PM2.5 - Principal,2017-06-28 11:00 PM,2017,06,28,23,23.0,74,Moderate,16.0,UG/M3,1 Hr,Valid
Hyderabad,PM2.5 - Principal,2017-06-29 12:00 AM,2017,06,29,00,22.0,72,Moderate,21.0,UG/M3,1 Hr,Valid
Hyderabad,PM2.5 - Principal,2017-06-29 01:00 AM,2017,06,29,01,19.5,67,Moderate,17.0,UG/M3,1 Hr,Valid
Hyderabad,PM2.5 - Principal,2017-06-29 02:00 AM,2017,06,29,02,18.7,65,Moderate,18.0,UG/M3,1 Hr,Valid
Hyderabad,PM2.5 - Principal,2017-06-29 03:00 AM,2017,06,29,03,18.3,64,Moderate,18.0,UG/M3,1 Hr,Valid
Hyderabad,PM2.5 - Principal,2017-06-29 04:00 AM,2017,06,29,04,19.1,66,Moderate,20.0,UG/M3,1 Hr,Valid
Hyderabad,PM2.5 - Principal,2017-06-29 05:00 AM,2017,06,29,05,17.5,62,Moderate,16.0,UG/M3,1 Hr,Valid
Hyderabad,PM2.5 - Principal,2017-06-29 06:00 AM,2017,06,29,06,20.2,68,Moderate,23.0,UG/M3,1 Hr,Valid
Hyderabad,PM2.5 - Principal,2017-06-29 07:00 AM,2017,06,29,07,18.6,65,Moderate,17.0,UG/M3,1 Hr,Valid
Hyderabad,PM2.5 - Principal,2017-06-29 08:00 AM,2017,06,29,08,21.3,70,Moderate,24.0,UG/M3,1 Hr,Valid
Hyderabad,PM2.5 - Principal,2017-06-29 09:00 AM,2017,06,29,09,23.5,75,Moderate,27.0,UG/M3,1 Hr,Valid
Hyderabad,PM2.5 - Principal,2017-06-29 10:00 AM,2017,06,29,10,25.4,79,Moderate,28.0,UG/M3,1 Hr,Valid
Hyderabad,PM2.5 - Principal,2017-06-29 11:00 AM,2017,06,29,11,25.2,79,Moderate,25.0,UG/M3,1 Hr,Valid
Hyderabad,PM2.5 - Principal,2017-06-29 12:00 PM,2017,06,29,12,26.9,82,Moderate,29.0,UG/M3,1 Hr,Valid
Hyderabad,PM2.5 - Principal,2017-06-29 01:00 PM,2017,06,29,13,27.0,82,Moderate,27.0,UG/M3,1 Hr,Valid
Hyderabad,PM2.5 - Principal,2017-06-29 02:00 PM,2017,06,29,14,27.0,82,Moderate,27.0,UG/M3,1 Hr,Valid
Hyderabad,PM2.5 - Principal,2017-06-29 03:00 PM,2017,06,29,15,27.9,84,Moderate,29.0,UG/M3,1 Hr,Valid
Hyderabad,PM2.5 - Principal,2017-06-29 04:00 PM,2017,06,29,16,27.9,84,Moderate,28.0,UG/M3,1 Hr,Valid
Hyderabad,PM2.5 - Principal,2017-06-29 05:00 PM,2017,06,29,17,30.4,89,Moderate,33.0,UG/M3,1 Hr,Valid
Hyderabad,PM2.5 - Principal,2017-06-29 06:00 PM,2017,06,29,18,32.2,93,Moderate,34.0,UG/M3,1 Hr,Valid
Hyderabad,PM2.5 - Principal,2017-06-29 07:00 PM,2017,06,29,19,32.7,94,Moderate,36.0,UG/M3,1 Hr,Valid
Hyderabad,PM2.5 - Principal,2017-06-29 08:00 PM,2017,06,29,20,33.2,95,Moderate,35.0,UG/M3,1 Hr,Valid
Hyderabad,PM2.5 - Principal,2017-06-29 09:00 PM,2017,06,29,21,35.1,99,Moderate,38.0,UG/M3,1 Hr,Valid
Hyderabad,PM2.5 - Principal,2017-06-29 10:00 PM,2017,06,29,22,35.0,99,Moderate,35.0,UG/M3,1 Hr,Valid
Hyderabad,PM2.5 - Principal,2017-06-29 11:00 PM,2017,06,29,23,34.5,98,Moderate,34.0,UG/M3,1 Hr,Valid
Hyderabad,PM2.5 - Principal,2017-06-30 12:00 AM,2017,06,30,00,32.3,93,Moderate,27.0,UG/M3,1 Hr,Valid
Hyderabad,PM2.5 - Principal,2017-06-30 01:00 AM,2017,06,30,01,32.5,94,Moderate,33.0,UG/M3,1 Hr,Valid
Hyderabad,PM2.5 - Principal,2017-06-30 02:00 AM,2017,06,30,02,27.1,83,Moderate,21.0,UG/M3,1 Hr,Valid
Hyderabad,PM2.5 - Principal,2017-06-30 03:00 AM,2017,06,30,03,26.6,81,Moderate,26.0,UG/M3,1 Hr,Valid
Hyderabad,PM2.5 - Principal,2017-06-30 04:00 AM,2017,06,30,04,26.7,82,Moderate,27.0,UG/M3,1 Hr,Valid
Hyderabad,PM2.5 - Principal,2017-06-30 05:00 AM,2017,06,30,05,27.7,84,Moderate,29.0,UG/M3,1 Hr,Valid
Hyderabad,PM2.5 - Principal,2017-06-30 06:00 AM,2017,06,30,06,25.6,79,Moderate,23.0,UG/M3,1 Hr,Valid
Hyderabad,PM2.5 - Principal,2017-06-30 07:00 AM,2017,06,30,07,26.2,81,Moderate,27.0,UG/M3,1 Hr,Valid
Hyderabad,PM2.5 - Principal,2017-06-30 08:00 AM,2017,06,30,08,25.6,79,Moderate,25.0,UG/M3,1 Hr,Valid
Hyderabad,PM2.5 - Principal,2017-06-30 09:00 AM,2017,06,30,09,26.2,81,Moderate,27.0,UG/M3,1 Hr,Valid
Hyderabad,PM2.5 - Principal,2017-06-30 10:00 AM,2017,06,30,10,24.2,76,Moderate,21.0,UG/M3,1 Hr,Valid
Hyderabad,PM2.5 - Principal,2017-06-30 11:00 AM,2017,06,30,11,25.6,79,Moderate,28.0,UG/M3,1 Hr,Valid
Hyderabad,PM2.5 - Principal,2017-06-30 12:00 PM,2017,06,30,12,25.7,80,Moderate,26.0,UG/M3,1 Hr,Valid
Hyderabad,PM2.5 - Principal,2017-06-30 01:00 PM,2017,06,30,13,26.3,81,Moderate,28.0,UG/M3,1 Hr,Valid
Hyderabad,PM2.5 - Principal,2017-06-30 02:00 PM,2017,06,30,14,27.9,84,Moderate,31.0,UG/M3,1 Hr,Valid
Hyderabad,PM2.5 - Principal,2017-06-30 03:00 PM,2017,06,30,15,27.6,84,Moderate,27.0,UG/M3,1 Hr,Valid
Hyderabad,PM2.5 - Principal,2017-06-30 04:00 PM,2017,06,30,16,28.0,84,Moderate,29.0,UG/M3,1 Hr,Valid
Hyderabad,PM2.5 - Principal,2017-06-30 05:00 PM,2017,06,30,17,31.5,92,Moderate,36.0,UG/M3,1 Hr,Valid
Hyderabad,PM2.5 - Principal,2017-06-30 06:00 PM,2017,06,30,18,34.5,98,Moderate,38.0,UG/M3,1 Hr,Valid
Hyderabad,PM2.5 - Principal,2017-06-30 07:00 PM,2017,06,30,19,34.7,99,Moderate,35.0,UG/M3,1 Hr,Valid
Hyderabad,PM2.5 - Principal,2017-06-30 08:00 PM,2017,06,30,20,40.5,113,Unhealthy for Sensitive Groups,46.0,UG/M3,1 Hr,Valid
Hyderabad,PM2.5 - Principal,2017-06-30 09:00 PM,2017,06,30,21,44.7,124,Unhealthy for Sensitive Groups,49.0,UG/M3,1 Hr,Valid
Hyderabad,PM2.5 - Principal,2017-06-30 10:00 PM,2017,06,30,22,41.8,117,Unhealthy for Sensitive Groups,39.0,UG/M3,1 Hr,Valid
Hyderabad,PM2.5 - Principal,2017-06-30 11:00 PM,2017,06,30,23,34.8,99,Moderate,27.0,UG/M3,1 Hr,Valid
Hyderabad,PM2.5 - Principal,2017-07-01 12:00 AM,2017,07,01,00,33.2,95,Moderate,31.0,UG/M3,1 Hr,Valid
Hyderabad,PM2.5 - Principal,2017-07-01 01:00 AM,2017,07,01,01,32.7,94,Moderate,32.0,UG/M3,1 Hr,Valid
Hyderabad,PM2.5 - Principal,2017-07-01 02:00 AM,2017,07,01,02,30.1,89,Moderate,27.0,UG/M3,1 Hr,Valid
Hyderabad,PM2.5 - Principal,2017-07-01 03:00 AM,2017,07,01,03,25.3,79,Moderate,21.0,UG/M3,1 Hr,Valid
Hyderabad,PM2.5 - Principal,2017-07-01 04:00 AM,2017,07,01,04,22.6,73,Moderate,20.0,UG/M3,1 Hr,Valid
Hyderabad,PM2.5 - Principal,2017-07-01 05:00 AM,2017,07,01,05,20.8,69,Moderate,19.0,UG/M3,1 Hr,Valid
Hyderabad,PM2.5 - Principal,2017-07-01 06:00 AM,2017,07,01,06,21.9,72,Moderate,23.0,UG/M3,1 Hr,Valid
Hyderabad,PM2.5 - Principal,2017-07-01 07:00 AM,2017,07,01,07,24.4,77,Moderate,27.0,UG/M3,1 Hr,Valid
Hyderabad,PM2.5 - Principal,2017-07-01 08:00 AM,2017,07,01,08,25.2,79,Moderate,26.0,UG/M3,1 Hr,Valid
Hyderabad,PM2.5 - Principal,2017-07-01 09:00 AM,2017,07,01,09,27.6,84,Moderate,30.0,UG/M3,1 Hr,Valid
Hyderabad,PM2.5 - Principal,2017-07-01 10:00 AM,2017,07,01,10,24.5,77,Moderate,21.0,UG/M3,1 Hr,Valid
Hyderabad,PM2.5 - Principal,2017-07-01 11:00 AM,2017,07,01,11,23.9,76,Moderate,23.0,UG/M3,1 Hr,Valid
Hyderabad,PM2.5 - Principal,2017-07-01 12:00 PM,2017,07,01,12,26.3,81,Moderate,30.0,UG/M3,1 Hr,Valid
Hyderabad,PM2.5 - Principal,2017-07-01 01:00 PM,2017,07,01,13,27.5,83,Moderate,30.0,UG/M3,1 Hr,Valid
Hyderabad,PM2.5 - Principal,2017-07-01 02:00 PM,2017,07,01,14,27.7,84,Moderate,28.0,UG/M3,1 Hr,Valid
Hyderabad,PM2.5 - Principal,2017-07-01 03:00 PM,2017,07,01,15,26.3,81,Moderate,24.0,UG/M3,1 Hr,Valid
Hyderabad,PM2.5 - Principal,2017-07-01 04:00 PM,2017,07,01,16,27.7,84,Moderate,30.0,UG/M3,1 Hr,Valid
Hyderabad,PM2.5 - Principal,2017-07-01 05:00 PM,2017,07,01,17,28.7,86,Moderate,31.0,UG/M3,1 Hr,Valid
Hyderabad,PM2.5 - Principal,2017-07-01 06:00 PM,2017,07,01,18,31.4,92,Moderate,35.0,UG/M3,1 Hr,Valid
Hyderabad,PM2.5 - Principal,2017-07-01 07:00 PM,2017,07,01,19,32.8,95,Moderate,35.0,UG/M3,1 Hr,Valid
Hyderabad,PM2.5 - Principal,2017-07-01 08:00 PM,2017,07,01,20,34.8,99,Moderate,37.0,UG/M3,1 Hr,Valid
Hyderabad,PM2.5 - Principal,2017-07-01 09:00 PM,2017,07,01,21,34.9,99,Moderate,35.0,UG/M3,1 Hr,Valid
Hyderabad,PM2.5 - Principal,2017-07-01 10:00 PM,2017,07,01,22,34.3,98,Moderate,34.0,UG/M3,1 Hr,Valid
Hyderabad,PM2.5 - Principal,2017-07-01 11:00 PM,2017,07,01,23,31.7,92,Moderate,27.0,UG/M3,1 Hr,Valid
Hyderabad,PM2.5 - Principal,2017-07-02 12:00 AM,2017,07,02,00,30.0,89,Moderate,27.0,UG/M3,1 Hr,Valid
Hyderabad,PM2.5 - Principal,2017-07-02 01:00 AM,2017,07,02,01,26.5,81,Moderate,22.0,UG/M3,1 Hr,Valid
Hyderabad,PM2.5 - Principal,2017-07-02 02:00 AM,2017,07,02,02,25.5,79,Moderate,24.0,UG/M3,1 Hr,Valid
Hyderabad,PM2.5 - Principal,2017-07-02 03:00 AM,2017,07,02,03,25.7,80,Moderate,26.0,UG/M3,1 Hr,Valid
Hyderabad,PM2.5 - Principal,2017-07-02 04:00 AM,2017,07,02,04,22.9,74,Moderate,20.0,UG/M3,1 Hr,Valid
Hyderabad,PM2.5 - Principal,2017-07-02 05:00 AM,2017,07,02,05,23.8,76,Moderate,25.0,UG/M3,1 Hr,Valid
Hyderabad,PM2.5 - Principal,2017-07-02 06:00 AM,2017,07,02,06,23.9,76,Moderate,24.0,UG/M3,1 Hr,Valid
Hyderabad,PM2.5 - Principal,2017-07-02 07:00 AM,2017,07,02,07,23.5,75,Moderate,23.0,UG/M3,1 Hr,Valid
Hyderabad,PM2.5 - Principal,2017-07-02 08:00 AM,2017,07,02,08,24.1,76,Moderate,25.0,UG/M3,1 Hr,Valid
Hyderabad,PM2.5 - Principal,2017-07-02 09:00 AM,2017,07,02,09,25.7,80,Moderate,28.0,UG/M3,1 Hr,Valid
Hyderabad,PM2.5 - Principal,2017-07-02 10:00 AM,2017,07,02,10,27.4,83,Moderate,31.0,UG/M3,1 Hr,Valid
Hyderabad,PM2.5 - Principal,2017-07-02 11:00 AM,2017,07,02,11,27.2,83,Moderate,27.0,UG/M3,1 Hr,Valid
Hyderabad,PM2.5 - Principal,2017-07-02 12:00 PM,2017,07,02,12,26.8,82,Moderate,26.0,UG/M3,1 Hr,Valid
Hyderabad,PM2.5 - Principal,2017-07-02 01:00 PM,2017,07,02,13,28.3,85,Moderate,31.0,UG/M3,1 Hr,Valid
Hyderabad,PM2.5 - Principal,2017-07-02 02:00 PM,2017,07,02,14,26.4,81,Moderate,23.0,UG/M3,1 Hr,Valid
Hyderabad,PM2.5 - Principal,2017-07-02 03:00 PM,2017,07,02,15,25.9,80,Moderate,25.0,UG/M3,1 Hr,Valid
Hyderabad,PM2.5 - Principal,2017-07-02 04:00 PM,2017,07,02,16,24.9,78,Moderate,22.0,UG/M3,1 Hr,Valid
Hyderabad,PM2.5 - Principal,2017-07-02 05:00 PM,2017,07,02,17,24.3,77,Moderate,23.0,UG/M3,1 Hr,Valid
Hyderabad,PM2.5 - Principal,2017-07-02 06:00 PM,2017,07,02,18,28.0,84,Moderate,35.0,UG/M3,1 Hr,Valid
Hyderabad,PM2.5 - Principal,2017-07-02 07:00 PM,2017,07,02,19,29.1,87,Moderate,31.0,UG/M3,1 Hr,Valid
Hyderabad,PM2.5 - Principal,2017-07-02 08:00 PM,2017,07,02,20,43.0,119,Unhealthy for Sensitive Groups,56.0,UG/M3,1 Hr,Valid
Hyderabad,PM2.5 - Principal,2017-07-02 09:00 PM,2017,07,02,21,54.5,148,Unhealthy for Sensitive Groups,66.0,UG/M3,1 Hr,Valid
Hyderabad,PM2.5 - Principal,2017-07-02 10:00 PM,2017,07,02,22,57.7,152,Unhealthy,61.0,UG/M3,1 Hr,Valid
Hyderabad,PM2.5 - Principal,2017-07-02 11:00 PM,2017,07,02,23,42.3,118,Unhealthy for Sensitive Groups,27.0,UG/M3,1 Hr,Valid
Hyderabad,PM2.5 - Principal,2017-07-03 12:00 AM,2017,07,03,00,34.6,98,Moderate,27.0,UG/M3,1 Hr,Valid
Hyderabad,PM2.5 - Principal,2017-07-03 01:00 AM,2017,07,03,01,30.8,90,Moderate,27.0,UG/M3,1 Hr,Valid
Hyderabad,PM2.5 - Principal,2017-07-03 02:00 AM,2017,07,03,02,25.4,79,Moderate,20.0,UG/M3,1 Hr,Valid
Hyderabad,PM2.5 - Principal,2017-07-03 03:00 AM,2017,07,03,03,20.7,69,Moderate,16.0,UG/M3,1 Hr,Valid
Hyderabad,PM2.5 - Principal,2017-07-03 04:00 AM,2017,07,03,04,21.8,71,Moderate,23.0,UG/M3,1 Hr,Valid
Hyderabad,PM2.5 - Principal,2017-07-03 05:00 AM,2017,07,03,05,20.9,70,Moderate,20.0,UG/M3,1 Hr,Valid
Hyderabad,PM2.5 - Principal,2017-07-03 06:00 AM,2017,07,03,06,21.4,71,Moderate,22.0,UG/M3,1 Hr,Valid
Hyderabad,PM2.5 - Principal,2017-07-03 07:00 AM,2017,07,03,07,22.2,72,Moderate,23.0,UG/M3,1 Hr,Valid
Hyderabad,PM2.5 - Principal,2017-07-03 08:00 AM,2017,07,03,08,26.6,81,Moderate,31.0,UG/M3,1 Hr,Valid
Hyderabad,PM2.5 - Principal,2017-07-03 09:00 AM,2017,07,03,09,23.8,76,Moderate,21.0,UG/M3,1 Hr,Valid
Hyderabad,PM2.5 - Principal,2017-07-03 10:00 AM,2017,07,03,10,22.4,73,Moderate,21.0,UG/M3,1 Hr,Valid
Hyderabad,PM2.5 - Principal,2017-07-03 11:00 AM,2017,07,03,11,28.1,85,Moderate,34.0,UG/M3,1 Hr,Valid
Hyderabad,PM2.5 - Principal,2017-07-03 12:00 PM,2017,07,03,12,29.0,87,Moderate,30.0,UG/M3,1 Hr,Valid
Hyderabad,PM2.5 - Principal,2017-07-03 01:00 PM,2017,07,03,13,27.5,83,Moderate,26.0,UG/M3,1 Hr,Valid
Hyderabad,PM2.5 - Principal,2017-07-03 02:00 PM,2017,07,03,14,27.7,84,Moderate,28.0,UG/M3,1 Hr,Valid
Hyderabad,PM2.5 - Principal,2017-07-03 03:00 PM,2017,07,03,15,29.0,87,Moderate,31.0,UG/M3,1 Hr,Valid
Hyderabad,PM2.5 - Principal,2017-07-03 04:00 PM,2017,07,03,16,26.1,80,Moderate,22.0,UG/M3,1 Hr,Valid
Hyderabad,PM2.5 - Principal,2017-07-03 05:00 PM,2017,07,03,17,27.3,83,Moderate,29.0,UG/M3,1 Hr,Valid
Hyderabad,PM2.5 - Principal,2017-07-03 06:00 PM,2017,07,03,18,28.7,86,Moderate,31.0,UG/M3,1 Hr,Valid
Hyderabad,PM2.5 - Principal,2017-07-03 07:00 PM,2017,07,03,19,29.6,88,Moderate,31.0,UG/M3,1 Hr,Valid
Hyderabad,PM2.5 - Principal,2017-07-03 08:00 PM,2017,07,03,20,31.2,91,Moderate,34.0,UG/M3,1 Hr,Valid
Hyderabad,PM2.5 - Principal,2017-07-03 09:00 PM,2017,07,03,21,37.0,105,Unhealthy for Sensitive Groups,42.0,UG/M3,1 Hr,Valid
Hyderabad,PM2.5 - Principal,2017-07-03 10:00 PM,2017,07,03,22,32.0,93,Moderate,27.0,UG/M3,1 Hr,Valid
Hyderabad,PM2.5 - Principal,2017-07-03 11:00 PM,2017,07,03,23,29.6,88,Moderate,27.0,UG/M3,1 Hr,Valid
Hyderabad,PM2.5 - Principal,2017-07-04 12:00 AM,2017,07,04,00,23.7,75,Moderate,18.0,UG/M3,1 Hr,Valid
Hyderabad,PM2.5 - Principal,2017-07-04 01:00 AM,2017,07,04,01,20.3,68,Moderate,17.0,UG/M3,1 Hr,Valid
Hyderabad,PM2.5 - Principal,2017-07-04 02:00 AM,2017,07,04,02,19.6,67,Moderate,19.0,UG/M3,1 Hr,Valid
Hyderabad,PM2.5 - Principal,2017-07-04 03:00 AM,2017,07,04,03,19.3,66,Moderate,19.0,UG/M3,1 Hr,Valid
Hyderabad,PM2.5 - Principal,2017-07-04 04:00 AM,2017,07,04,04,19.6,67,Moderate,20.0,UG/M3,1 Hr,Valid
Hyderabad,PM2.5 - Principal,2017-07-04 05:00 AM,2017,07,04,05,23.3,75,Moderate,27.0,UG/M3,1 Hr,Valid
Hyderabad,PM2.5 - Principal,2017-07-04 06:00 AM,2017,07,04,06,22.6,73,Moderate,22.0,UG/M3,1 Hr,Valid
Hyderabad,PM2.5 - Principal,2017-07-04 07:00 AM,2017,07,04,07,20.3,68,Moderate,18.0,UG/M3,1 Hr,Valid
Hyderabad,PM2.5 - Principal,2017-07-04 08:00 AM,2017,07,04,08,22.6,73,Moderate,25.0,UG/M3,1 Hr,Valid
Hyderabad,PM2.5 - Principal,2017-07-04 09:00 AM,2017,07,04,09,23.2,74,Moderate,25.0,UG/M3,1 Hr,Valid
Hyderabad,PM2.5 - Principal,2017-07-04 10:00 AM,2017,07,04,10,22.8,74,Moderate,22.0,UG/M3,1 Hr,Valid
Hyderabad,PM2.5 - Principal,2017-07-04 11:00 AM,2017,07,04,11,23.6,75,Moderate,25.0,UG/M3,1 Hr,Valid
Hyderabad,PM2.5 - Principal,2017-07-04 12:00 PM,2017,07,04,12,24.5,77,Moderate,26.0,UG/M3,1 Hr,Valid
Hyderabad,PM2.5 - Principal,2017-07-04 01:00 PM,2017,07,04,13,29.1,87,Moderate,34.0,UG/M3,1 Hr,Valid
Hyderabad,PM2.5 - Principal,2017-07-04 02:00 PM,2017,07,04,14,29.5,88,Moderate,30.0,UG/M3,1 Hr,Valid
Hyderabad,PM2.5 - Principal,2017-07-04 03:00 PM,2017,07,04,15,25.0,78,Moderate,20.0,UG/M3,1 Hr,Valid
Hyderabad,PM2.5 - Principal,2017-07-04 04:00 PM,2017,07,04,16,22.2,72,Moderate,19.0,UG/M3,1 Hr,Valid
Hyderabad,PM2.5 - Principal,2017-07-04 05:00 PM,2017,07,04,17,25.8,80,Moderate,30.0,UG/M3,1 Hr,Valid
Hyderabad,PM2.5 - Principal,2017-07-04 06:00 PM,2017,07,04,18,24.0,76,Moderate,22.0,UG/M3,1 Hr,Valid
Hyderabad,PM2.5 - Principal,2017-07-04 07:00 PM,2017,07,04,19,28.0,84,Moderate,33.0,UG/M3,1 Hr,Valid
Hyderabad,PM2.5 - Principal,2017-07-04 08:00 PM,2017,07,04,20,26.2,81,Moderate,24.0,UG/M3,1 Hr,Valid
Hyderabad,PM2.5 - Principal,2017-07-04 09:00 PM,2017,07,04,21,31.4,92,Moderate,37.0,UG/M3,1 Hr,Valid
Hyderabad,PM2.5 - Principal,2017-07-04 10:00 PM,2017,07,04,22,32.2,93,Moderate,33.0,UG/M3,1 Hr,Valid
Hyderabad,PM2.5 - Principal,2017-07-04 11:00 PM,2017,07,04,23,31.6,92,Moderate,31.0,UG/M3,1 Hr,Valid
Hyderabad,PM2.5 - Principal,2017-07-05 12:00 AM,2017,07,05,00,29.8,88,Moderate,28.0,UG/M3,1 Hr,Valid
Hyderabad,PM2.5 - Principal,2017-07-05 01:00 AM,2017,07,05,01,26.0,80,Moderate,22.0,UG/M3,1 Hr,Valid
Hyderabad,PM2.5 - Principal,2017-07-05 02:00 AM,2017,07,05,02,25.0,78,Moderate,24.0,UG/M3,1 Hr,Valid
Hyderabad,PM2.5 - Principal,2017-07-05 03:00 AM,2017,07,05,03,22.1,72,Moderate,19.0,UG/M3,1 Hr,Valid
Hyderabad,PM2.5 - Principal,2017-07-05 04:00 AM,2017,07,05,04,20.5,69,Moderate,19.0,UG/M3,1 Hr,Valid
Hyderabad,PM2.5 - Principal,2017-07-05 05:00 AM,2017,07,05,05,19.8,67,Moderate,19.0,UG/M3,1 Hr,Valid
Hyderabad,PM2.5 - Principal,2017-07-05 06:00 AM,2017,07,05,06,21.8,71,Moderate,24.0,UG/M3,1 Hr,Valid
Hyderabad,PM2.5 - Principal,2017-07-05 07:00 AM,2017,07,05,07,21.4,71,Moderate,21.0,UG/M3,1 Hr,Valid
Hyderabad,PM2.5 - Principal,2017-07-05 08:00 AM,2017,07,05,08,25.1,78,Moderate,29.0,UG/M3,1 Hr,Valid
Hyderabad,PM2.5 - Principal,2017-07-05 09:00 AM,2017,07,05,09,25.6,79,Moderate,27.0,UG/M3,1 Hr,Valid
Hyderabad,PM2.5 - Principal,2017-07-05 10:00 AM,2017,07,05,10,25.2,79,Moderate,25.0,UG/M3,1 Hr,Valid
Hyderabad,PM2.5 - Principal,2017-07-05 11:00 AM,2017,07,05,11,23.2,74,Moderate,20.0,UG/M3,1 Hr,Valid
Hyderabad,PM2.5 - Principal,2017-07-05 12:00 PM,2017,07,05,12,23.5,75,Moderate,24.0,UG/M3,1 Hr,Valid
Hyderabad,PM2.5 - Principal,2017-07-05 01:00 PM,2017,07,05,13,24.0,76,Moderate,25.0,UG/M3,1 Hr,Valid
Hyderabad,PM2.5 - Principal,2017-07-05 02:00 PM,2017,07,05,14,24.7,77,Moderate,26.0,UG/M3,1 Hr,Valid
Hyderabad,PM2.5 - Principal,2017-07-05 03:00 PM,2017,07,05,15,22.2,72,Moderate,18.0,UG/M3,1 Hr,Valid
Hyderabad,PM2.5 - Principal,2017-07-05 04:00 PM,2017,07,05,16,25.2,79,Moderate,30.0,UG/M3,1 Hr,Valid
Hyderabad,PM2.5 - Principal,2017-07-05 05:00 PM,2017,07,05,17,27.1,83,Moderate,30.0,UG/M3,1 Hr,Valid
Hyderabad,PM2.5 - Principal,2017-07-05 06:00 PM,2017,07,05,18,27.5,83,Moderate,28.0,UG/M3,1 Hr,Valid
Hyderabad,PM2.5 - Principal,2017-07-05 07:00 PM,2017,07,05,19,30.7,90,Moderate,34.0,UG/M3,1 Hr,Valid
Hyderabad,PM2.5 - Principal,2017-07-05 08:00 PM,2017,07,05,20,33.9,97,Moderate,37.0,UG/M3,1 Hr,Valid
Hyderabad,PM2.5 - Principal,2017-07-05 09:00 PM,2017,07,05,21,36.9,104,Unhealthy for Sensitive Groups,40.0,UG/M3,1 Hr,Valid
Hyderabad,PM2.5 - Principal,2017-07-05 10:00 PM,2017,07,05,22,31.4,92,Moderate,26.0,UG/M3,1 Hr,Valid
Hyderabad,PM2.5 - Principal,2017-07-05 11:00 PM,2017,07,05,23,28.7,86,Moderate,26.0,UG/M3,1 Hr,Valid
Hyderabad,PM2.5 - Principal,2017-07-06 12:00 AM,2017,07,06,00,26.3,81,Moderate,24.0,UG/M3,1 Hr,Valid
Hyderabad,PM2.5 - Principal,2017-07-06 01:00 AM,2017,07,06,01,25.6,79,Moderate,25.0,UG/M3,1 Hr,Valid
Hyderabad,PM2.5 - Principal,2017-07-06 02:00 AM,2017,07,06,02,22.3,72,Moderate,19.0,UG/M3,1 Hr,Valid
Hyderabad,PM2.5 - Principal,2017-07-06 03:00 AM,2017,07,06,03,25.1,78,Moderate,28.0,UG/M3,1 Hr,Valid
Hyderabad,PM2.5 - Principal,2017-07-06 04:00 AM,2017,07,06,04,23.0,74,Moderate,21.0,UG/M3,1 Hr,Valid
Hyderabad,PM2.5 - Principal,2017-07-06 05:00 AM,2017,07,06,05,21.5,71,Moderate,20.0,UG/M3,1 Hr,Valid
Hyderabad,PM2.5 - Principal,2017-07-06 06:00 AM,2017,07,06,06,21.2,70,Moderate,21.0,UG/M3,1 Hr,Valid
Hyderabad,PM2.5 - Principal,2017-07-06 07:00 AM,2017,07,06,07,23.1,74,Moderate,25.0,UG/M3,1 Hr,Valid
Hyderabad,PM2.5 - Principal,2017-07-06 08:00 AM,2017,07,06,08,24.0,76,Moderate,25.0,UG/M3,1 Hr,Valid
Hyderabad,PM2.5 - Principal,2017-07-06 09:00 AM,2017,07,06,09,27.1,83,Moderate,32.0,UG/M3,1 Hr,Valid
Hyderabad,PM2.5 - Principal,2017-07-06 10:00 AM,2017,07,06,10,27.0,82,Moderate,27.0,UG/M3,1 Hr,Valid
Hyderabad,PM2.5 - Principal,2017-07-06 11:00 AM,2017,07,06,11,27.0,82,Moderate,27.0,UG/M3,1 Hr,Valid
Hyderabad,PM2.5 - Principal,2017-07-06 12:00 PM,2017,07,06,12,30.1,89,Moderate,34.0,UG/M3,1 Hr,Valid
Hyderabad,PM2.5 - Principal,2017-07-06 01:00 PM,2017,07,06,13,29.2,87,Moderate,28.0,UG/M3,1 Hr,Valid
Hyderabad,PM2.5 - Principal,2017-07-06 02:00 PM,2017,07,06,14,32.8,95,Moderate,37.0,UG/M3,1 Hr,Valid
Hyderabad,PM2.5 - Principal,2017-07-06 03:00 PM,2017,07,06,15,32.9,95,Moderate,33.0,UG/M3,1 Hr,Valid
Hyderabad,PM2.5 - Principal,2017-07-06 04:00 PM,2017,07,06,16,30.6,90,Moderate,28.0,UG/M3,1 Hr,Valid
Hyderabad,PM2.5 - Principal,2017-07-06 05:00 PM,2017,07,06,17,36.2,103,Unhealthy for Sensitive Groups,42.0,UG/M3,1 Hr,Valid
Hyderabad,PM2.5 - Principal,2017-07-06 06:00 PM,2017,07,06,18,37.6,106,Unhealthy for Sensitive Groups,41.0,UG/M3,1 Hr,Valid
Hyderabad,PM2.5 - Principal,2017-07-06 07:00 PM,2017,07,06,19,39.4,111,Unhealthy for Sensitive Groups,42.0,UG/M3,1 Hr,Valid
Hyderabad,PM2.5 - Principal,2017-07-06 08:00 PM,2017,07,06,20,38.2,108,Unhealthy for Sensitive Groups,37.0,UG/M3,1 Hr,Valid
Hyderabad,PM2.5 - Principal,2017-07-06 09:00 PM,2017,07,06,21,41.5,116,Unhealthy for Sensitive Groups,46.0,UG/M3,1 Hr,Valid
Hyderabad,PM2.5 - Principal,2017-07-06 10:00 PM,2017,07,06,22,51.1,139,Unhealthy for Sensitive Groups,60.0,UG/M3,1 Hr,Valid
Hyderabad,PM2.5 - Principal,2017-07-06 11:00 PM,2017,07,06,23,51.0,139,Unhealthy for Sensitive Groups,51.0,UG/M3,1 Hr,Valid
Hyderabad,PM2.5 - Principal,2017-07-07 12:00 AM,2017,07,07,00,43.0,119,Unhealthy for Sensitive Groups,35.0,UG/M3,1 Hr,Valid
Hyderabad,PM2.5 - Principal,2017-07-07 01:00 AM,2017,07,07,01,48.5,133,Unhealthy for Sensitive Groups,54.0,UG/M3,1 Hr,Valid
Hyderabad,PM2.5 - Principal,2017-07-07 02:00 AM,2017,07,07,02,40.2,113,Unhealthy for Sensitive Groups,32.0,UG/M3,1 Hr,Valid
Hyderabad,PM2.5 - Principal,2017-07-07 03:00 AM,2017,07,07,03,33.6,96,Moderate,27.0,UG/M3,1 Hr,Valid
Hyderabad,PM2.5 - Principal,2017-07-07 04:00 AM,2017,07,07,04,28.8,86,Moderate,24.0,UG/M3,1 Hr,Valid
Hyderabad,PM2.5 - Principal,2017-07-07 05:00 AM,2017,07,07,05,27.9,84,Moderate,27.0,UG/M3,1 Hr,Valid
Hyderabad,PM2.5 - Principal,2017-07-07 06:00 AM,2017,07,07,06,27.4,83,Moderate,27.0,UG/M3,1 Hr,Valid
Hyderabad,PM2.5 - Principal,2017-07-07 07:00 AM,2017,07,07,07,27.7,84,Moderate,28.0,UG/M3,1 Hr,Valid
Hyderabad,PM2.5 - Principal,2017-07-07 08:00 AM,2017,07,07,08,33.3,96,Moderate,39.0,UG/M3,1 Hr,Valid
Hyderabad,PM2.5 - Principal,2017-07-07 09:00 AM,2017,07,07,09,34.1,97,Moderate,35.0,UG/M3,1 Hr,Valid
Hyderabad,PM2.5 - Principal,2017-07-07 10:00 AM,2017,07,07,10,30.5,90,Moderate,27.0,UG/M3,1 Hr,Valid
Hyderabad,PM2.5 - Principal,2017-07-07 11:00 AM,2017,07,07,11,30.7,90,Moderate,31.0,UG/M3,1 Hr,Valid
Hyderabad,PM2.5 - Principal,2017-07-07 12:00 PM,2017,07,07,12,32.8,95,Moderate,35.0,UG/M3,1 Hr,Valid
Hyderabad,PM2.5 - Principal,2017-07-07 01:00 PM,2017,07,07,13,30.3,89,Moderate,27.0,UG/M3,1 Hr,Valid
Hyderabad,PM2.5 - Principal,2017-07-07 02:00 PM,2017,07,07,14,29.8,88,Moderate,29.0,UG/M3,1 Hr,Valid
Hyderabad,PM2.5 - Principal,2017-07-07 03:00 PM,2017,07,07,15,32.5,94,Moderate,37.0,UG/M3,1 Hr,Valid
Hyderabad,PM2.5 - Principal,2017-07-07 04:00 PM,2017,07,07,16,30.6,90,Moderate,27.0,UG/M3,1 Hr,Valid
Hyderabad,PM2.5 - Principal,2017-07-07 05:00 PM,2017,07,07,17,32.9,95,Moderate,38.0,UG/M3,1 Hr,Valid
Hyderabad,PM2.5 - Principal,2017-07-07 06:00 PM,2017,07,07,18,29.7,88,Moderate,24.0,UG/M3,1 Hr,Valid
Hyderabad,PM2.5 - Principal,2017-07-07 07:00 PM,2017,07,07,19,30.2,89,Moderate,31.0,UG/M3,1 Hr,Valid
Hyderabad,PM2.5 - Principal,2017-07-07 08:00 PM,2017,07,07,20,42.5,118,Unhealthy for Sensitive Groups,55.0,UG/M3,1 Hr,Valid
Hyderabad,PM2.5 - Principal,2017-07-07 09:00 PM,2017,07,07,21,72.2,160,Unhealthy,102.0,UG/M3,1 Hr,Valid
Hyderabad,PM2.5 - Principal,2017-07-07 10:00 PM,2017,07,07,22,75.1,161,Unhealthy,78.0,UG/M3,1 Hr,Valid
Hyderabad,PM2.5 - Principal,2017-07-07 11:00 PM,2017,07,07,23,49.5,135,Unhealthy for Sensitive Groups,24.0,UG/M3,1 Hr,Valid
Hyderabad,PM2.5 - Principal,2017-07-08 12:00 AM,2017,07,08,00,37.2,105,Unhealthy for Sensitive Groups,25.0,UG/M3,1 Hr,Valid
Hyderabad,PM2.5 - Principal,2017-07-08 01:00 AM,2017,07,08,01,31.1,91,Moderate,25.0,UG/M3,1 Hr,Valid
Hyderabad,PM2.5 - Principal,2017-07-08 02:00 AM,2017,07,08,02,24.5,77,Moderate,18.0,UG/M3,1 Hr,Valid
Hyderabad,PM2.5 - Principal,2017-07-08 03:00 AM,2017,07,08,03,25.2,79,Moderate,26.0,UG/M3,1 Hr,Valid
Hyderabad,PM2.5 - Principal,2017-07-08 04:00 AM,2017,07,08,04,22.6,73,Moderate,20.0,UG/M3,1 Hr,Valid
Hyderabad,PM2.5 - Principal,2017-07-08 05:00 AM,2017,07,08,05,24.8,78,Moderate,27.0,UG/M3,1 Hr,Valid
Hyderabad,PM2.5 - Principal,2017-07-08 06:00 AM,2017,07,08,06,29.4,87,Moderate,34.0,UG/M3,1 Hr,Valid
Hyderabad,PM2.5 - Principal,2017-07-08 07:00 AM,2017,07,08,07,34.2,97,Moderate,39.0,UG/M3,1 Hr,Valid
Hyderabad,PM2.5 - Principal,2017-07-08 08:00 AM,2017,07,08,08,36.1,102,Unhealthy for Sensitive Groups,38.0,UG/M3,1 Hr,Valid
Hyderabad,PM2.5 - Principal,2017-07-08 09:00 AM,2017,07,08,09,40.0,112,Unhealthy for Sensitive Groups,44.0,UG/M3,1 Hr,Valid
Hyderabad,PM2.5 - Principal,2017-07-08 10:00 AM,2017,07,08,10,39.0,110,Unhealthy for Sensitive Groups,38.0,UG/M3,1 Hr,Valid
Hyderabad,PM2.5 - Principal,2017-07-08 11:00 AM,2017,07,08,11,38.0,107,Unhealthy for Sensitive Groups,37.0,UG/M3,1 Hr,Valid
Hyderabad,PM2.5 - Principal,2017-07-08 12:00 PM,2017,07,08,12,38.0,107,Unhealthy for Sensitive Groups,38.0,UG/M3,1 Hr,Valid
Hyderabad,PM2.5 - Principal,2017-07-08 01:00 PM,2017,07,08,13,37.5,106,Unhealthy for Sensitive Groups,37.0,UG/M3,1 Hr,Valid
Hyderabad,PM2.5 - Principal,2017-07-08 02:00 PM,2017,07,08,14,37.2,105,Unhealthy for Sensitive Groups,37.0,UG/M3,1 Hr,Valid
Hyderabad,PM2.5 - Principal,2017-07-08 03:00 PM,2017,07,08,15,37.1,105,Unhealthy for Sensitive Groups,37.0,UG/M3,1 Hr,Valid
Hyderabad,PM2.5 - Principal,2017-07-08 04:00 PM,2017,07,08,16,34.4,98,Moderate,30.0,UG/M3,1 Hr,Valid
Hyderabad,PM2.5 - Principal,2017-07-08 05:00 PM,2017,07,08,17,34.0,97,Moderate,32.0,UG/M3,1 Hr,Valid
Hyderabad,PM2.5 - Principal,2017-07-08 06:00 PM,2017,07,08,18,34.9,99,Moderate,37.0,UG/M3,1 Hr,Valid
Hyderabad,PM2.5 - Principal,2017-07-08 07:00 PM,2017,07,08,19,36.2,103,Unhealthy for Sensitive Groups,39.0,UG/M3,1 Hr,Valid
Hyderabad,PM2.5 - Principal,2017-07-08 08:00 PM,2017,07,08,20,39.2,110,Unhealthy for Sensitive Groups,45.0,UG/M3,1 Hr,Valid
Hyderabad,PM2.5 - Principal,2017-07-08 09:00 PM,2017,07,08,21,39.1,110,Unhealthy for Sensitive Groups,39.0,UG/M3,1 Hr,Valid
Hyderabad,PM2.5 - Principal,2017-07-08 10:00 PM,2017,07,08,22,40.0,112,Unhealthy for Sensitive Groups,42.0,UG/M3,1 Hr,Valid
Hyderabad,PM2.5 - Principal,2017-07-08 11:00 PM,2017,07,08,23,46.0,127,Unhealthy for Sensitive Groups,53.0,UG/M3,1 Hr,Valid
Hyderabad,PM2.5 - Principal,2017-07-09 12:00 AM,2017,07,09,00,42.9,119,Unhealthy for Sensitive Groups,39.0,UG/M3,1 Hr,Valid
Hyderabad,PM2.5 - Principal,2017-07-09 01:00 AM,2017,07,09,01,34.4,98,Moderate,26.0,UG/M3,1 Hr,Valid
Hyderabad,PM2.5 - Principal,2017-07-09 02:00 AM,2017,07,09,02,28.2,85,Moderate,22.0,UG/M3,1 Hr,Valid
Hyderabad,PM2.5 - Principal,2017-07-09 03:00 AM,2017,07,09,03,27.1,83,Moderate,26.0,UG/M3,1 Hr,Valid
Hyderabad,PM2.5 - Principal,2017-07-09 04:00 AM,2017,07,09,04,30.5,90,Moderate,34.0,UG/M3,1 Hr,Valid
Hyderabad,PM2.5 - Principal,2017-07-09 05:00 AM,2017,07,09,05,33.7,96,Moderate,37.0,UG/M3,1 Hr,Valid
Hyderabad,PM2.5 - Principal,2017-07-09 06:00 AM,2017,07,09,06,30.3,89,Moderate,27.0,UG/M3,1 Hr,Valid
Hyderabad,PM2.5 - Principal,2017-07-09 07:00 AM,2017,07,09,07,29.1,87,Moderate,28.0,UG/M3,1 Hr,Valid
Hyderabad,PM2.5 - Principal,2017-07-09 08:00 AM,2017,07,09,08,30.5,90,Moderate,32.0,UG/M3,1 Hr,Valid
Hyderabad,PM2.5 - Principal,2017-07-09 09:00 AM,2017,07,09,09,34.2,97,Moderate,38.0,UG/M3,1 Hr,Valid
Hyderabad,PM2.5 - Principal,2017-07-09 10:00 AM,2017,07,09,10,35.6,101,Unhealthy for Sensitive Groups,37.0,UG/M3,1 Hr,Valid
Hyderabad,PM2.5 - Principal,2017-07-09 11:00 AM,2017,07,09,11,35.5,101,Unhealthy for Sensitive Groups,36.0,UG/M3,1 Hr,Valid
Hyderabad,PM2.5 - Principal,2017-07-09 12:00 PM,2017,07,09,12,34.4,98,Moderate,33.0,UG/M3,1 Hr,Valid
Hyderabad,PM2.5 - Principal,2017-07-09 01:00 PM,2017,07,09,13,32.9,95,Moderate,31.0,UG/M3,1 Hr,Valid
Hyderabad,PM2.5 - Principal,2017-07-09 02:00 PM,2017,07,09,14,31.5,92,Moderate,28.0,UG/M3,1 Hr,Valid
Hyderabad,PM2.5 - Principal,2017-07-09 03:00 PM,2017,07,09,15,32.1,93,Moderate,33.0,UG/M3,1 Hr,Valid
Hyderabad,PM2.5 - Principal,2017-07-09 04:00 PM,2017,07,09,16,30.9,91,Moderate,28.0,UG/M3,1 Hr,Valid
Hyderabad,PM2.5 - Principal,2017-07-09 05:00 PM,2017,07,09,17,26.7,82,Moderate,22.0,UG/M3,1 Hr,Valid
Hyderabad,PM2.5 - Principal,2017-07-09 06:00 PM,2017,07,09,18,27.2,83,Moderate,28.0,UG/M3,1 Hr,Valid
Hyderabad,PM2.5 - Principal,2017-07-09 07:00 PM,2017,07,09,19,30.5,90,Moderate,35.0,UG/M3,1 Hr,Valid
Hyderabad,PM2.5 - Principal,2017-07-09 08:00 PM,2017,07,09,20,65.4,156,Unhealthy,100.0,UG/M3,1 Hr,Valid
Hyderabad,PM2.5 - Principal,2017-07-09 09:00 PM,2017,07,09,21,37.2,105,Unhealthy for Sensitive Groups,9.0,UG/M3,1 Hr,Valid
Hyderabad,PM2.5 - Principal,2017-07-09 10:00 PM,2017,07,09,22,41.6,116,Unhealthy for Sensitive Groups,46.0,UG/M3,1 Hr,Valid
Hyderabad,PM2.5 - Principal,2017-07-09 11:00 PM,2017,07,09,23,44.3,123,Unhealthy for Sensitive Groups,47.0,UG/M3,1 Hr,Valid
Hyderabad,PM2.5 - Principal,2017-07-10 12:00 AM,2017,07,10,00,44.1,122,Unhealthy for Sensitive Groups,44.0,UG/M3,1 Hr,Valid
Hyderabad,PM2.5 - Principal,2017-07-10 01:00 AM,2017,07,10,01,39.0,110,Unhealthy for Sensitive Groups,34.0,UG/M3,1 Hr,Valid
Hyderabad,PM2.5 - Principal,2017-07-10 02:00 AM,2017,07,10,02,29.0,87,Moderate,19.0,UG/M3,1 Hr,Valid
Hyderabad,PM2.5 - Principal,2017-07-10 03:00 AM,2017,07,10,03,22.0,72,Moderate,15.0,UG/M3,1 Hr,Valid
Hyderabad,PM2.5 - Principal,2017-07-10 04:00 AM,2017,07,10,04,20.5,69,Moderate,19.0,UG/M3,1 Hr,Valid
Hyderabad,PM2.5 - Principal,2017-07-10 05:00 AM,2017,07,10,05,20.7,69,Moderate,21.0,UG/M3,1 Hr,Valid
Hyderabad,PM2.5 - Principal,2017-07-10 06:00 AM,2017,07,10,06,20.3,68,Moderate,20.0,UG/M3,1 Hr,Valid
Hyderabad,PM2.5 - Principal,2017-07-10 07:00 AM,2017,07,10,07,18.1,64,Moderate,16.0,UG/M3,1 Hr,Valid
Hyderabad,PM2.5 - Principal,2017-07-10 08:00 AM,2017,07,10,08,21.5,71,Moderate,25.0,UG/M3,1 Hr,Valid
Hyderabad,PM2.5 - Principal,2017-07-10 09:00 AM,2017,07,10,09,22.2,72,Moderate,23.0,UG/M3,1 Hr,Valid
Hyderabad,PM2.5 - Principal,2017-07-10 10:00 AM,2017,07,10,10,25.1,78,Moderate,28.0,UG/M3,1 Hr,Valid
Hyderabad,PM2.5 - Principal,2017-07-10 11:00 AM,2017,07,10,11,26.0,80,Moderate,27.0,UG/M3,1 Hr,Valid
Hyderabad,PM2.5 - Principal,2017-07-10 12:00 PM,2017,07,10,12,27.0,82,Moderate,28.0,UG/M3,1 Hr,Valid
Hyderabad,PM2.5 - Principal,2017-07-10 01:00 PM,2017,07,10,13,32.5,94,Moderate,38.0,UG/M3,1 Hr,Valid
Hyderabad,PM2.5 - Principal,2017-07-10 02:00 PM,2017,07,10,14,33.2,95,Moderate,34.0,UG/M3,1 Hr,Valid
Hyderabad,PM2.5 - Principal,2017-07-10 03:00 PM,2017,07,10,15,30.1,89,Moderate,27.0,UG/M3,1 Hr,Valid
Hyderabad,PM2.5 - Principal,2017-07-10 04:00 PM,2017,07,10,16,26.5,81,Moderate,23.0,UG/M3,1 Hr,Valid
Hyderabad,PM2.5 - Principal,2017-07-10 05:00 PM,2017,07,10,17,28.2,85,Moderate,30.0,UG/M3,1 Hr,Valid
Hyderabad,PM2.5 - Principal,2017-07-10 06:00 PM,2017,07,10,18,28.1,85,Moderate,28.0,UG/M3,1 Hr,Valid
Hyderabad,PM2.5 - Principal,2017-07-10 07:00 PM,2017,07,10,19,30.1,89,Moderate,33.0,UG/M3,1 Hr,Valid
Hyderabad,PM2.5 - Principal,2017-07-10 08:00 PM,2017,07,10,20,29.6,88,Moderate,29.0,UG/M3,1 Hr,Valid
Hyderabad,PM2.5 - Principal,2017-07-10 09:00 PM,2017,07,10,21,35.2,100,Moderate,42.0,UG/M3,1 Hr,Valid
Hyderabad,PM2.5 - Principal,2017-07-10 10:00 PM,2017,07,10,22,41.4,116,Unhealthy for Sensitive Groups,47.0,UG/M3,1 Hr,Valid
Hyderabad,PM2.5 - Principal,2017-07-10 11:00 PM,2017,07,10,23,43.2,120,Unhealthy for Sensitive Groups,45.0,UG/M3,1 Hr,Valid
Hyderabad,PM2.5 - Principal,2017-07-11 12:00 AM,2017,07,11,00,37.6,106,Unhealthy for Sensitive Groups,32.0,UG/M3,1 Hr,Valid
Hyderabad,PM2.5 - Principal,2017-07-11 01:00 AM,2017,07,11,01,35.3,100,Moderate,33.0,UG/M3,1 Hr,Valid
Hyderabad,PM2.5 - Principal,2017-07-11 02:00 AM,2017,07,11,02,36.1,102,Unhealthy for Sensitive Groups,37.0,UG/M3,1 Hr,Valid
Hyderabad,PM2.5 - Principal,2017-07-11 03:00 AM,2017,07,11,03,30.5,90,Moderate,25.0,UG/M3,1 Hr,Valid
Hyderabad,PM2.5 - Principal,2017-07-11 04:00 AM,2017,07,11,04,25.2,79,Moderate,20.0,UG/M3,1 Hr,Valid
Hyderabad,PM2.5 - Principal,2017-07-11 05:00 AM,2017,07,11,05,21.1,70,Moderate,17.0,UG/M3,1 Hr,Valid
Hyderabad,PM2.5 - Principal,2017-07-11 06:00 AM,2017,07,11,06,24.5,77,Moderate,28.0,UG/M3,1 Hr,Valid
Hyderabad,PM2.5 - Principal,2017-07-11 07:00 AM,2017,07,11,07,23.7,75,Moderate,23.0,UG/M3,1 Hr,Valid
Hyderabad,PM2.5 - Principal,2017-07-11 08:00 AM,2017,07,11,08,28.8,86,Moderate,34.0,UG/M3,1 Hr,Valid
Hyderabad,PM2.5 - Principal,2017-07-11 09:00 AM,2017,07,11,09,27.9,84,Moderate,27.0,UG/M3,1 Hr,Valid
Hyderabad,PM2.5 - Principal,2017-07-11 10:00 AM,2017,07,11,10,29.4,87,Moderate,31.0,UG/M3,1 Hr,Valid
Hyderabad,PM2.5 - Principal,2017-07-11 11:00 AM,2017,07,11,11,28.7,86,Moderate,28.0,UG/M3,1 Hr,Valid
Hyderabad,PM2.5 - Principal,2017-07-11 12:00 PM,2017,07,11,12,32.8,95,Moderate,37.0,UG/M3,1 Hr,Valid
Hyderabad,PM2.5 - Principal,2017-07-11 01:00 PM,2017,07,11,13,32.8,95,Moderate,-999.0,UG/M3,1 Hr,Missing
Hyderabad,PM2.5 - Principal,2017-07-11 02:00 PM,2017,07,11,14,-999.0,-999,N/A,-999.0,UG/M3,1 Hr,Missing
Hyderabad,PM2.5 - Principal,2017-07-11 03:00 PM,2017,07,11,15,-999.0,-999,N/A,32.0,UG/M3,1 Hr,Valid
Hyderabad,PM2.5 - Principal,2017-07-11 04:00 PM,2017,07,11,16,34.5,98,Moderate,36.0,UG/M3,1 Hr,Valid
Hyderabad,PM2.5 - Principal,2017-07-11 05:00 PM,2017,07,11,17,32.6,94,Moderate,31.0,UG/M3,1 Hr,Valid
Hyderabad,PM2.5 - Principal,2017-07-11 06:00 PM,2017,07,11,18,33.2,95,Moderate,34.0,UG/M3,1 Hr,Valid
Hyderabad,PM2.5 - Principal,2017-07-11 07:00 PM,2017,07,11,19,31.8,92,Moderate,29.0,UG/M3,1 Hr,Valid
Hyderabad,PM2.5 - Principal,2017-07-11 08:00 PM,2017,07,11,20,37.0,105,Unhealthy for Sensitive Groups,45.0,UG/M3,1 Hr,Valid
Hyderabad,PM2.5 - Principal,2017-07-11 09:00 PM,2017,07,11,21,44.3,123,Unhealthy for Sensitive Groups,52.0,UG/M3,1 Hr,Valid
Hyderabad,PM2.5 - Principal,2017-07-11 10:00 PM,2017,07,11,22,40.0,112,Unhealthy for Sensitive Groups,35.0,UG/M3,1 Hr,Valid
Hyderabad,PM2.5 - Principal,2017-07-11 11:00 PM,2017,07,11,23,33.7,96,Moderate,27.0,UG/M3,1 Hr,Valid
Hyderabad,PM2.5 - Principal,2017-07-12 12:00 AM,2017,07,12,00,28.7,86,Moderate,24.0,UG/M3,1 Hr,Valid
Hyderabad,PM2.5 - Principal,2017-07-12 01:00 AM,2017,07,12,01,26.3,81,Moderate,24.0,UG/M3,1 Hr,Valid
Hyderabad,PM2.5 - Principal,2017-07-12 02:00 AM,2017,07,12,02,21.1,70,Moderate,16.0,UG/M3,1 Hr,Valid
Hyderabad,PM2.5 - Principal,2017-07-12 03:00 AM,2017,07,12,03,24.0,76,Moderate,27.0,UG/M3,1 Hr,Valid
Hyderabad,PM2.5 - Principal,2017-07-12 04:00 AM,2017,07,12,04,21.0,70,Moderate,18.0,UG/M3,1 Hr,Valid
Hyderabad,PM2.5 - Principal,2017-07-12 05:00 AM,2017,07,12,05,22.0,72,Moderate,23.0,UG/M3,1 Hr,Valid
Hyderabad,PM2.5 - Principal,2017-07-12 06:00 AM,2017,07,12,06,21.0,70,Moderate,20.0,UG/M3,1 Hr,Valid
Hyderabad,PM2.5 - Principal,2017-07-12 07:00 AM,2017,07,12,07,21.0,70,Moderate,21.0,UG/M3,1 Hr,Valid
Hyderabad,PM2.5 - Principal,2017-07-12 08:00 AM,2017,07,12,08,20.4,68,Moderate,20.0,UG/M3,1 Hr,Valid
Hyderabad,PM2.5 - Principal,2017-07-12 09:00 AM,2017,07,12,09,26.2,81,Moderate,32.0,UG/M3,1 Hr,Valid
Hyderabad,PM2.5 - Principal,2017-07-12 10:00 AM,2017,07,12,10,26.2,81,Moderate,-999.0,UG/M3,1 Hr,Missing
Hyderabad,PM2.5 - Principal,2017-07-12 11:00 AM,2017,07,12,11,-999.0,-999,N/A,-999.0,UG/M3,1 Hr,Missing
Hyderabad,PM2.5 - Principal,2017-07-12 12:00 PM,2017,07,12,12,-999.0,-999,N/A,-999.0,UG/M3,1 Hr,Missing
Hyderabad,PM2.5 - Principal,2017-07-12 01:00 PM,2017,07,12,13,-999.0,-999,N/A,-999.0,UG/M3,1 Hr,Missing
Hyderabad,PM2.5 - Principal,2017-07-12 02:00 PM,2017,07,12,14,-999.0,-999,N/A,-999.0,UG/M3,1 Hr,Missing
Hyderabad,PM2.5 - Principal,2017-07-12 03:00 PM,2017,07,12,15,-999.0,-999,N/A,27.0,UG/M3,1 Hr,Valid
Hyderabad,PM2.5 - Principal,2017-07-12 04:00 PM,2017,07,12,16,26.9,82,Moderate,27.0,UG/M3,1 Hr,Valid
Hyderabad,PM2.5 - Principal,2017-07-12 05:00 PM,2017,07,12,17,26.9,82,Moderate,27.0,UG/M3,1 Hr,Valid
Hyderabad,PM2.5 - Principal,2017-07-12 06:00 PM,2017,07,12,18,30.8,90,Moderate,35.0,UG/M3,1 Hr,Valid
Hyderabad,PM2.5 - Principal,2017-07-12 07:00 PM,2017,07,12,19,29.9,88,Moderate,29.0,UG/M3,1 Hr,Valid
Hyderabad,PM2.5 - Principal,2017-07-12 08:00 PM,2017,07,12,20,30.5,90,Moderate,33.0,UG/M3,1 Hr,Valid
Hyderabad,PM2.5 - Principal,2017-07-12 09:00 PM,2017,07,12,21,33.5,96,Moderate,39.0,UG/M3,1 Hr,Valid
Hyderabad,PM2.5 - Principal,2017-07-12 10:00 PM,2017,07,12,22,35.3,100,Moderate,39.0,UG/M3,1 Hr,Valid
Hyderabad,PM2.5 - Principal,2017-07-12 11:00 PM,2017,07,12,23,35.5,101,Unhealthy for Sensitive Groups,36.0,UG/M3,1 Hr,Valid
Hyderabad,PM2.5 - Principal,2017-07-13 12:00 AM,2017,07,13,00,34.1,97,Moderate,31.0,UG/M3,1 Hr,Valid
Hyderabad,PM2.5 - Principal,2017-07-13 01:00 AM,2017,07,13,01,26.3,81,Moderate,19.0,UG/M3,1 Hr,Valid
Hyderabad,PM2.5 - Principal,2017-07-13 02:00 AM,2017,07,13,02,20.6,69,Moderate,15.0,UG/M3,1 Hr,Valid
Hyderabad,PM2.5 - Principal,2017-07-13 03:00 AM,2017,07,13,03,23.8,76,Moderate,27.0,UG/M3,1 Hr,Valid
Hyderabad,PM2.5 - Principal,2017-07-13 04:00 AM,2017,07,13,04,23.4,75,Moderate,23.0,UG/M3,1 Hr,Valid
Hyderabad,PM2.5 - Principal,2017-07-13 05:00 AM,2017,07,13,05,24.7,77,Moderate,26.0,UG/M3,1 Hr,Valid
Hyderabad,PM2.5 - Principal,2017-07-13 06:00 AM,2017,07,13,06,20.8,69,Moderate,17.0,UG/M3,1 Hr,Valid
Hyderabad,PM2.5 - Principal,2017-07-13 07:00 AM,2017,07,13,07,22.9,74,Moderate,25.0,UG/M3,1 Hr,Valid
Hyderabad,PM2.5 - Principal,2017-07-13 08:00 AM,2017,07,13,08,24.4,77,Moderate,26.0,UG/M3,1 Hr,Valid
Hyderabad,PM2.5 - Principal,2017-07-13 09:00 AM,2017,07,13,09,23.7,75,Moderate,23.0,UG/M3,1 Hr,Valid
Hyderabad,PM2.5 - Principal,2017-07-13 10:00 AM,2017,07,13,10,23.3,75,Moderate,23.0,UG/M3,1 Hr,Valid
Hyderabad,PM2.5 - Principal,2017-07-13 11:00 AM,2017,07,13,11,23.6,75,Moderate,24.0,UG/M3,1 Hr,Valid
Hyderabad,PM2.5 - Principal,2017-07-13 12:00 PM,2017,07,13,12,30.3,89,Moderate,37.0,UG/M3,1 Hr,Valid
Hyderabad,PM2.5 - Principal,2017-07-13 01:00 PM,2017,07,13,13,28.6,86,Moderate,27.0,UG/M3,1 Hr,Valid
Hyderabad,PM2.5 - Principal,2017-07-13 02:00 PM,2017,07,13,14,26.3,81,Moderate,24.0,UG/M3,1 Hr,Valid
Hyderabad,PM2.5 - Principal,2017-07-13 03:00 PM,2017,07,13,15,26.1,80,Moderate,26.0,UG/M3,1 Hr,Valid
Hyderabad,PM2.5 - Principal,2017-07-13 04:00 PM,2017,07,13,16,29.5,88,Moderate,33.0,UG/M3,1 Hr,Valid
Hyderabad,PM2.5 - Principal,2017-07-13 05:00 PM,2017,07,13,17,29.5,88,Moderate,-999.0,UG/M3,1 Hr,Missing
Hyderabad,PM2.5 - Principal,2017-07-13 06:00 PM,2017,07,13,18,25.2,79,Moderate,22.0,UG/M3,1 Hr,Valid
Hyderabad,PM2.5 - Principal,2017-07-13 07:00 PM,2017,07,13,19,27.5,83,Moderate,30.0,UG/M3,1 Hr,Valid
Hyderabad,PM2.5 - Principal,2017-07-13 08:00 PM,2017,07,13,20,31.2,91,Moderate,36.0,UG/M3,1 Hr,Valid
Hyderabad,PM2.5 - Principal,2017-07-13 09:00 PM,2017,07,13,21,33.7,96,Moderate,37.0,UG/M3,1 Hr,Valid
Hyderabad,PM2.5 - Principal,2017-07-13 10:00 PM,2017,07,13,22,36.2,103,Unhealthy for Sensitive Groups,39.0,UG/M3,1 Hr,Valid
Hyderabad,PM2.5 - Principal,2017-07-13 11:00 PM,2017,07,13,23,42.4,118,Unhealthy for Sensitive Groups,48.0,UG/M3,1 Hr,Valid
Hyderabad,PM2.5 - Principal,2017-07-14 12:00 AM,2017,07,14,00,37.2,105,Unhealthy for Sensitive Groups,32.0,UG/M3,1 Hr,Valid
Hyderabad,PM2.5 - Principal,2017-07-14 01:00 AM,2017,07,14,01,29.0,87,Moderate,21.0,UG/M3,1 Hr,Valid
Hyderabad,PM2.5 - Principal,2017-07-14 02:00 AM,2017,07,14,02,19.0,66,Moderate,9.0,UG/M3,1 Hr,Valid
Hyderabad,PM2.5 - Principal,2017-07-14 03:00 AM,2017,07,14,03,21.0,70,Moderate,23.0,UG/M3,1 Hr,Valid
Hyderabad,PM2.5 - Principal,2017-07-14 04:00 AM,2017,07,14,04,20.0,68,Moderate,19.0,UG/M3,1 Hr,Valid
Hyderabad,PM2.5 - Principal,2017-07-14 05:00 AM,2017,07,14,05,17.5,62,Moderate,15.0,UG/M3,1 Hr,Valid
Hyderabad,PM2.5 - Principal,2017-07-14 06:00 AM,2017,07,14,06,18.7,65,Moderate,20.0,UG/M3,1 Hr,Valid
Hyderabad,PM2.5 - Principal,2017-07-14 07:00 AM,2017,07,14,07,22.8,74,Moderate,27.0,UG/M3,1 Hr,Valid
Hyderabad,PM2.5 - Principal,2017-07-14 08:00 AM,2017,07,14,08,24.9,78,Moderate,27.0,UG/M3,1 Hr,Valid
Hyderabad,PM2.5 - Principal,2017-07-14 09:00 AM,2017,07,14,09,23.4,75,Moderate,22.0,UG/M3,1 Hr,Valid
Hyderabad,PM2.5 - Principal,2017-07-14 10:00 AM,2017,07,14,10,23.7,75,Moderate,24.0,UG/M3,1 Hr,Valid
Hyderabad,PM2.5 - Principal,2017-07-14 11:00 AM,2017,07,14,11,26.8,82,Moderate,30.0,UG/M3,1 Hr,Valid
Hyderabad,PM2.5 - Principal,2017-07-14 12:00 PM,2017,07,14,12,29.9,88,Moderate,33.0,UG/M3,1 Hr,Valid
Hyderabad,PM2.5 - Principal,2017-07-14 01:00 PM,2017,07,14,13,27.9,84,Moderate,26.0,UG/M3,1 Hr,Valid
Hyderabad,PM2.5 - Principal,2017-07-14 02:00 PM,2017,07,14,14,28.4,85,Moderate,29.0,UG/M3,1 Hr,Valid
Hyderabad,PM2.5 - Principal,2017-07-14 03:00 PM,2017,07,14,15,27.7,84,Moderate,27.0,UG/M3,1 Hr,Valid
Hyderabad,PM2.5 - Principal,2017-07-14 04:00 PM,2017,07,14,16,24.8,78,Moderate,22.0,UG/M3,1 Hr,Valid
Hyderabad,PM2.5 - Principal,2017-07-14 05:00 PM,2017,07,14,17,28.4,85,Moderate,33.0,UG/M3,1 Hr,Valid
Hyderabad,PM2.5 - Principal,2017-07-14 06:00 PM,2017,07,14,18,31.9,93,Moderate,37.0,UG/M3,1 Hr,Valid
Hyderabad,PM2.5 - Principal,2017-07-14 07:00 PM,2017,07,14,19,34.6,98,Moderate,38.0,UG/M3,1 Hr,Valid
Hyderabad,PM2.5 - Principal,2017-07-14 08:00 PM,2017,07,14,20,33.5,96,Moderate,32.0,UG/M3,1 Hr,Valid
Hyderabad,PM2.5 - Principal,2017-07-14 09:00 PM,2017,07,14,21,40.8,114,Unhealthy for Sensitive Groups,48.0,UG/M3,1 Hr,Valid
Hyderabad,PM2.5 - Principal,2017-07-14 10:00 PM,2017,07,14,22,39.4,111,Unhealthy for Sensitive Groups,38.0,UG/M3,1 Hr,Valid
Hyderabad,PM2.5 - Principal,2017-07-14 11:00 PM,2017,07,14,23,35.2,100,Moderate,31.0,UG/M3,1 Hr,Valid
Hyderabad,PM2.5 - Principal,2017-07-15 12:00 AM,2017,07,15,00,32.1,93,Moderate,29.0,UG/M3,1 Hr,Valid
Hyderabad,PM2.5 - Principal,2017-07-15 01:00 AM,2017,07,15,01,28.5,85,Moderate,25.0,UG/M3,1 Hr,Valid
Hyderabad,PM2.5 - Principal,2017-07-15 02:00 AM,2017,07,15,02,27.7,84,Moderate,27.0,UG/M3,1 Hr,Valid
Hyderabad,PM2.5 - Principal,2017-07-15 03:00 AM,2017,07,15,03,28.8,86,Moderate,30.0,UG/M3,1 Hr,Valid
Hyderabad,PM2.5 - Principal,2017-07-15 04:00 AM,2017,07,15,04,28.0,84,Moderate,27.0,UG/M3,1 Hr,Valid
Hyderabad,PM2.5 - Principal,2017-07-15 05:00 AM,2017,07,15,05,28.0,84,Moderate,28.0,UG/M3,1 Hr,Valid
Hyderabad,PM2.5 - Principal,2017-07-15 06:00 AM,2017,07,15,06,27.0,82,Moderate,26.0,UG/M3,1 Hr,Valid
Hyderabad,PM2.5 - Principal,2017-07-15 07:00 AM,2017,07,15,07,28.9,86,Moderate,31.0,UG/M3,1 Hr,Valid
Hyderabad,PM2.5 - Principal,2017-07-15 08:00 AM,2017,07,15,08,29.4,87,Moderate,30.0,UG/M3,1 Hr,Valid
Hyderabad,PM2.5 - Principal,2017-07-15 09:00 AM,2017,07,15,09,30.7,90,Moderate,34.0,UG/M3,1 Hr,Valid
Hyderabad,PM2.5 - Principal,2017-07-15 10:00 AM,2017,07,15,10,31.2,91,Moderate,34.0,UG/M3,1 Hr,Valid
Hyderabad,PM2.5 - Principal,2017-07-15 11:00 AM,2017,07,15,11,32.0,93,Moderate,34.0,UG/M3,1 Hr,Valid
Hyderabad,PM2.5 - Principal,2017-07-15 12:00 PM,2017,07,15,12,33.9,97,Moderate,37.0,UG/M3,1 Hr,Valid
Hyderabad,PM2.5 - Principal,2017-07-15 01:00 PM,2017,07,15,13,35.7,101,Unhealthy for Sensitive Groups,39.0,UG/M3,1 Hr,Valid
Hyderabad,PM2.5 - Principal,2017-07-15 02:00 PM,2017,07,15,14,33.4,96,Moderate,29.0,UG/M3,1 Hr,Valid
Hyderabad,PM2.5 - Principal,2017-07-15 03:00 PM,2017,07,15,15,35.7,101,Unhealthy for Sensitive Groups,40.0,UG/M3,1 Hr,Valid
Hyderabad,PM2.5 - Principal,2017-07-15 04:00 PM,2017,07,15,16,38.2,108,Unhealthy for Sensitive Groups,42.0,UG/M3,1 Hr,Valid
Hyderabad,PM2.5 - Principal,2017-07-15 05:00 PM,2017,07,15,17,39.7,111,Unhealthy for Sensitive Groups,42.0,UG/M3,1 Hr,Valid
Hyderabad,PM2.5 - Principal,2017-07-15 06:00 PM,2017,07,15,18,39.9,112,Unhealthy for Sensitive Groups,42.0,UG/M3,1 Hr,Valid
Hyderabad,PM2.5 - Principal,2017-07-15 07:00 PM,2017,07,15,19,41.1,115,Unhealthy for Sensitive Groups,43.0,UG/M3,1 Hr,Valid
Hyderabad,PM2.5 - Principal,2017-07-15 08:00 PM,2017,07,15,20,39.7,111,Unhealthy for Sensitive Groups,37.0,UG/M3,1 Hr,Valid
Hyderabad,PM2.5 - Principal,2017-07-15 09:00 PM,2017,07,15,21,40.8,114,Unhealthy for Sensitive Groups,43.0,UG/M3,1 Hr,Valid
Hyderabad,PM2.5 - Principal,2017-07-15 10:00 PM,2017,07,15,22,35.7,101,Unhealthy for Sensitive Groups,27.0,UG/M3,1 Hr,Valid
Hyderabad,PM2.5 - Principal,2017-07-15 11:00 PM,2017,07,15,23,31.7,92,Moderate,26.0,UG/M3,1 Hr,Valid
Hyderabad,PM2.5 - Principal,2017-07-16 12:00 AM,2017,07,16,00,28.6,86,Moderate,25.0,UG/M3,1 Hr,Valid
Hyderabad,PM2.5 - Principal,2017-07-16 01:00 AM,2017,07,16,01,26.4,81,Moderate,24.0,UG/M3,1 Hr,Valid
Hyderabad,PM2.5 - Principal,2017-07-16 02:00 AM,2017,07,16,02,24.6,77,Moderate,23.0,UG/M3,1 Hr,Valid
Hyderabad,PM2.5 - Principal,2017-07-16 03:00 AM,2017,07,16,03,22.6,73,Moderate,21.0,UG/M3,1 Hr,Valid
Hyderabad,PM2.5 - Principal,2017-07-16 04:00 AM,2017,07,16,04,23.3,75,Moderate,24.0,UG/M3,1 Hr,Valid
Hyderabad,PM2.5 - Principal,2017-07-16 05:00 AM,2017,07,16,05,23.6,75,Moderate,24.0,UG/M3,1 Hr,Valid
Hyderabad,PM2.5 - Principal,2017-07-16 06:00 AM,2017,07,16,06,24.8,78,Moderate,26.0,UG/M3,1 Hr,Valid
Hyderabad,PM2.5 - Principal,2017-07-16 07:00 AM,2017,07,16,07,24.9,78,Moderate,25.0,UG/M3,1 Hr,Valid
Hyderabad,PM2.5 - Principal,2017-07-16 08:00 AM,2017,07,16,08,25.4,79,Moderate,26.0,UG/M3,1 Hr,Valid
Hyderabad,PM2.5 - Principal,2017-07-16 09:00 AM,2017,07,16,09,25.6,79,Moderate,28.0,UG/M3,1 Hr,Valid
Hyderabad,PM2.5 - Principal,2017-07-16 10:00 AM,2017,07,16,10,25.7,80,Moderate,26.0,UG/M3,1 Hr,Valid
Hyderabad,PM2.5 - Principal,2017-07-16 11:00 AM,2017,07,16,11,25.5,79,Moderate,25.0,UG/M3,1 Hr,Valid
Hyderabad,PM2.5 - Principal,2017-07-16 12:00 PM,2017,07,16,12,27.8,84,Moderate,32.0,UG/M3,1 Hr,Valid
Hyderabad,PM2.5 - Principal,2017-07-16 01:00 PM,2017,07,16,13,28.9,86,Moderate,31.0,UG/M3,1 Hr,Valid
Hyderabad,PM2.5 - Principal,2017-07-16 02:00 PM,2017,07,16,14,26.5,81,Moderate,22.0,UG/M3,1 Hr,Valid
Hyderabad,PM2.5 - Principal,2017-07-16 03:00 PM,2017,07,16,15,26.1,80,Moderate,25.0,UG/M3,1 Hr,Valid
Hyderabad,PM2.5 - Principal,2017-07-16 04:00 PM,2017,07,16,16,26.0,80,Moderate,26.0,UG/M3,1 Hr,Valid
Hyderabad,PM2.5 - Principal,2017-07-16 05:00 PM,2017,07,16,17,26.3,81,Moderate,27.0,UG/M3,1 Hr,Valid
Hyderabad,PM2.5 - Principal,2017-07-16 06:00 PM,2017,07,16,18,30.6,90,Moderate,37.0,UG/M3,1 Hr,Valid
Hyderabad,PM2.5 - Principal,2017-07-16 07:00 PM,2017,07,16,19,35.1,99,Moderate,40.0,UG/M3,1 Hr,Valid
Hyderabad,PM2.5 - Principal,2017-07-16 08:00 PM,2017,07,16,20,35.0,99,Moderate,35.0,UG/M3,1 Hr,Valid
Hyderabad,PM2.5 - Principal,2017-07-16 09:00 PM,2017,07,16,21,32.7,94,Moderate,30.0,UG/M3,1 Hr,Valid
Hyderabad,PM2.5 - Principal,2017-07-16 10:00 PM,2017,07,16,22,30.1,89,Moderate,27.0,UG/M3,1 Hr,Valid
Hyderabad,PM2.5 - Principal,2017-07-16 11:00 PM,2017,07,16,23,25.7,80,Moderate,21.0,UG/M3,1 Hr,Valid
Hyderabad,PM2.5 - Principal,2017-07-17 12:00 AM,2017,07,17,00,22.7,73,Moderate,20.0,UG/M3,1 Hr,Valid
Hyderabad,PM2.5 - Principal,2017-07-17 01:00 AM,2017,07,17,01,21.3,70,Moderate,20.0,UG/M3,1 Hr,Valid
Hyderabad,PM2.5 - Principal,2017-07-17 02:00 AM,2017,07,17,02,21.3,70,Moderate,-999.0,UG/M3,1 Hr,Missing
Hyderabad,PM2.5 - Principal,2017-07-17 03:00 AM,2017,07,17,03,21.3,70,Moderate,-999.0,UG/M3,1 Hr,Missing
Hyderabad,PM2.5 - Principal,2017-07-17 04:00 AM,2017,07,17,04,21.3,70,Moderate,-999.0,UG/M3,1 Hr,Missing
Hyderabad,PM2.5 - Principal,2017-07-17 05:00 AM,2017,07,17,05,21.3,70,Moderate,-999.0,UG/M3,1 Hr,Missing
Hyderabad,PM2.5 - Principal,2017-07-17 06:00 AM,2017,07,17,06,-999.0,-999,N/A,-999.0,UG/M3,1 Hr,Missing
Hyderabad,PM2.5 - Principal,2017-07-17 07:00 AM,2017,07,17,07,-999.0,-999,N/A,-999.0,UG/M3,1 Hr,Missing
Hyderabad,PM2.5 - Principal,2017-07-17 08:00 AM,2017,07,17,08,-999.0,-999,N/A,-999.0,UG/M3,1 Hr,Missing
Hyderabad,PM2.5 - Principal,2017-07-17 09:00 AM,2017,07,17,09,-999.0,-999,N/A,-999.0,UG/M3,1 Hr,Missing
Hyderabad,PM2.5 - Principal,2017-07-17 10:00 AM,2017,07,17,10,-999.0,-999,N/A,-999.0,UG/M3,1 Hr,Missing
Hyderabad,PM2.5 - Principal,2017-07-17 11:00 AM,2017,07,17,11,-999.0,-999,N/A,-999.0,UG/M3,1 Hr,Missing
Hyderabad,PM2.5 - Principal,2017-07-17 12:00 PM,2017,07,17,12,-999.0,-999,N/A,13.0,UG/M3,1 Hr,Valid
Hyderabad,PM2.5 - Principal,2017-07-17 01:00 PM,2017,07,17,13,7.6,32,Good,5.0,UG/M3,1 Hr,Valid
Hyderabad,PM2.5 - Principal,2017-07-17 02:00 PM,2017,07,17,14,18.7,65,Moderate,27.0,UG/M3,1 Hr,Valid
Hyderabad,PM2.5 - Principal,2017-07-17 03:00 PM,2017,07,17,15,17.2,62,Moderate,16.0,UG/M3,1 Hr,Valid
Hyderabad,PM2.5 - Principal,2017-07-17 04:00 PM,2017,07,17,16,25.9,80,Moderate,34.0,UG/M3,1 Hr,Valid
Hyderabad,PM2.5 - Principal,2017-07-17 05:00 PM,2017,07,17,17,24.4,77,Moderate,23.0,UG/M3,1 Hr,Valid
Hyderabad,PM2.5 - Principal,2017-07-17 06:00 PM,2017,07,17,18,26.7,82,Moderate,29.0,UG/M3,1 Hr,Valid
Hyderabad,PM2.5 - Principal,2017-07-17 07:00 PM,2017,07,17,19,23.3,75,Moderate,20.0,UG/M3,1 Hr,Valid
Hyderabad,PM2.5 - Principal,2017-07-17 08:00 PM,2017,07,17,20,23.3,75,Moderate,-999.0,UG/M3,1 Hr,Missing
Hyderabad,PM2.5 - Principal,2017-07-17 09:00 PM,2017,07,17,21,23.3,75,Moderate,-999.0,UG/M3,1 Hr,Missing
Hyderabad,PM2.5 - Principal,2017-07-17 10:00 PM,2017,07,17,22,23.3,75,Moderate,-999.0,UG/M3,1 Hr,Missing
Hyderabad,PM2.5 - Principal,2017-07-17 11:00 PM,2017,07,17,23,23.3,75,Moderate,-999.0,UG/M3,1 Hr,Missing
Hyderabad,PM2.5 - Principal,2017-07-18 12:00 AM,2017,07,18,00,-999.0,-999,N/A,-999.0,UG/M3,1 Hr,Missing
Hyderabad,PM2.5 - Principal,2017-07-18 01:00 AM,2017,07,18,01,-999.0,-999,N/A,-999.0,UG/M3,1 Hr,Missing
Hyderabad,PM2.5 - Principal,2017-07-18 02:00 AM,2017,07,18,02,-999.0,-999,N/A,-999.0,UG/M3,1 Hr,Missing
Hyderabad,PM2.5 - Principal,2017-07-18 03:00 AM,2017,07,18,03,-999.0,-999,N/A,-999.0,UG/M3,1 Hr,Missing
Hyderabad,PM2.5 - Principal,2017-07-18 04:00 AM,2017,07,18,04,-999.0,-999,N/A,-999.0,UG/M3,1 Hr,Missing
Hyderabad,PM2.5 - Principal,2017-07-18 05:00 AM,2017,07,18,05,-999.0,-999,N/A,-999.0,UG/M3,1 Hr,Missing
Hyderabad,PM2.5 - Principal,2017-07-18 06:00 AM,2017,07,18,06,-999.0,-999,N/A,-999.0,UG/M3,1 Hr,Missing
Hyderabad,PM2.5 - Principal,2017-07-18 07:00 AM,2017,07,18,07,-999.0,-999,N/A,-999.0,UG/M3,1 Hr,Missing
Hyderabad,PM2.5 - Principal,2017-07-18 08:00 AM,2017,07,18,08,-999.0,-999,N/A,-999.0,UG/M3,1 Hr,Missing
Hyderabad,PM2.5 - Principal,2017-07-18 09:00 AM,2017,07,18,09,-999.0,-999,N/A,-999.0,UG/M3,1 Hr,Missing
Hyderabad,PM2.5 - Principal,2017-07-18 10:00 AM,2017,07,18,10,-999.0,-999,N/A,-999.0,UG/M3,1 Hr,Missing
Hyderabad,PM2.5 - Principal,2017-07-18 11:00 AM,2017,07,18,11,-999.0,-999,N/A,-999.0,UG/M3,1 Hr,Missing
Hyderabad,PM2.5 - Principal,2017-07-18 12:00 PM,2017,07,18,12,-999.0,-999,N/A,-999.0,UG/M3,1 Hr,Missing
Hyderabad,PM2.5 - Principal,2017-07-18 01:00 PM,2017,07,18,13,-999.0,-999,N/A,-999.0,UG/M3,1 Hr,Missing
Hyderabad,PM2.5 - Principal,2017-07-18 02:00 PM,2017,07,18,14,-999.0,-999,N/A,-999.0,UG/M3,1 Hr,Missing
Hyderabad,PM2.5 - Principal,2017-07-18 03:00 PM,2017,07,18,15,-999.0,-999,N/A,19.0,UG/M3,1 Hr,Valid
Hyderabad,PM2.5 - Principal,2017-07-18 04:00 PM,2017,07,18,16,23.6,75,Moderate,27.0,UG/M3,1 Hr,Valid
Hyderabad,PM2.5 - Principal,2017-07-18 05:00 PM,2017,07,18,17,23.8,76,Moderate,24.0,UG/M3,1 Hr,Valid
Hyderabad,PM2.5 - Principal,2017-07-18 06:00 PM,2017,07,18,18,26.0,80,Moderate,29.0,UG/M3,1 Hr,Valid
Hyderabad,PM2.5 - Principal,2017-07-18 07:00 PM,2017,07,18,19,26.0,80,Moderate,26.0,UG/M3,1 Hr,Valid
Hyderabad,PM2.5 - Principal,2017-07-18 08:00 PM,2017,07,18,20,25.2,79,Moderate,24.0,UG/M3,1 Hr,Valid
Hyderabad,PM2.5 - Principal,2017-07-18 09:00 PM,2017,07,18,21,23.7,75,Moderate,21.0,UG/M3,1 Hr,Valid
Hyderabad,PM2.5 - Principal,2017-07-18 10:00 PM,2017,07,18,22,16.0,59,Moderate,9.0,UG/M3,1 Hr,Valid
Hyderabad,PM2.5 - Principal,2017-07-18 11:00 PM,2017,07,18,23,11.4,48,Good,7.0,UG/M3,1 Hr,Valid
Hyderabad,PM2.5 - Principal,2017-07-19 12:00 AM,2017,07,19,00,9.7,40,Good,8.0,UG/M3,1 Hr,Valid
Hyderabad,PM2.5 - Principal,2017-07-19 01:00 AM,2017,07,19,01,14.8,57,Moderate,20.0,UG/M3,1 Hr,Valid
Hyderabad,PM2.5 - Principal,2017-07-19 02:00 AM,2017,07,19,02,8.9,37,Good,3.0,UG/M3,1 Hr,Valid
Hyderabad,PM2.5 - Principal,2017-07-19 03:00 AM,2017,07,19,03,6.4,27,Good,4.0,UG/M3,1 Hr,Valid
Hyderabad,PM2.5 - Principal,2017-07-19 04:00 AM,2017,07,19,04,10.7,45,Good,15.0,UG/M3,1 Hr,Valid
Hyderabad,PM2.5 - Principal,2017-07-19 05:00 AM,2017,07,19,05,14.3,56,Moderate,18.0,UG/M3,1 Hr,Valid
Hyderabad,PM2.5 - Principal,2017-07-19 06:00 AM,2017,07,19,06,15.1,57,Moderate,16.0,UG/M3,1 Hr,Valid
Hyderabad,PM2.5 - Principal,2017-07-19 07:00 AM,2017,07,19,07,14.5,56,Moderate,14.0,UG/M3,1 Hr,Valid
Hyderabad,PM2.5 - Principal,2017-07-19 08:00 AM,2017,07,19,08,15.7,59,Moderate,17.0,UG/M3,1 Hr,Valid
Hyderabad,PM2.5 - Principal,2017-07-19 09:00 AM,2017,07,19,09,17.3,62,Moderate,19.0,UG/M3,1 Hr,Valid
Hyderabad,PM2.5 - Principal,2017-07-19 10:00 AM,2017,07,19,10,16.6,60,Moderate,16.0,UG/M3,1 Hr,Valid
Hyderabad,PM2.5 - Principal,2017-07-19 11:00 AM,2017,07,19,11,16.3,60,Moderate,16.0,UG/M3,1 Hr,Valid
Hyderabad,PM2.5 - Principal,2017-07-19 12:00 PM,2017,07,19,12,16.1,59,Moderate,16.0,UG/M3,1 Hr,Valid
Hyderabad,PM2.5 - Principal,2017-07-19 01:00 PM,2017,07,19,13,15.0,57,Moderate,14.0,UG/M3,1 Hr,Valid
Hyderabad,PM2.5 - Principal,2017-07-19 02:00 PM,2017,07,19,14,16.0,59,Moderate,17.0,UG/M3,1 Hr,Valid
Hyderabad,PM2.5 - Principal,2017-07-19 03:00 PM,2017,07,19,15,16.0,59,Moderate,16.0,UG/M3,1 Hr,Valid
Hyderabad,PM2.5 - Principal,2017-07-19 04:00 PM,2017,07,19,16,9.0,38,Good,2.0,UG/M3,1 Hr,Valid
Hyderabad,PM2.5 - Principal,2017-07-19 05:00 PM,2017,07,19,17,17.0,61,Moderate,25.0,UG/M3,1 Hr,Valid
Hyderabad,PM2.5 - Principal,2017-07-19 06:00 PM,2017,07,19,18,16.5,60,Moderate,16.0,UG/M3,1 Hr,Valid
Hyderabad,PM2.5 - Principal,2017-07-19 07:00 PM,2017,07,19,19,11.2,47,Good,6.0,UG/M3,1 Hr,Valid
Hyderabad,PM2.5 - Principal,2017-07-19 08:00 PM,2017,07,19,20,15.6,58,Moderate,20.0,UG/M3,1 Hr,Valid
Hyderabad,PM2.5 - Principal,2017-07-19 09:00 PM,2017,07,19,21,21.3,70,Moderate,27.0,UG/M3,1 Hr,Valid
Hyderabad,PM2.5 - Principal,2017-07-19 10:00 PM,2017,07,19,22,23.1,74,Moderate,25.0,UG/M3,1 Hr,Valid
Hyderabad,PM2.5 - Principal,2017-07-19 11:00 PM,2017,07,19,23,14.5,56,Moderate,6.0,UG/M3,1 Hr,Valid
Hyderabad,PM2.5 - Principal,2017-07-20 12:00 AM,2017,07,20,00,10.2,43,Good,6.0,UG/M3,1 Hr,Valid
Hyderabad,PM2.5 - Principal,2017-07-20 01:00 AM,2017,07,20,01,9.6,40,Good,9.0,UG/M3,1 Hr,Valid
Hyderabad,PM2.5 - Principal,2017-07-20 02:00 AM,2017,07,20,02,8.3,35,Good,7.0,UG/M3,1 Hr,Valid
Hyderabad,PM2.5 - Principal,2017-07-20 03:00 AM,2017,07,20,03,10.1,42,Good,12.0,UG/M3,1 Hr,Valid
Hyderabad,PM2.5 - Principal,2017-07-20 04:00 AM,2017,07,20,04,10.0,42,Good,10.0,UG/M3,1 Hr,Valid
Hyderabad,PM2.5 - Principal,2017-07-20 05:00 AM,2017,07,20,05,9.0,38,Good,8.0,UG/M3,1 Hr,Valid
Hyderabad,PM2.5 - Principal,2017-07-20 06:00 AM,2017,07,20,06,13.5,54,Moderate,18.0,UG/M3,1 Hr,Valid
Hyderabad,PM2.5 - Principal,2017-07-20 07:00 AM,2017,07,20,07,12.7,52,Moderate,12.0,UG/M3,1 Hr,Valid
Hyderabad,PM2.5 - Principal,2017-07-20 08:00 AM,2017,07,20,08,14.3,56,Moderate,16.0,UG/M3,1 Hr,Valid
Hyderabad,PM2.5 - Principal,2017-07-20 09:00 AM,2017,07,20,09,12.1,51,Moderate,10.0,UG/M3,1 Hr,Valid
Hyderabad,PM2.5 - Principal,2017-07-20 10:00 AM,2017,07,20,10,13.5,54,Moderate,15.0,UG/M3,1 Hr,Valid
Hyderabad,PM2.5 - Principal,2017-07-20 11:00 AM,2017,07,20,11,14.7,56,Moderate,16.0,UG/M3,1 Hr,Valid
Hyderabad,PM2.5 - Principal,2017-07-20 12:00 PM,2017,07,20,12,14.8,57,Moderate,15.0,UG/M3,1 Hr,Valid
Hyderabad,PM2.5 - Principal,2017-07-20 01:00 PM,2017,07,20,13,15.9,59,Moderate,17.0,UG/M3,1 Hr,Valid
Hyderabad,PM2.5 - Principal,2017-07-20 02:00 PM,2017,07,20,14,17.9,63,Moderate,20.0,UG/M3,1 Hr,Valid
Hyderabad,PM2.5 - Principal,2017-07-20 03:00 PM,2017,07,20,15,13.4,54,Moderate,9.0,UG/M3,1 Hr,Valid
Hyderabad,PM2.5 - Principal,2017-07-20 04:00 PM,2017,07,20,16,15.7,59,Moderate,18.0,UG/M3,1 Hr,Valid
Hyderabad,PM2.5 - Principal,2017-07-20 05:00 PM,2017,07,20,17,18.3,64,Moderate,21.0,UG/M3,1 Hr,Valid
Hyderabad,PM2.5 - Principal,2017-07-20 06:00 PM,2017,07,20,18,16.6,60,Moderate,15.0,UG/M3,1 Hr,Valid
Hyderabad,PM2.5 - Principal,2017-07-20 07:00 PM,2017,07,20,19,17.8,63,Moderate,19.0,UG/M3,1 Hr,Valid
Hyderabad,PM2.5 - Principal,2017-07-20 08:00 PM,2017,07,20,20,18.4,64,Moderate,19.0,UG/M3,1 Hr,Valid
Hyderabad,PM2.5 - Principal,2017-07-20 09:00 PM,2017,07,20,21,17.2,62,Moderate,16.0,UG/M3,1 Hr,Valid
Hyderabad,PM2.5 - Principal,2017-07-20 10:00 PM,2017,07,20,22,22.1,72,Moderate,27.0,UG/M3,1 Hr,Valid
Hyderabad,PM2.5 - Principal,2017-07-20 11:00 PM,2017,07,20,23,21.0,70,Moderate,20.0,UG/M3,1 Hr,Valid
Hyderabad,PM2.5 - Principal,2017-07-21 12:00 AM,2017,07,21,00,20.5,69,Moderate,20.0,UG/M3,1 Hr,Valid
Hyderabad,PM2.5 - Principal,2017-07-21 01:00 AM,2017,07,21,01,19.7,67,Moderate,19.0,UG/M3,1 Hr,Valid
Hyderabad,PM2.5 - Principal,2017-07-21 02:00 AM,2017,07,21,02,17.3,62,Moderate,15.0,UG/M3,1 Hr,Valid
Hyderabad,PM2.5 - Principal,2017-07-21 03:00 AM,2017,07,21,03,16.9,61,Moderate,16.0,UG/M3,1 Hr,Valid
Hyderabad,PM2.5 - Principal,2017-07-21 04:00 AM,2017,07,21,04,18.7,65,Moderate,21.0,UG/M3,1 Hr,Valid
Hyderabad,PM2.5 - Principal,2017-07-21 05:00 AM,2017,07,21,05,18.4,64,Moderate,18.0,UG/M3,1 Hr,Valid
Hyderabad,PM2.5 - Principal,2017-07-21 06:00 AM,2017,07,21,06,19.5,67,Moderate,21.0,UG/M3,1 Hr,Valid
Hyderabad,PM2.5 - Principal,2017-07-21 07:00 AM,2017,07,21,07,19.7,67,Moderate,20.0,UG/M3,1 Hr,Valid
Hyderabad,PM2.5 - Principal,2017-07-21 08:00 AM,2017,07,21,08,20.3,68,Moderate,21.0,UG/M3,1 Hr,Valid
Hyderabad,PM2.5 - Principal,2017-07-21 09:00 AM,2017,07,21,09,20.6,69,Moderate,21.0,UG/M3,1 Hr,Valid
Hyderabad,PM2.5 - Principal,2017-07-21 10:00 AM,2017,07,21,10,15.3,58,Moderate,10.0,UG/M3,1 Hr,Valid
Hyderabad,PM2.5 - Principal,2017-07-21 11:00 AM,2017,07,21,11,15.1,57,Moderate,15.0,UG/M3,1 Hr,Valid
Hyderabad,PM2.5 - Principal,2017-07-21 12:00 PM,2017,07,21,12,20.0,68,Moderate,25.0,UG/M3,1 Hr,Valid
Hyderabad,PM2.5 - Principal,2017-07-21 01:00 PM,2017,07,21,13,20.5,69,Moderate,21.0,UG/M3,1 Hr,Valid
Hyderabad,PM2.5 - Principal,2017-07-21 02:00 PM,2017,07,21,14,14.7,56,Moderate,9.0,UG/M3,1 Hr,Valid
Hyderabad,PM2.5 - Principal,2017-07-21 03:00 PM,2017,07,21,15,17.3,62,Moderate,20.0,UG/M3,1 Hr,Valid
Hyderabad,PM2.5 - Principal,2017-07-21 04:00 PM,2017,07,21,16,24.6,77,Moderate,32.0,UG/M3,1 Hr,Valid
Hyderabad,PM2.5 - Principal,2017-07-21 05:00 PM,2017,07,21,17,22.8,74,Moderate,21.0,UG/M3,1 Hr,Valid
Hyderabad,PM2.5 - Principal,2017-07-21 06:00 PM,2017,07,21,18,22.4,73,Moderate,22.0,UG/M3,1 Hr,Valid
Hyderabad,PM2.5 - Principal,2017-07-21 07:00 PM,2017,07,21,19,27.7,84,Moderate,33.0,UG/M3,1 Hr,Valid
Hyderabad,PM2.5 - Principal,2017-07-21 08:00 PM,2017,07,21,20,28.8,86,Moderate,30.0,UG/M3,1 Hr,Valid
Hyderabad,PM2.5 - Principal,2017-07-21 09:00 PM,2017,07,21,21,33.9,97,Moderate,39.0,UG/M3,1 Hr,Valid
Hyderabad,PM2.5 - Principal,2017-07-21 10:00 PM,2017,07,21,22,33.9,97,Moderate,34.0,UG/M3,1 Hr,Valid
Hyderabad,PM2.5 - Principal,2017-07-21 11:00 PM,2017,07,21,23,23.9,76,Moderate,14.0,UG/M3,1 Hr,Valid
Hyderabad,PM2.5 - Principal,2017-07-22 12:00 AM,2017,07,22,00,19.9,67,Moderate,16.0,UG/M3,1 Hr,Valid
Hyderabad,PM2.5 - Principal,2017-07-22 01:00 AM,2017,07,22,01,16.9,61,Moderate,14.0,UG/M3,1 Hr,Valid
Hyderabad,PM2.5 - Principal,2017-07-22 02:00 AM,2017,07,22,02,16.9,61,Moderate,17.0,UG/M3,1 Hr,Valid
Hyderabad,PM2.5 - Principal,2017-07-22 03:00 AM,2017,07,22,03,17.4,62,Moderate,18.0,UG/M3,1 Hr,Valid
Hyderabad,PM2.5 - Principal,2017-07-22 04:00 AM,2017,07,22,04,20.2,68,Moderate,23.0,UG/M3,1 Hr,Valid
Hyderabad,PM2.5 - Principal,2017-07-22 05:00 AM,2017,07,22,05,20.6,69,Moderate,21.0,UG/M3,1 Hr,Valid
Hyderabad,PM2.5 - Principal,2017-07-22 06:00 AM,2017,07,22,06,23.3,75,Moderate,26.0,UG/M3,1 Hr,Valid
Hyderabad,PM2.5 - Principal,2017-07-22 07:00 AM,2017,07,22,07,25.6,79,Moderate,28.0,UG/M3,1 Hr,Valid
Hyderabad,PM2.5 - Principal,2017-07-22 08:00 AM,2017,07,22,08,27.8,84,Moderate,30.0,UG/M3,1 Hr,Valid
Hyderabad,PM2.5 - Principal,2017-07-22 09:00 AM,2017,07,22,09,24.9,78,Moderate,22.0,UG/M3,1 Hr,Valid
Hyderabad,PM2.5 - Principal,2017-07-22 10:00 AM,2017,07,22,10,23.9,76,Moderate,23.0,UG/M3,1 Hr,Valid
Hyderabad,PM2.5 - Principal,2017-07-22 11:00 AM,2017,07,22,11,24.4,77,Moderate,25.0,UG/M3,1 Hr,Valid
Hyderabad,PM2.5 - Principal,2017-07-22 12:00 PM,2017,07,22,12,25.7,80,Moderate,27.0,UG/M3,1 Hr,Valid
Hyderabad,PM2.5 - Principal,2017-07-22 01:00 PM,2017,07,22,13,24.9,78,Moderate,24.0,UG/M3,1 Hr,Valid
Hyderabad,PM2.5 - Principal,2017-07-22 02:00 PM,2017,07,22,14,24.5,77,Moderate,24.0,UG/M3,1 Hr,Valid
Hyderabad,PM2.5 - Principal,2017-07-22 03:00 PM,2017,07,22,15,25.0,78,Moderate,26.0,UG/M3,1 Hr,Valid
Hyderabad,PM2.5 - Principal,2017-07-22 04:00 PM,2017,07,22,16,24.7,77,Moderate,24.0,UG/M3,1 Hr,Valid
Hyderabad,PM2.5 - Principal,2017-07-22 05:00 PM,2017,07,22,17,25.4,79,Moderate,27.0,UG/M3,1 Hr,Valid
Hyderabad,PM2.5 - Principal,2017-07-22 06:00 PM,2017,07,22,18,25.8,80,Moderate,27.0,UG/M3,1 Hr,Valid
Hyderabad,PM2.5 - Principal,2017-07-22 07:00 PM,2017,07,22,19,26.1,80,Moderate,27.0,UG/M3,1 Hr,Valid
Hyderabad,PM2.5 - Principal,2017-07-22 08:00 PM,2017,07,22,20,26.7,82,Moderate,29.0,UG/M3,1 Hr,Valid
Hyderabad,PM2.5 - Principal,2017-07-22 09:00 PM,2017,07,22,21,31.0,91,Moderate,37.0,UG/M3,1 Hr,Valid
Hyderabad,PM2.5 - Principal,2017-07-22 10:00 PM,2017,07,22,22,27.5,83,Moderate,22.0,UG/M3,1 Hr,Valid
Hyderabad,PM2.5 - Principal,2017-07-22 11:00 PM,2017,07,22,23,28.9,86,Moderate,31.0,UG/M3,1 Hr,Valid
Hyderabad,PM2.5 - Principal,2017-07-23 12:00 AM,2017,07,23,00,28.1,85,Moderate,27.0,UG/M3,1 Hr,Valid
Hyderabad,PM2.5 - Principal,2017-07-23 01:00 AM,2017,07,23,01,27.6,84,Moderate,27.0,UG/M3,1 Hr,Valid
Hyderabad,PM2.5 - Principal,2017-07-23 02:00 AM,2017,07,23,02,25.3,79,Moderate,22.0,UG/M3,1 Hr,Valid
Hyderabad,PM2.5 - Principal,2017-07-23 03:00 AM,2017,07,23,03,22.0,72,Moderate,19.0,UG/M3,1 Hr,Valid
Hyderabad,PM2.5 - Principal,2017-07-23 04:00 AM,2017,07,23,04,19.9,67,Moderate,18.0,UG/M3,1 Hr,Valid
Hyderabad,PM2.5 - Principal,2017-07-23 05:00 AM,2017,07,23,05,21.4,71,Moderate,23.0,UG/M3,1 Hr,Valid
Hyderabad,PM2.5 - Principal,2017-07-23 06:00 AM,2017,07,23,06,23.7,75,Moderate,26.0,UG/M3,1 Hr,Valid
Hyderabad,PM2.5 - Principal,2017-07-23 07:00 AM,2017,07,23,07,26.3,81,Moderate,29.0,UG/M3,1 Hr,Valid
Hyderabad,PM2.5 - Principal,2017-07-23 08:00 AM,2017,07,23,08,25.6,79,Moderate,25.0,UG/M3,1 Hr,Valid
Hyderabad,PM2.5 - Principal,2017-07-23 09:00 AM,2017,07,23,09,22.3,72,Moderate,18.0,UG/M3,1 Hr,Valid
Hyderabad,PM2.5 - Principal,2017-07-23 10:00 AM,2017,07,23,10,19.8,67,Moderate,17.0,UG/M3,1 Hr,Valid
Hyderabad,PM2.5 - Principal,2017-07-23 11:00 AM,2017,07,23,11,21.7,71,Moderate,24.0,UG/M3,1 Hr,Valid
Hyderabad,PM2.5 - Principal,2017-07-23 12:00 PM,2017,07,23,12,21.8,71,Moderate,22.0,UG/M3,1 Hr,Valid
Hyderabad,PM2.5 - Principal,2017-07-23 01:00 PM,2017,07,23,13,22.7,73,Moderate,24.0,UG/M3,1 Hr,Valid
Hyderabad,PM2.5 - Principal,2017-07-23 02:00 PM,2017,07,23,14,23.2,74,Moderate,24.0,UG/M3,1 Hr,Valid
Hyderabad,PM2.5 - Principal,2017-07-23 03:00 PM,2017,07,23,15,26.2,81,Moderate,30.0,UG/M3,1 Hr,Valid
Hyderabad,PM2.5 - Principal,2017-07-23 04:00 PM,2017,07,23,16,26.9,82,Moderate,28.0,UG/M3,1 Hr,Valid
Hyderabad,PM2.5 - Principal,2017-07-23 05:00 PM,2017,07,23,17,27.8,84,Moderate,29.0,UG/M3,1 Hr,Valid
Hyderabad,PM2.5 - Principal,2017-07-23 06:00 PM,2017,07,23,18,27.0,82,Moderate,26.0,UG/M3,1 Hr,Valid
Hyderabad,PM2.5 - Principal,2017-07-23 07:00 PM,2017,07,23,19,25.7,80,Moderate,24.0,UG/M3,1 Hr,Valid
Hyderabad,PM2.5 - Principal,2017-07-23 08:00 PM,2017,07,23,20,25.8,80,Moderate,26.0,UG/M3,1 Hr,Valid
Hyderabad,PM2.5 - Principal,2017-07-23 09:00 PM,2017,07,23,21,28.7,86,Moderate,32.0,UG/M3,1 Hr,Valid
Hyderabad,PM2.5 - Principal,2017-07-23 10:00 PM,2017,07,23,22,28.8,86,Moderate,31.0,UG/M3,1 Hr,Valid
Hyderabad,PM2.5 - Principal,2017-07-23 11:00 PM,2017,07,23,23,29.8,88,Moderate,32.0,UG/M3,1 Hr,Valid
Hyderabad,PM2.5 - Principal,2017-07-24 12:00 AM,2017,07,24,00,29.8,88,Moderate,31.0,UG/M3,1 Hr,Valid
Hyderabad,PM2.5 - Principal,2017-07-24 01:00 AM,2017,07,24,01,28.0,84,Moderate,23.0,UG/M3,1 Hr,Valid
Hyderabad,PM2.5 - Principal,2017-07-24 02:00 AM,2017,07,24,02,29.2,87,Moderate,32.0,UG/M3,1 Hr,Valid
Hyderabad,PM2.5 - Principal,2017-07-24 03:00 AM,2017,07,24,03,27.4,83,Moderate,23.0,UG/M3,1 Hr,Valid
Hyderabad,PM2.5 - Principal,2017-07-24 04:00 AM,2017,07,24,04,24.3,77,Moderate,20.0,UG/M3,1 Hr,Valid
Hyderabad,PM2.5 - Principal,2017-07-24 05:00 AM,2017,07,24,05,21.9,72,Moderate,19.0,UG/M3,1 Hr,Valid
Hyderabad,PM2.5 - Principal,2017-07-24 06:00 AM,2017,07,24,06,21.5,71,Moderate,21.0,UG/M3,1 Hr,Valid
Hyderabad,PM2.5 - Principal,2017-07-24 07:00 AM,2017,07,24,07,19.2,66,Moderate,17.0,UG/M3,1 Hr,Valid
Hyderabad,PM2.5 - Principal,2017-07-24 08:00 AM,2017,07,24,08,21.9,72,Moderate,25.0,UG/M3,1 Hr,Valid
Hyderabad,PM2.5 - Principal,2017-07-24 09:00 AM,2017,07,24,09,21.0,70,Moderate,20.0,UG/M3,1 Hr,Valid
Hyderabad,PM2.5 - Principal,2017-07-24 10:00 AM,2017,07,24,10,20.5,69,Moderate,20.0,UG/M3,1 Hr,Valid
Hyderabad,PM2.5 - Principal,2017-07-24 11:00 AM,2017,07,24,11,23.5,75,Moderate,27.0,UG/M3,1 Hr,Valid
Hyderabad,PM2.5 - Principal,2017-07-24 12:00 PM,2017,07,24,12,23.7,75,Moderate,24.0,UG/M3,1 Hr,Valid
Hyderabad,PM2.5 - Principal,2017-07-24 01:00 PM,2017,07,24,13,24.8,78,Moderate,26.0,UG/M3,1 Hr,Valid
Hyderabad,PM2.5 - Principal,2017-07-24 02:00 PM,2017,07,24,14,22.7,73,Moderate,20.0,UG/M3,1 Hr,Valid
Hyderabad,PM2.5 - Principal,2017-07-24 03:00 PM,2017,07,24,15,22.4,73,Moderate,22.0,UG/M3,1 Hr,Valid
Hyderabad,PM2.5 - Principal,2017-07-24 04:00 PM,2017,07,24,16,17.6,63,Moderate,13.0,UG/M3,1 Hr,Valid
Hyderabad,PM2.5 - Principal,2017-07-24 05:00 PM,2017,07,24,17,20.8,69,Moderate,24.0,UG/M3,1 Hr,Valid
Hyderabad,PM2.5 - Principal,2017-07-24 06:00 PM,2017,07,24,18,24.4,77,Moderate,28.0,UG/M3,1 Hr,Valid
Hyderabad,PM2.5 - Principal,2017-07-24 07:00 PM,2017,07,24,19,23.7,75,Moderate,23.0,UG/M3,1 Hr,Valid
Hyderabad,PM2.5 - Principal,2017-07-24 08:00 PM,2017,07,24,20,27.3,83,Moderate,31.0,UG/M3,1 Hr,Valid
Hyderabad,PM2.5 - Principal,2017-07-24 09:00 PM,2017,07,24,21,24.6,77,Moderate,22.0,UG/M3,1 Hr,Valid
Hyderabad,PM2.5 - Principal,2017-07-24 10:00 PM,2017,07,24,22,27.3,83,Moderate,30.0,UG/M3,1 Hr,Valid
Hyderabad,PM2.5 - Principal,2017-07-24 11:00 PM,2017,07,24,23,23.6,75,Moderate,20.0,UG/M3,1 Hr,Valid
Hyderabad,PM2.5 - Principal,2017-07-25 12:00 AM,2017,07,25,00,18.3,64,Moderate,13.0,UG/M3,1 Hr,Valid
Hyderabad,PM2.5 - Principal,2017-07-25 01:00 AM,2017,07,25,01,17.1,62,Moderate,16.0,UG/M3,1 Hr,Valid
Hyderabad,PM2.5 - Principal,2017-07-25 02:00 AM,2017,07,25,02,17.0,61,Moderate,17.0,UG/M3,1 Hr,Valid
Hyderabad,PM2.5 - Principal,2017-07-25 03:00 AM,2017,07,25,03,20.0,68,Moderate,23.0,UG/M3,1 Hr,Valid
Hyderabad,PM2.5 - Principal,2017-07-25 04:00 AM,2017,07,25,04,17.5,62,Moderate,15.0,UG/M3,1 Hr,Valid
Hyderabad,PM2.5 - Principal,2017-07-25 05:00 AM,2017,07,25,05,18.7,65,Moderate,20.0,UG/M3,1 Hr,Valid
Hyderabad,PM2.5 - Principal,2017-07-25 06:00 AM,2017,07,25,06,18.3,64,Moderate,18.0,UG/M3,1 Hr,Valid
Hyderabad,PM2.5 - Principal,2017-07-25 07:00 AM,2017,07,25,07,20.1,68,Moderate,22.0,UG/M3,1 Hr,Valid
Hyderabad,PM2.5 - Principal,2017-07-25 08:00 AM,2017,07,25,08,23.0,74,Moderate,26.0,UG/M3,1 Hr,Valid
Hyderabad,PM2.5 - Principal,2017-07-25 09:00 AM,2017,07,25,09,21.0,70,Moderate,19.0,UG/M3,1 Hr,Valid
Hyderabad,PM2.5 - Principal,2017-07-25 10:00 AM,2017,07,25,10,23.0,74,Moderate,25.0,UG/M3,1 Hr,Valid
Hyderabad,PM2.5 - Principal,2017-07-25 11:00 AM,2017,07,25,11,23.5,75,Moderate,24.0,UG/M3,1 Hr,Valid
Hyderabad,PM2.5 - Principal,2017-07-25 12:00 PM,2017,07,25,12,24.9,78,Moderate,27.0,UG/M3,1 Hr,Valid
Hyderabad,PM2.5 - Principal,2017-07-25 01:00 PM,2017,07,25,13,27.0,82,Moderate,29.0,UG/M3,1 Hr,Valid
Hyderabad,PM2.5 - Principal,2017-07-25 02:00 PM,2017,07,25,14,26.5,81,Moderate,26.0,UG/M3,1 Hr,Valid
Hyderabad,PM2.5 - Principal,2017-07-25 03:00 PM,2017,07,25,15,27.2,83,Moderate,28.0,UG/M3,1 Hr,Valid
Hyderabad,PM2.5 - Principal,2017-07-25 04:00 PM,2017,07,25,16,25.7,80,Moderate,24.0,UG/M3,1 Hr,Valid
Hyderabad,PM2.5 - Principal,2017-07-25 05:00 PM,2017,07,25,17,27.4,83,Moderate,30.0,UG/M3,1 Hr,Valid
Hyderabad,PM2.5 - Principal,2017-07-25 06:00 PM,2017,07,25,18,30.4,89,Moderate,34.0,UG/M3,1 Hr,Valid
Hyderabad,PM2.5 - Principal,2017-07-25 07:00 PM,2017,07,25,19,30.2,89,Moderate,30.0,UG/M3,1 Hr,Valid
Hyderabad,PM2.5 - Principal,2017-07-25 08:00 PM,2017,07,25,20,36.7,104,Unhealthy for Sensitive Groups,43.0,UG/M3,1 Hr,Valid
Hyderabad,PM2.5 - Principal,2017-07-25 09:00 PM,2017,07,25,21,44.8,124,Unhealthy for Sensitive Groups,53.0,UG/M3,1 Hr,Valid
Hyderabad,PM2.5 - Principal,2017-07-25 10:00 PM,2017,07,25,22,38.9,109,Unhealthy for Sensitive Groups,33.0,UG/M3,1 Hr,Valid
Hyderabad,PM2.5 - Principal,2017-07-25 11:00 PM,2017,07,25,23,31.4,92,Moderate,24.0,UG/M3,1 Hr,Valid
Hyderabad,PM2.5 - Principal,2017-07-26 12:00 AM,2017,07,26,00,25.2,79,Moderate,19.0,UG/M3,1 Hr,Valid
Hyderabad,PM2.5 - Principal,2017-07-26 01:00 AM,2017,07,26,01,25.6,79,Moderate,26.0,UG/M3,1 Hr,Valid
Hyderabad,PM2.5 - Principal,2017-07-26 02:00 AM,2017,07,26,02,25.3,79,Moderate,25.0,UG/M3,1 Hr,Valid
Hyderabad,PM2.5 - Principal,2017-07-26 03:00 AM,2017,07,26,03,24.1,76,Moderate,23.0,UG/M3,1 Hr,Valid
Hyderabad,PM2.5 - Principal,2017-07-26 04:00 AM,2017,07,26,04,24.5,77,Moderate,25.0,UG/M3,1 Hr,Valid
Hyderabad,PM2.5 - Principal,2017-07-26 05:00 AM,2017,07,26,05,27.2,83,Moderate,30.0,UG/M3,1 Hr,Valid
Hyderabad,PM2.5 - Principal,2017-07-26 06:00 AM,2017,07,26,06,32.6,94,Moderate,38.0,UG/M3,1 Hr,Valid
Hyderabad,PM2.5 - Principal,2017-07-26 07:00 AM,2017,07,26,07,29.8,88,Moderate,27.0,UG/M3,1 Hr,Valid
Hyderabad,PM2.5 - Principal,2017-07-26 08:00 AM,2017,07,26,08,31.4,92,Moderate,33.0,UG/M3,1 Hr,Valid
Hyderabad,PM2.5 - Principal,2017-07-26 09:00 AM,2017,07,26,09,30.2,89,Moderate,29.0,UG/M3,1 Hr,Valid
Hyderabad,PM2.5 - Principal,2017-07-26 10:00 AM,2017,07,26,10,30.6,90,Moderate,31.0,UG/M3,1 Hr,Valid
Hyderabad,PM2.5 - Principal,2017-07-26 11:00 AM,2017,07,26,11,24.7,77,Moderate,19.0,UG/M3,1 Hr,Valid
Hyderabad,PM2.5 - Principal,2017-07-26 12:00 PM,2017,07,26,12,29.4,87,Moderate,34.0,UG/M3,1 Hr,Valid
Hyderabad,PM2.5 - Principal,2017-07-26 01:00 PM,2017,07,26,13,35.7,101,Unhealthy for Sensitive Groups,42.0,UG/M3,1 Hr,Valid
Hyderabad,PM2.5 - Principal,2017-07-26 02:00 PM,2017,07,26,14,35.7,101,Unhealthy for Sensitive Groups,-999.0,UG/M3,1 Hr,Missing
Hyderabad,PM2.5 - Principal,2017-07-26 03:00 PM,2017,07,26,15,111.2,180,Unhealthy,149.0,UG/M3,1 Hr,Valid
Hyderabad,PM2.5 - Principal,2017-07-26 04:00 PM,2017,07,26,16,-999.0,-999,N/A,-15.0,UG/M3,1 Hr,Invalid
Hyderabad,PM2.5 - Principal,2017-07-26 05:00 PM,2017,07,26,17,50.7,138,Unhealthy for Sensitive Groups,28.0,UG/M3,1 Hr,Valid
Hyderabad,PM2.5 - Principal,2017-07-26 06:00 PM,2017,07,26,18,37.2,105,Unhealthy for Sensitive Groups,28.0,UG/M3,1 Hr,Valid
Hyderabad,PM2.5 - Principal,2017-07-26 07:00 PM,2017,07,26,19,37.1,105,Unhealthy for Sensitive Groups,37.0,UG/M3,1 Hr,Valid
Hyderabad,PM2.5 - Principal,2017-07-26 08:00 PM,2017,07,26,20,40.6,114,Unhealthy for Sensitive Groups,44.0,UG/M3,1 Hr,Valid
Hyderabad,PM2.5 - Principal,2017-07-26 09:00 PM,2017,07,26,21,41.3,115,Unhealthy for Sensitive Groups,42.0,UG/M3,1 Hr,Valid
Hyderabad,PM2.5 - Principal,2017-07-26 10:00 PM,2017,07,26,22,33.1,95,Moderate,25.0,UG/M3,1 Hr,Valid
Hyderabad,PM2.5 - Principal,2017-07-26 11:00 PM,2017,07,26,23,29.5,88,Moderate,26.0,UG/M3,1 Hr,Valid
Hyderabad,PM2.5 - Principal,2017-07-27 12:00 AM,2017,07,27,00,25.2,79,Moderate,21.0,UG/M3,1 Hr,Valid
Hyderabad,PM2.5 - Principal,2017-07-27 01:00 AM,2017,07,27,01,26.6,81,Moderate,28.0,UG/M3,1 Hr,Valid
Hyderabad,PM2.5 - Principal,2017-07-27 02:00 AM,2017,07,27,02,25.8,80,Moderate,25.0,UG/M3,1 Hr,Valid
Hyderabad,PM2.5 - Principal,2017-07-27 03:00 AM,2017,07,27,03,22.8,74,Moderate,20.0,UG/M3,1 Hr,Valid
Hyderabad,PM2.5 - Principal,2017-07-27 04:00 AM,2017,07,27,04,18.9,65,Moderate,15.0,UG/M3,1 Hr,Valid
Hyderabad,PM2.5 - Principal,2017-07-27 05:00 AM,2017,07,27,05,20.4,68,Moderate,22.0,UG/M3,1 Hr,Valid
Hyderabad,PM2.5 - Principal,2017-07-27 06:00 AM,2017,07,27,06,22.2,72,Moderate,24.0,UG/M3,1 Hr,Valid
Hyderabad,PM2.5 - Principal,2017-07-27 07:00 AM,2017,07,27,07,25.1,78,Moderate,28.0,UG/M3,1 Hr,Valid
Hyderabad,PM2.5 - Principal,2017-07-27 08:00 AM,2017,07,27,08,26.0,80,Moderate,27.0,UG/M3,1 Hr,Valid
Hyderabad,PM2.5 - Principal,2017-07-27 09:00 AM,2017,07,27,09,28.5,85,Moderate,31.0,UG/M3,1 Hr,Valid
Hyderabad,PM2.5 - Principal,2017-07-27 10:00 AM,2017,07,27,10,25.2,79,Moderate,22.0,UG/M3,1 Hr,Valid
Hyderabad,PM2.5 - Principal,2017-07-27 11:00 AM,2017,07,27,11,23.6,75,Moderate,22.0,UG/M3,1 Hr,Valid
Hyderabad,PM2.5 - Principal,2017-07-27 12:00 PM,2017,07,27,12,27.3,83,Moderate,31.0,UG/M3,1 Hr,Valid
Hyderabad,PM2.5 - Principal,2017-07-27 01:00 PM,2017,07,27,13,29.6,88,Moderate,32.0,UG/M3,1 Hr,Valid
Hyderabad,PM2.5 - Principal,2017-07-27 02:00 PM,2017,07,27,14,28.8,86,Moderate,28.0,UG/M3,1 Hr,Valid
Hyderabad,PM2.5 - Principal,2017-07-27 03:00 PM,2017,07,27,15,27.9,84,Moderate,27.0,UG/M3,1 Hr,Valid
Hyderabad,PM2.5 - Principal,2017-07-27 04:00 PM,2017,07,27,16,27.2,83,Moderate,26.0,UG/M3,1 Hr,Valid
Hyderabad,PM2.5 - Principal,2017-07-27 05:00 PM,2017,07,27,17,26.5,81,Moderate,25.0,UG/M3,1 Hr,Valid
Hyderabad,PM2.5 - Principal,2017-07-27 06:00 PM,2017,07,27,18,27.9,84,Moderate,31.0,UG/M3,1 Hr,Valid
Hyderabad,PM2.5 - Principal,2017-07-27 07:00 PM,2017,07,27,19,26.0,80,Moderate,22.0,UG/M3,1 Hr,Valid
Hyderabad,PM2.5 - Principal,2017-07-27 08:00 PM,2017,07,27,20,26.6,81,Moderate,28.0,UG/M3,1 Hr,Valid
Hyderabad,PM2.5 - Principal,2017-07-27 09:00 PM,2017,07,27,21,28.7,86,Moderate,33.0,UG/M3,1 Hr,Valid
Hyderabad,PM2.5 - Principal,2017-07-27 10:00 PM,2017,07,27,22,27.1,83,Moderate,24.0,UG/M3,1 Hr,Valid
Hyderabad,PM2.5 - Principal,2017-07-27 11:00 PM,2017,07,27,23,24.3,77,Moderate,20.0,UG/M3,1 Hr,Valid
Hyderabad,PM2.5 - Principal,2017-07-28 12:00 AM,2017,07,28,00,24.1,76,Moderate,24.0,UG/M3,1 Hr,Valid
Hyderabad,PM2.5 - Principal,2017-07-28 01:00 AM,2017,07,28,01,22.5,73,Moderate,20.0,UG/M3,1 Hr,Valid
Hyderabad,PM2.5 - Principal,2017-07-28 02:00 AM,2017,07,28,02,22.3,72,Moderate,22.0,UG/M3,1 Hr,Valid
Hyderabad,PM2.5 - Principal,2017-07-28 03:00 AM,2017,07,28,03,24.5,77,Moderate,28.0,UG/M3,1 Hr,Valid
Hyderabad,PM2.5 - Principal,2017-07-28 04:00 AM,2017,07,28,04,23.5,75,Moderate,22.0,UG/M3,1 Hr,Valid
Hyderabad,PM2.5 - Principal,2017-07-28 05:00 AM,2017,07,28,05,24.9,78,Moderate,27.0,UG/M3,1 Hr,Valid
Hyderabad,PM2.5 - Principal,2017-07-28 06:00 AM,2017,07,28,06,25.7,80,Moderate,27.0,UG/M3,1 Hr,Valid
Hyderabad,PM2.5 - Principal,2017-07-28 07:00 AM,2017,07,28,07,24.6,77,Moderate,23.0,UG/M3,1 Hr,Valid
Hyderabad,PM2.5 - Principal,2017-07-28 08:00 AM,2017,07,28,08,24.6,77,Moderate,-999.0,UG/M3,1 Hr,Missing
Hyderabad,PM2.5 - Principal,2017-07-28 09:00 AM,2017,07,28,09,-999.0,-999,N/A,-999.0,UG/M3,1 Hr,Missing
Hyderabad,PM2.5 - Principal,2017-07-28 10:00 AM,2017,07,28,10,-999.0,-999,N/A,-999.0,UG/M3,1 Hr,Missing
Hyderabad,PM2.5 - Principal,2017-07-28 11:00 AM,2017,07,28,11,-999.0,-999,N/A,-999.0,UG/M3,1 Hr,Missing
Hyderabad,PM2.5 - Principal,2017-07-28 12:00 PM,2017,07,28,12,-999.0,-999,N/A,-999.0,UG/M3,1 Hr,Missing
Hyderabad,PM2.5 - Principal,2017-07-28 01:00 PM,2017,07,28,13,-999.0,-999,N/A,-999.0,UG/M3,1 Hr,Missing
Hyderabad,PM2.5 - Principal,2017-07-28 02:00 PM,2017,07,28,14,-999.0,-999,N/A,20.0,UG/M3,1 Hr,Valid
Hyderabad,PM2.5 - Principal,2017-07-28 03:00 PM,2017,07,28,15,23.6,75,Moderate,26.0,UG/M3,1 Hr,Valid
Hyderabad,PM2.5 - Principal,2017-07-28 04:00 PM,2017,07,28,16,28.3,85,Moderate,33.0,UG/M3,1 Hr,Valid
Hyderabad,PM2.5 - Principal,2017-07-28 05:00 PM,2017,07,28,17,22.1,72,Moderate,16.0,UG/M3,1 Hr,Valid
Hyderabad,PM2.5 - Principal,2017-07-28 06:00 PM,2017,07,28,18,21.0,70,Moderate,20.0,UG/M3,1 Hr,Valid
Hyderabad,PM2.5 - Principal,2017-07-28 07:00 PM,2017,07,28,19,29.1,87,Moderate,37.0,UG/M3,1 Hr,Valid
Hyderabad,PM2.5 - Principal,2017-07-28 08:00 PM,2017,07,28,20,25.5,79,Moderate,22.0,UG/M3,1 Hr,Valid
Hyderabad,PM2.5 - Principal,2017-07-28 09:00 PM,2017,07,28,21,23.2,74,Moderate,21.0,UG/M3,1 Hr,Valid
Hyderabad,PM2.5 - Principal,2017-07-28 10:00 PM,2017,07,28,22,25.1,78,Moderate,27.0,UG/M3,1 Hr,Valid
Hyderabad,PM2.5 - Principal,2017-07-28 11:00 PM,2017,07,28,23,24.5,77,Moderate,24.0,UG/M3,1 Hr,Valid
Hyderabad,PM2.5 - Principal,2017-07-29 12:00 AM,2017,07,29,00,29.2,87,Moderate,34.0,UG/M3,1 Hr,Valid
Hyderabad,PM2.5 - Principal,2017-07-29 01:00 AM,2017,07,29,01,30.6,90,Moderate,32.0,UG/M3,1 Hr,Valid
Hyderabad,PM2.5 - Principal,2017-07-29 02:00 AM,2017,07,29,02,30.3,89,Moderate,30.0,UG/M3,1 Hr,Valid
Hyderabad,PM2.5 - Principal,2017-07-29 03:00 AM,2017,07,29,03,26.1,80,Moderate,22.0,UG/M3,1 Hr,Valid
Hyderabad,PM2.5 - Principal,2017-07-29 04:00 AM,2017,07,29,04,24.5,77,Moderate,23.0,UG/M3,1 Hr,Valid
Hyderabad,PM2.5 - Principal,2017-07-29 05:00 AM,2017,07,29,05,24.4,77,Moderate,24.0,UG/M3,1 Hr,Valid
Hyderabad,PM2.5 - Principal,2017-07-29 06:00 AM,2017,07,29,06,21.1,70,Moderate,18.0,UG/M3,1 Hr,Valid
Hyderabad,PM2.5 - Principal,2017-07-29 07:00 AM,2017,07,29,07,22.6,73,Moderate,24.0,UG/M3,1 Hr,Valid
Hyderabad,PM2.5 - Principal,2017-07-29 08:00 AM,2017,07,29,08,26.5,81,Moderate,31.0,UG/M3,1 Hr,Valid
Hyderabad,PM2.5 - Principal,2017-07-29 09:00 AM,2017,07,29,09,28.6,86,Moderate,31.0,UG/M3,1 Hr,Valid
Hyderabad,PM2.5 - Principal,2017-07-29 10:00 AM,2017,07,29,10,31.1,91,Moderate,34.0,UG/M3,1 Hr,Valid
Hyderabad,PM2.5 - Principal,2017-07-29 11:00 AM,2017,07,29,11,27.7,84,Moderate,24.0,UG/M3,1 Hr,Valid
Hyderabad,PM2.5 - Principal,2017-07-29 12:00 PM,2017,07,29,12,27.7,84,Moderate,-999.0,UG/M3,1 Hr,Missing
Hyderabad,PM2.5 - Principal,2017-07-29 01:00 PM,2017,07,29,13,-999.0,-999,N/A,-999.0,UG/M3,1 Hr,Missing
Hyderabad,PM2.5 - Principal,2017-07-29 02:00 PM,2017,07,29,14,-999.0,-999,N/A,18.0,UG/M3,1 Hr,Valid
Hyderabad,PM2.5 - Principal,2017-07-29 03:00 PM,2017,07,29,15,20.1,68,Moderate,20.0,UG/M3,1 Hr,Valid
Hyderabad,PM2.5 - Principal,2017-07-29 04:00 PM,2017,07,29,16,21.1,70,Moderate,22.0,UG/M3,1 Hr,Valid
Hyderabad,PM2.5 - Principal,2017-07-29 05:00 PM,2017,07,29,17,22.0,72,Moderate,23.0,UG/M3,1 Hr,Valid
Hyderabad,PM2.5 - Principal,2017-07-29 06:00 PM,2017,07,29,18,23.9,76,Moderate,26.0,UG/M3,1 Hr,Valid
Hyderabad,PM2.5 - Principal,2017-07-29 07:00 PM,2017,07,29,19,31.1,91,Moderate,38.0,UG/M3,1 Hr,Valid
Hyderabad,PM2.5 - Principal,2017-07-29 08:00 PM,2017,07,29,20,32.5,94,Moderate,34.0,UG/M3,1 Hr,Valid
Hyderabad,PM2.5 - Principal,2017-07-29 09:00 PM,2017,07,29,21,33.7,96,Moderate,35.0,UG/M3,1 Hr,Valid
Hyderabad,PM2.5 - Principal,2017-07-29 10:00 PM,2017,07,29,22,38.4,108,Unhealthy for Sensitive Groups,43.0,UG/M3,1 Hr,Valid
Hyderabad,PM2.5 - Principal,2017-07-29 11:00 PM,2017,07,29,23,36.2,103,Unhealthy for Sensitive Groups,34.0,UG/M3,1 Hr,Valid
Hyderabad,PM2.5 - Principal,2017-07-30 12:00 AM,2017,07,30,00,39.1,110,Unhealthy for Sensitive Groups,42.0,UG/M3,1 Hr,Valid
Hyderabad,PM2.5 - Principal,2017-07-30 01:00 AM,2017,07,30,01,35.0,99,Moderate,31.0,UG/M3,1 Hr,Valid
Hyderabad,PM2.5 - Principal,2017-07-30 02:00 AM,2017,07,30,02,27.0,82,Moderate,19.0,UG/M3,1 Hr,Valid
Hyderabad,PM2.5 - Principal,2017-07-30 03:00 AM,2017,07,30,03,23.0,74,Moderate,19.0,UG/M3,1 Hr,Valid
Hyderabad,PM2.5 - Principal,2017-07-30 04:00 AM,2017,07,30,04,25.0,78,Moderate,27.0,UG/M3,1 Hr,Valid
Hyderabad,PM2.5 - Principal,2017-07-30 05:00 AM,2017,07,30,05,26.5,81,Moderate,28.0,UG/M3,1 Hr,Valid
Hyderabad,PM2.5 - Principal,2017-07-30 06:00 AM,2017,07,30,06,24.7,77,Moderate,23.0,UG/M3,1 Hr,Valid
Hyderabad,PM2.5 - Principal,2017-07-30 07:00 AM,2017,07,30,07,26.8,82,Moderate,29.0,UG/M3,1 Hr,Valid
Hyderabad,PM2.5 - Principal,2017-07-30 08:00 AM,2017,07,30,08,32.4,94,Moderate,38.0,UG/M3,1 Hr,Valid
Hyderabad,PM2.5 - Principal,2017-07-30 09:00 AM,2017,07,30,09,29.2,87,Moderate,26.0,UG/M3,1 Hr,Valid
Hyderabad,PM2.5 - Principal,2017-07-30 10:00 AM,2017,07,30,10,30.6,90,Moderate,32.0,UG/M3,1 Hr,Valid
Hyderabad,PM2.5 - Principal,2017-07-30 11:00 AM,2017,07,30,11,29.3,87,Moderate,28.0,UG/M3,1 Hr,Valid
Hyderabad,PM2.5 - Principal,2017-07-30 12:00 PM,2017,07,30,12,31.1,91,Moderate,33.0,UG/M3,1 Hr,Valid
Hyderabad,PM2.5 - Principal,2017-07-30 01:00 PM,2017,07,30,13,26.0,80,Moderate,21.0,UG/M3,1 Hr,Valid
Hyderabad,PM2.5 - Principal,2017-07-30 02:00 PM,2017,07,30,14,24.5,77,Moderate,23.0,UG/M3,1 Hr,Valid
Hyderabad,PM2.5 - Principal,2017-07-30 03:00 PM,2017,07,30,15,25.8,80,Moderate,27.0,UG/M3,1 Hr,Valid
Hyderabad,PM2.5 - Principal,2017-07-30 04:00 PM,2017,07,30,16,28.1,85,Moderate,31.0,UG/M3,1 Hr,Valid
Hyderabad,PM2.5 - Principal,2017-07-30 05:00 PM,2017,07,30,17,29.8,88,Moderate,32.0,UG/M3,1 Hr,Valid
Hyderabad,PM2.5 - Principal,2017-07-30 06:00 PM,2017,07,30,18,32.6,94,Moderate,36.0,UG/M3,1 Hr,Valid
Hyderabad,PM2.5 - Principal,2017-07-30 07:00 PM,2017,07,30,19,34.5,98,Moderate,37.0,UG/M3,1 Hr,Valid
Hyderabad,PM2.5 - Principal,2017-07-30 08:00 PM,2017,07,30,20,32.5,94,Moderate,30.0,UG/M3,1 Hr,Valid
Hyderabad,PM2.5 - Principal,2017-07-30 09:00 PM,2017,07,30,21,36.6,104,Unhealthy for Sensitive Groups,41.0,UG/M3,1 Hr,Valid
Hyderabad,PM2.5 - Principal,2017-07-30 10:00 PM,2017,07,30,22,43.3,120,Unhealthy for Sensitive Groups,50.0,UG/M3,1 Hr,Valid
Hyderabad,PM2.5 - Principal,2017-07-30 11:00 PM,2017,07,30,23,47.6,131,Unhealthy for Sensitive Groups,52.0,UG/M3,1 Hr,Valid
Hyderabad,PM2.5 - Principal,2017-07-31 12:00 AM,2017,07,31,00,44.8,124,Unhealthy for Sensitive Groups,42.0,UG/M3,1 Hr,Valid
Hyderabad,PM2.5 - Principal,2017-07-31 01:00 AM,2017,07,31,01,44.4,123,Unhealthy for Sensitive Groups,44.0,UG/M3,1 Hr,Valid
Hyderabad,PM2.5 - Principal,2017-07-31 02:00 AM,2017,07,31,02,46.1,127,Unhealthy for Sensitive Groups,48.0,UG/M3,1 Hr,Valid
Hyderabad,PM2.5 - Principal,2017-07-31 03:00 AM,2017,07,31,03,48.4,133,Unhealthy for Sensitive Groups,52.0,UG/M3,1 Hr,Valid
Hyderabad,PM2.5 - Principal,2017-07-31 04:00 AM,2017,07,31,04,35.0,99,Moderate,21.0,UG/M3,1 Hr,Valid
Hyderabad,PM2.5 - Principal,2017-07-31 05:00 AM,2017,07,31,05,30.0,89,Moderate,25.0,UG/M3,1 Hr,Valid
Hyderabad,PM2.5 - Principal,2017-07-31 06:00 AM,2017,07,31,06,29.5,88,Moderate,29.0,UG/M3,1 Hr,Valid
Hyderabad,PM2.5 - Principal,2017-07-31 07:00 AM,2017,07,31,07,28.2,85,Moderate,27.0,UG/M3,1 Hr,Valid
Hyderabad,PM2.5 - Principal,2017-07-31 08:00 AM,2017,07,31,08,25.6,79,Moderate,23.0,UG/M3,1 Hr,Valid
Hyderabad,PM2.5 - Principal,2017-07-31 09:00 AM,2017,07,31,09,27.8,84,Moderate,30.0,UG/M3,1 Hr,Valid
Hyderabad,PM2.5 - Principal,2017-07-31 10:00 AM,2017,07,31,10,27.4,83,Moderate,27.0,UG/M3,1 Hr,Valid
Hyderabad,PM2.5 - Principal,2017-07-31 11:00 AM,2017,07,31,11,27.1,83,Moderate,27.0,UG/M3,1 Hr,Valid
Hyderabad,PM2.5 - Principal,2017-07-31 12:00 PM,2017,07,31,12,27.1,83,Moderate,-999.0,UG/M3,1 Hr,Missing
Hyderabad,PM2.5 - Principal,2017-07-31 01:00 PM,2017,07,31,13,28.3,85,Moderate,29.0,UG/M3,1 Hr,Valid
Hyderabad,PM2.5 - Principal,2017-07-31 02:00 PM,2017,07,31,14,25.8,80,Moderate,24.0,UG/M3,1 Hr,Valid
Hyderabad,PM2.5 - Principal,2017-07-31 03:00 PM,2017,07,31,15,24.5,77,Moderate,21.0,UG/M3,1 Hr,Valid
Hyderabad,PM2.5 - Principal,2017-07-31 04:00 PM,2017,07,31,16,21.4,71,Moderate,18.0,UG/M3,1 Hr,Valid
Hyderabad,PM2.5 - Principal,2017-07-31 05:00 PM,2017,07,31,17,21.6,71,Moderate,22.0,UG/M3,1 Hr,Valid
Hyderabad,PM2.5 - Principal,2017-07-31 06:00 PM,2017,07,31,18,19.5,67,Moderate,17.0,UG/M3,1 Hr,Valid
Hyderabad,PM2.5 - Principal,2017-07-31 07:00 PM,2017,07,31,19,20.5,69,Moderate,22.0,UG/M3,1 Hr,Valid
Hyderabad,PM2.5 - Principal,2017-07-31 08:00 PM,2017,07,31,20,24.6,77,Moderate,30.0,UG/M3,1 Hr,Valid
Hyderabad,PM2.5 - Principal,2017-07-31 09:00 PM,2017,07,31,21,28.2,85,Moderate,32.0,UG/M3,1 Hr,Valid
Hyderabad,PM2.5 - Principal,2017-07-31 10:00 PM,2017,07,31,22,35.8,102,Unhealthy for Sensitive Groups,43.0,UG/M3,1 Hr,Valid
Hyderabad,PM2.5 - Principal,2017-07-31 11:00 PM,2017,07,31,23,37.9,107,Unhealthy for Sensitive Groups,40.0,UG/M3,1 Hr,Valid
Hyderabad,PM2.5 - Principal,2017-08-01 12:00 AM,2017,08,01,00,41.4,116,Unhealthy for Sensitive Groups,45.0,UG/M3,1 Hr,Valid
Hyderabad,PM2.5 - Principal,2017-08-01 01:00 AM,2017,08,01,01,35.7,101,Unhealthy for Sensitive Groups,30.0,UG/M3,1 Hr,Valid
Hyderabad,PM2.5 - Principal,2017-08-01 02:00 AM,2017,08,01,02,31.3,91,Moderate,27.0,UG/M3,1 Hr,Valid
Hyderabad,PM2.5 - Principal,2017-08-01 03:00 AM,2017,08,01,03,26.1,80,Moderate,21.0,UG/M3,1 Hr,Valid
Hyderabad,PM2.5 - Principal,2017-08-01 04:00 AM,2017,08,01,04,24.0,76,Moderate,22.0,UG/M3,1 Hr,Valid
Hyderabad,PM2.5 - Principal,2017-08-01 05:00 AM,2017,08,01,05,18.5,64,Moderate,13.0,UG/M3,1 Hr,Valid
Hyderabad,PM2.5 - Principal,2017-08-01 06:00 AM,2017,08,01,06,21.7,71,Moderate,25.0,UG/M3,1 Hr,Valid
Hyderabad,PM2.5 - Principal,2017-08-01 07:00 AM,2017,08,01,07,23.8,76,Moderate,26.0,UG/M3,1 Hr,Valid
Hyderabad,PM2.5 - Principal,2017-08-01 08:00 AM,2017,08,01,08,18.9,65,Moderate,14.0,UG/M3,1 Hr,Valid
Hyderabad,PM2.5 - Principal,2017-08-01 09:00 AM,2017,08,01,09,18.4,64,Moderate,18.0,UG/M3,1 Hr,Valid
Hyderabad,PM2.5 - Principal,2017-08-01 10:00 AM,2017,08,01,10,20.2,68,Moderate,22.0,UG/M3,1 Hr,Valid
Hyderabad,PM2.5 - Principal,2017-08-01 11:00 AM,2017,08,01,11,20.1,68,Moderate,20.0,UG/M3,1 Hr,Valid
Hyderabad,PM2.5 - Principal,2017-08-01 12:00 PM,2017,08,01,12,22.5,73,Moderate,25.0,UG/M3,1 Hr,Valid
Hyderabad,PM2.5 - Principal,2017-08-01 01:00 PM,2017,08,01,13,24.2,76,Moderate,26.0,UG/M3,1 Hr,Valid
Hyderabad,PM2.5 - Principal,2017-08-01 02:00 PM,2017,08,01,14,25.1,78,Moderate,26.0,UG/M3,1 Hr,Valid
Hyderabad,PM2.5 - Principal,2017-08-01 03:00 PM,2017,08,01,15,22.0,72,Moderate,19.0,UG/M3,1 Hr,Valid
Hyderabad,PM2.5 - Principal,2017-08-01 04:00 PM,2017,08,01,16,24.5,77,Moderate,27.0,UG/M3,1 Hr,Valid
Hyderabad,PM2.5 - Principal,2017-08-01 05:00 PM,2017,08,01,17,23.2,74,Moderate,22.0,UG/M3,1 Hr,Valid
Hyderabad,PM2.5 - Principal,2017-08-01 06:00 PM,2017,08,01,18,19.2,66,Moderate,15.0,UG/M3,1 Hr,Valid
Hyderabad,PM2.5 - Principal,2017-08-01 07:00 PM,2017,08,01,19,26.0,80,Moderate,33.0,UG/M3,1 Hr,Valid
Hyderabad,PM2.5 - Principal,2017-08-01 08:00 PM,2017,08,01,20,28.0,84,Moderate,30.0,UG/M3,1 Hr,Valid
Hyderabad,PM2.5 - Principal,2017-08-01 09:00 PM,2017,08,01,21,32.0,93,Moderate,36.0,UG/M3,1 Hr,Valid
Hyderabad,PM2.5 - Principal,2017-08-01 10:00 PM,2017,08,01,22,37.5,106,Unhealthy for Sensitive Groups,43.0,UG/M3,1 Hr,Valid
Hyderabad,PM2.5 - Principal,2017-08-01 11:00 PM,2017,08,01,23,38.2,108,Unhealthy for Sensitive Groups,39.0,UG/M3,1 Hr,Valid
Hyderabad,PM2.5 - Principal,2017-08-02 12:00 AM,2017,08,02,00,40.6,114,Unhealthy for Sensitive Groups,43.0,UG/M3,1 Hr,Valid
Hyderabad,PM2.5 - Principal,2017-08-02 01:00 AM,2017,08,02,01,32.8,95,Moderate,25.0,UG/M3,1 Hr,Valid
Hyderabad,PM2.5 - Principal,2017-08-02 02:00 AM,2017,08,02,02,28.9,86,Moderate,25.0,UG/M3,1 Hr,Valid
Hyderabad,PM2.5 - Principal,2017-08-02 03:00 AM,2017,08,02,03,24.4,77,Moderate,20.0,UG/M3,1 Hr,Valid
Hyderabad,PM2.5 - Principal,2017-08-02 04:00 AM,2017,08,02,04,25.2,79,Moderate,26.0,UG/M3,1 Hr,Valid
Hyderabad,PM2.5 - Principal,2017-08-02 05:00 AM,2017,08,02,05,23.6,75,Moderate,22.0,UG/M3,1 Hr,Valid
Hyderabad,PM2.5 - Principal,2017-08-02 06:00 AM,2017,08,02,06,21.8,71,Moderate,20.0,UG/M3,1 Hr,Valid
Hyderabad,PM2.5 - Principal,2017-08-02 07:00 AM,2017,08,02,07,25.9,80,Moderate,30.0,UG/M3,1 Hr,Valid
Hyderabad,PM2.5 - Principal,2017-08-02 08:00 AM,2017,08,02,08,27.4,83,Moderate,29.0,UG/M3,1 Hr,Valid
Hyderabad,PM2.5 - Principal,2017-08-02 09:00 AM,2017,08,02,09,28.2,85,Moderate,29.0,UG/M3,1 Hr,Valid
Hyderabad,PM2.5 - Principal,2017-08-02 10:00 AM,2017,08,02,10,23.6,75,Moderate,19.0,UG/M3,1 Hr,Valid
Hyderabad,PM2.5 - Principal,2017-08-02 11:00 AM,2017,08,02,11,24.8,78,Moderate,26.0,UG/M3,1 Hr,Valid
Hyderabad,PM2.5 - Principal,2017-08-02 12:00 PM,2017,08,02,12,25.6,79,Moderate,27.0,UG/M3,1 Hr,Valid
Hyderabad,PM2.5 - Principal,2017-08-02 01:00 PM,2017,08,02,13,26.1,80,Moderate,27.0,UG/M3,1 Hr,Valid
Hyderabad,PM2.5 - Principal,2017-08-02 02:00 PM,2017,08,02,14,28.5,85,Moderate,32.0,UG/M3,1 Hr,Valid
Hyderabad,PM2.5 - Principal,2017-08-02 03:00 PM,2017,08,02,15,27.1,83,Moderate,25.0,UG/M3,1 Hr,Valid
Hyderabad,PM2.5 - Principal,2017-08-02 04:00 PM,2017,08,02,16,27.4,83,Moderate,28.0,UG/M3,1 Hr,Valid
Hyderabad,PM2.5 - Principal,2017-08-02 05:00 PM,2017,08,02,17,29.3,87,Moderate,32.0,UG/M3,1 Hr,Valid
Hyderabad,PM2.5 - Principal,2017-08-02 06:00 PM,2017,08,02,18,29.2,87,Moderate,29.0,UG/M3,1 Hr,Valid
Hyderabad,PM2.5 - Principal,2017-08-02 07:00 PM,2017,08,02,19,30.3,89,Moderate,32.0,UG/M3,1 Hr,Valid
Hyderabad,PM2.5 - Principal,2017-08-02 08:00 PM,2017,08,02,20,37.3,105,Unhealthy for Sensitive Groups,44.0,UG/M3,1 Hr,Valid
Hyderabad,PM2.5 - Principal,2017-08-02 09:00 PM,2017,08,02,21,42.1,117,Unhealthy for Sensitive Groups,47.0,UG/M3,1 Hr,Valid
Hyderabad,PM2.5 - Principal,2017-08-02 10:00 PM,2017,08,02,22,45.4,125,Unhealthy for Sensitive Groups,49.0,UG/M3,1 Hr,Valid
Hyderabad,PM2.5 - Principal,2017-08-02 11:00 PM,2017,08,02,23,45.4,125,Unhealthy for Sensitive Groups,-999.0,UG/M3,1 Hr,Missing
Hyderabad,PM2.5 - Principal,2017-08-03 12:00 AM,2017,08,03,00,34.7,99,Moderate,29.0,UG/M3,1 Hr,Valid
Hyderabad,PM2.5 - Principal,2017-08-03 01:00 AM,2017,08,03,01,22.7,73,Moderate,14.0,UG/M3,1 Hr,Valid
Hyderabad,PM2.5 - Principal,2017-08-03 02:00 AM,2017,08,03,02,23.4,75,Moderate,24.0,UG/M3,1 Hr,Valid
Hyderabad,PM2.5 - Principal,2017-08-03 03:00 AM,2017,08,03,03,21.6,71,Moderate,20.0,UG/M3,1 Hr,Valid
Hyderabad,PM2.5 - Principal,2017-08-03 04:00 AM,2017,08,03,04,21.8,71,Moderate,22.0,UG/M3,1 Hr,Valid
Hyderabad,PM2.5 - Principal,2017-08-03 05:00 AM,2017,08,03,05,19.3,66,Moderate,17.0,UG/M3,1 Hr,Valid
Hyderabad,PM2.5 - Principal,2017-08-03 06:00 AM,2017,08,03,06,17.6,63,Moderate,16.0,UG/M3,1 Hr,Valid
Hyderabad,PM2.5 - Principal,2017-08-03 07:00 AM,2017,08,03,07,19.8,67,Moderate,22.0,UG/M3,1 Hr,Valid
Hyderabad,PM2.5 - Principal,2017-08-03 08:00 AM,2017,08,03,08,21.4,71,Moderate,23.0,UG/M3,1 Hr,Valid
Hyderabad,PM2.5 - Principal,2017-08-03 09:00 AM,2017,08,03,09,19.7,67,Moderate,18.0,UG/M3,1 Hr,Valid
Hyderabad,PM2.5 - Principal,2017-08-03 10:00 AM,2017,08,03,10,21.3,70,Moderate,23.0,UG/M3,1 Hr,Valid
Hyderabad,PM2.5 - Principal,2017-08-03 11:00 AM,2017,08,03,11,21.3,70,Moderate,-999.0,UG/M3,1 Hr,Missing
Hyderabad,PM2.5 - Principal,2017-08-03 12:00 PM,2017,08,03,12,23.4,75,Moderate,25.0,UG/M3,1 Hr,Valid
Hyderabad,PM2.5 - Principal,2017-08-03 01:00 PM,2017,08,03,13,24.3,77,Moderate,26.0,UG/M3,1 Hr,Valid
Hyderabad,PM2.5 - Principal,2017-08-03 02:00 PM,2017,08,03,14,24.3,77,Moderate,-999.0,UG/M3,1 Hr,Missing
Hyderabad,PM2.5 - Principal,2017-08-03 03:00 PM,2017,08,03,15,-999.0,-999,N/A,-999.0,UG/M3,1 Hr,Missing
Hyderabad,PM2.5 - Principal,2017-08-03 04:00 PM,2017,08,03,16,-999.0,-999,N/A,19.0,UG/M3,1 Hr,Valid
Hyderabad,PM2.5 - Principal,2017-08-03 05:00 PM,2017,08,03,17,19.3,66,Moderate,18.0,UG/M3,1 Hr,Valid
Hyderabad,PM2.5 - Principal,2017-08-03 06:00 PM,2017,08,03,18,19.9,67,Moderate,20.0,UG/M3,1 Hr,Valid
Hyderabad,PM2.5 - Principal,2017-08-03 07:00 PM,2017,08,03,19,22.5,73,Moderate,27.0,UG/M3,1 Hr,Valid
Hyderabad,PM2.5 - Principal,2017-08-03 08:00 PM,2017,08,03,20,21.9,72,Moderate,21.0,UG/M3,1 Hr,Valid
Hyderabad,PM2.5 - Principal,2017-08-03 09:00 PM,2017,08,03,21,22.0,72,Moderate,-999.0,UG/M3,1 Hr,Missing
Hyderabad,PM2.5 - Principal,2017-08-03 10:00 PM,2017,08,03,22,22.0,72,Moderate,22.0,UG/M3,1 Hr,Valid
Hyderabad,PM2.5 - Principal,2017-08-03 11:00 PM,2017,08,03,23,23.2,74,Moderate,25.0,UG/M3,1 Hr,Valid
Hyderabad,PM2.5 - Principal,2017-08-04 12:00 AM,2017,08,04,00,21.6,71,Moderate,19.0,UG/M3,1 Hr,Valid
Hyderabad,PM2.5 - Principal,2017-08-04 01:00 AM,2017,08,04,01,18.4,64,Moderate,15.0,UG/M3,1 Hr,Valid
Hyderabad,PM2.5 - Principal,2017-08-04 02:00 AM,2017,08,04,02,20.4,68,Moderate,23.0,UG/M3,1 Hr,Valid
Hyderabad,PM2.5 - Principal,2017-08-04 03:00 AM,2017,08,04,03,18.4,64,Moderate,16.0,UG/M3,1 Hr,Valid
Hyderabad,PM2.5 - Principal,2017-08-04 04:00 AM,2017,08,04,04,14.1,55,Moderate,10.0,UG/M3,1 Hr,Valid
Hyderabad,PM2.5 - Principal,2017-08-04 05:00 AM,2017,08,04,05,14.5,56,Moderate,15.0,UG/M3,1 Hr,Valid
Hyderabad,PM2.5 - Principal,2017-08-04 06:00 AM,2017,08,04,06,16.7,61,Moderate,19.0,UG/M3,1 Hr,Valid
Hyderabad,PM2.5 - Principal,2017-08-04 07:00 AM,2017,08,04,07,18.8,65,Moderate,21.0,UG/M3,1 Hr,Valid
Hyderabad,PM2.5 - Principal,2017-08-04 08:00 AM,2017,08,04,08,22.9,74,Moderate,27.0,UG/M3,1 Hr,Valid
Hyderabad,PM2.5 - Principal,2017-08-04 09:00 AM,2017,08,04,09,27.4,83,Moderate,32.0,UG/M3,1 Hr,Valid
Hyderabad,PM2.5 - Principal,2017-08-04 10:00 AM,2017,08,04,10,26.2,81,Moderate,25.0,UG/M3,1 Hr,Valid
Hyderabad,PM2.5 - Principal,2017-08-04 11:00 AM,2017,08,04,11,20.1,68,Moderate,14.0,UG/M3,1 Hr,Valid
Hyderabad,PM2.5 - Principal,2017-08-04 12:00 PM,2017,08,04,12,22.0,72,Moderate,24.0,UG/M3,1 Hr,Valid
Hyderabad,PM2.5 - Principal,2017-08-04 01:00 PM,2017,08,04,13,21.5,71,Moderate,21.0,UG/M3,1 Hr,Valid
Hyderabad,PM2.5 - Principal,2017-08-04 02:00 PM,2017,08,04,14,21.5,71,Moderate,-999.0,UG/M3,1 Hr,Missing
Hyderabad,PM2.5 - Principal,2017-08-04 03:00 PM,2017,08,04,15,17.1,62,Moderate,15.0,UG/M3,1 Hr,Valid
Hyderabad,PM2.5 - Principal,2017-08-04 04:00 PM,2017,08,04,16,21.6,71,Moderate,25.0,UG/M3,1 Hr,Valid
Hyderabad,PM2.5 - Principal,2017-08-04 05:00 PM,2017,08,04,17,23.9,76,Moderate,26.0,UG/M3,1 Hr,Valid
Hyderabad,PM2.5 - Principal,2017-08-04 06:00 PM,2017,08,04,18,26.5,81,Moderate,29.0,UG/M3,1 Hr,Valid
Hyderabad,PM2.5 - Principal,2017-08-04 07:00 PM,2017,08,04,19,28.8,86,Moderate,31.0,UG/M3,1 Hr,Valid
Hyderabad,PM2.5 - Principal,2017-08-04 08:00 PM,2017,08,04,20,32.9,95,Moderate,37.0,UG/M3,1 Hr,Valid
Hyderabad,PM2.5 - Principal,2017-08-04 09:00 PM,2017,08,04,21,37.9,107,Unhealthy for Sensitive Groups,43.0,UG/M3,1 Hr,Valid
Hyderabad,PM2.5 - Principal,2017-08-04 10:00 PM,2017,08,04,22,42.0,117,Unhealthy for Sensitive Groups,46.0,UG/M3,1 Hr,Valid
Hyderabad,PM2.5 - Principal,2017-08-04 11:00 PM,2017,08,04,23,48.0,132,Unhealthy for Sensitive Groups,54.0,UG/M3,1 Hr,Valid
Hyderabad,PM2.5 - Principal,2017-08-05 12:00 AM,2017,08,05,00,53.0,144,Unhealthy for Sensitive Groups,58.0,UG/M3,1 Hr,Valid
Hyderabad,PM2.5 - Principal,2017-08-05 01:00 AM,2017,08,05,01,37.0,105,Unhealthy for Sensitive Groups,21.0,UG/M3,1 Hr,Valid
Hyderabad,PM2.5 - Principal,2017-08-05 02:00 AM,2017,08,05,02,33.0,95,Moderate,29.0,UG/M3,1 Hr,Valid
Hyderabad,PM2.5 - Principal,2017-08-05 03:00 AM,2017,08,05,03,29.5,88,Moderate,26.0,UG/M3,1 Hr,Valid
Hyderabad,PM2.5 - Principal,2017-08-05 04:00 AM,2017,08,05,04,31.2,91,Moderate,33.0,UG/M3,1 Hr,Valid
Hyderabad,PM2.5 - Principal,2017-08-05 05:00 AM,2017,08,05,05,27.1,83,Moderate,23.0,UG/M3,1 Hr,Valid
Hyderabad,PM2.5 - Principal,2017-08-05 06:00 AM,2017,08,05,06,28.0,84,Moderate,29.0,UG/M3,1 Hr,Valid
Hyderabad,PM2.5 - Principal,2017-08-05 07:00 AM,2017,08,05,07,28.0,84,Moderate,28.0,UG/M3,1 Hr,Valid
Hyderabad,PM2.5 - Principal,2017-08-05 08:00 AM,2017,08,05,08,28.0,84,Moderate,-999.0,UG/M3,1 Hr,Missing
Hyderabad,PM2.5 - Principal,2017-08-05 09:00 AM,2017,08,05,09,26.0,80,Moderate,25.0,UG/M3,1 Hr,Valid
Hyderabad,PM2.5 - Principal,2017-08-05 10:00 AM,2017,08,05,10,25.4,79,Moderate,25.0,UG/M3,1 Hr,Valid
Hyderabad,PM2.5 - Principal,2017-08-05 11:00 AM,2017,08,05,11,25.1,78,Moderate,25.0,UG/M3,1 Hr,Valid
Hyderabad,PM2.5 - Principal,2017-08-05 12:00 PM,2017,08,05,12,20.4,68,Moderate,16.0,UG/M3,1 Hr,Valid
Hyderabad,PM2.5 - Principal,2017-08-05 01:00 PM,2017,08,05,13,23.2,74,Moderate,26.0,UG/M3,1 Hr,Valid
Hyderabad,PM2.5 - Principal,2017-08-05 02:00 PM,2017,08,05,14,18.5,64,Moderate,14.0,UG/M3,1 Hr,Valid
Hyderabad,PM2.5 - Principal,2017-08-05 03:00 PM,2017,08,05,15,22.3,72,Moderate,26.0,UG/M3,1 Hr,Valid
Hyderabad,PM2.5 - Principal,2017-08-05 04:00 PM,2017,08,05,16,26.6,81,Moderate,31.0,UG/M3,1 Hr,Valid
Hyderabad,PM2.5 - Principal,2017-08-05 05:00 PM,2017,08,05,17,25.8,80,Moderate,25.0,UG/M3,1 Hr,Valid
Hyderabad,PM2.5 - Principal,2017-08-05 06:00 PM,2017,08,05,18,28.4,85,Moderate,31.0,UG/M3,1 Hr,Valid
Hyderabad,PM2.5 - Principal,2017-08-05 07:00 PM,2017,08,05,19,33.2,95,Moderate,38.0,UG/M3,1 Hr,Valid
Hyderabad,PM2.5 - Principal,2017-08-05 08:00 PM,2017,08,05,20,33.2,95,Moderate,-999.0,UG/M3,1 Hr,Missing
Hyderabad,PM2.5 - Principal,2017-08-05 09:00 PM,2017,08,05,21,41.0,115,Unhealthy for Sensitive Groups,45.0,UG/M3,1 Hr,Valid
Hyderabad,PM2.5 - Principal,2017-08-05 10:00 PM,2017,08,05,22,46.7,129,Unhealthy for Sensitive Groups,51.0,UG/M3,1 Hr,Valid
Hyderabad,PM2.5 - Principal,2017-08-05 11:00 PM,2017,08,05,23,50.0,137,Unhealthy for Sensitive Groups,53.0,UG/M3,1 Hr,Valid
Hyderabad,PM2.5 - Principal,2017-08-06 12:00 AM,2017,08,06,00,49.5,135,Unhealthy for Sensitive Groups,49.0,UG/M3,1 Hr,Valid
Hyderabad,PM2.5 - Principal,2017-08-06 01:00 AM,2017,08,06,01,50.7,138,Unhealthy for Sensitive Groups,52.0,UG/M3,1 Hr,Valid
Hyderabad,PM2.5 - Principal,2017-08-06 02:00 AM,2017,08,06,02,54.4,148,Unhealthy for Sensitive Groups,58.0,UG/M3,1 Hr,Valid
Hyderabad,PM2.5 - Principal,2017-08-06 03:00 AM,2017,08,06,03,45.1,125,Unhealthy for Sensitive Groups,36.0,UG/M3,1 Hr,Valid
Hyderabad,PM2.5 - Principal,2017-08-06 04:00 AM,2017,08,06,04,36.5,103,Unhealthy for Sensitive Groups,28.0,UG/M3,1 Hr,Valid
Hyderabad,PM2.5 - Principal,2017-08-06 05:00 AM,2017,08,06,05,30.7,90,Moderate,25.0,UG/M3,1 Hr,Valid
Hyderabad,PM2.5 - Principal,2017-08-06 06:00 AM,2017,08,06,06,30.8,90,Moderate,31.0,UG/M3,1 Hr,Valid
Hyderabad,PM2.5 - Principal,2017-08-06 07:00 AM,2017,08,06,07,35.9,102,Unhealthy for Sensitive Groups,41.0,UG/M3,1 Hr,Valid
Hyderabad,PM2.5 - Principal,2017-08-06 08:00 AM,2017,08,06,08,35.9,102,Unhealthy for Sensitive Groups,36.0,UG/M3,1 Hr,Valid
Hyderabad,PM2.5 - Principal,2017-08-06 09:00 AM,2017,08,06,09,34.4,98,Moderate,33.0,UG/M3,1 Hr,Valid
Hyderabad,PM2.5 - Principal,2017-08-06 10:00 AM,2017,08,06,10,33.7,96,Moderate,33.0,UG/M3,1 Hr,Valid
Hyderabad,PM2.5 - Principal,2017-08-06 11:00 AM,2017,08,06,11,33.3,96,Moderate,33.0,UG/M3,1 Hr,Valid
Hyderabad,PM2.5 - Principal,2017-08-06 12:00 PM,2017,08,06,12,31.6,92,Moderate,30.0,UG/M3,1 Hr,Valid
Hyderabad,PM2.5 - Principal,2017-08-06 01:00 PM,2017,08,06,13,32.3,93,Moderate,33.0,UG/M3,1 Hr,Valid
Hyderabad,PM2.5 - Principal,2017-08-06 02:00 PM,2017,08,06,14,29.9,88,Moderate,26.0,UG/M3,1 Hr,Valid
Hyderabad,PM2.5 - Principal,2017-08-06 03:00 PM,2017,08,06,15,32.6,94,Moderate,37.0,UG/M3,1 Hr,Valid
Hyderabad,PM2.5 - Principal,2017-08-06 04:00 PM,2017,08,06,16,32.0,93,Moderate,31.0,UG/M3,1 Hr,Valid
Hyderabad,PM2.5 - Principal,2017-08-06 05:00 PM,2017,08,06,17,33.1,95,Moderate,35.0,UG/M3,1 Hr,Valid
Hyderabad,PM2.5 - Principal,2017-08-06 06:00 PM,2017,08,06,18,40.0,112,Unhealthy for Sensitive Groups,48.0,UG/M3,1 Hr,Valid
Hyderabad,PM2.5 - Principal,2017-08-06 07:00 PM,2017,08,06,19,43.2,120,Unhealthy for Sensitive Groups,47.0,UG/M3,1 Hr,Valid
Hyderabad,PM2.5 - Principal,2017-08-06 08:00 PM,2017,08,06,20,44.5,123,Unhealthy for Sensitive Groups,46.0,UG/M3,1 Hr,Valid
Hyderabad,PM2.5 - Principal,2017-08-06 09:00 PM,2017,08,06,21,46.6,128,Unhealthy for Sensitive Groups,49.0,UG/M3,1 Hr,Valid
Hyderabad,PM2.5 - Principal,2017-08-06 10:00 PM,2017,08,06,22,46.8,129,Unhealthy for Sensitive Groups,47.0,UG/M3,1 Hr,Valid
Hyderabad,PM2.5 - Principal,2017-08-06 11:00 PM,2017,08,06,23,47.8,131,Unhealthy for Sensitive Groups,49.0,UG/M3,1 Hr,Valid
Hyderabad,PM2.5 - Principal,2017-08-07 12:00 AM,2017,08,07,00,45.5,126,Unhealthy for Sensitive Groups,43.0,UG/M3,1 Hr,Valid
Hyderabad,PM2.5 - Principal,2017-08-07 01:00 AM,2017,08,07,01,40.6,114,Unhealthy for Sensitive Groups,35.0,UG/M3,1 Hr,Valid
Hyderabad,PM2.5 - Principal,2017-08-07 02:00 AM,2017,08,07,02,44.4,123,Unhealthy for Sensitive Groups,49.0,UG/M3,1 Hr,Valid
Hyderabad,PM2.5 - Principal,2017-08-07 03:00 AM,2017,08,07,03,48.0,132,Unhealthy for Sensitive Groups,53.0,UG/M3,1 Hr,Valid
Hyderabad,PM2.5 - Principal,2017-08-07 04:00 AM,2017,08,07,04,53.0,144,Unhealthy for Sensitive Groups,60.0,UG/M3,1 Hr,Valid
Hyderabad,PM2.5 - Principal,2017-08-07 05:00 AM,2017,08,07,05,54.2,147,Unhealthy for Sensitive Groups,56.0,UG/M3,1 Hr,Valid
Hyderabad,PM2.5 - Principal,2017-08-07 06:00 AM,2017,08,07,06,50.8,139,Unhealthy for Sensitive Groups,46.0,UG/M3,1 Hr,Valid
Hyderabad,PM2.5 - Principal,2017-08-07 07:00 AM,2017,08,07,07,50.4,138,Unhealthy for Sensitive Groups,50.0,UG/M3,1 Hr,Valid
Hyderabad,PM2.5 - Principal,2017-08-07 08:00 AM,2017,08,07,08,45.2,125,Unhealthy for Sensitive Groups,38.0,UG/M3,1 Hr,Valid
Hyderabad,PM2.5 - Principal,2017-08-07 09:00 AM,2017,08,07,09,36.5,103,Unhealthy for Sensitive Groups,29.0,UG/M3,1 Hr,Valid
Hyderabad,PM2.5 - Principal,2017-08-07 10:00 AM,2017,08,07,10,35.7,101,Unhealthy for Sensitive Groups,35.0,UG/M3,1 Hr,Valid
Hyderabad,PM2.5 - Principal,2017-08-07 11:00 AM,2017,08,07,11,39.3,110,Unhealthy for Sensitive Groups,43.0,UG/M3,1 Hr,Valid
Hyderabad,PM2.5 - Principal,2017-08-07 12:00 PM,2017,08,07,12,40.1,112,Unhealthy for Sensitive Groups,41.0,UG/M3,1 Hr,Valid
Hyderabad,PM2.5 - Principal,2017-08-07 01:00 PM,2017,08,07,13,40.0,112,Unhealthy for Sensitive Groups,40.0,UG/M3,1 Hr,Valid
Hyderabad,PM2.5 - Principal,2017-08-07 02:00 PM,2017,08,07,14,43.5,121,Unhealthy for Sensitive Groups,47.0,UG/M3,1 Hr,Valid
Hyderabad,PM2.5 - Principal,2017-08-07 03:00 PM,2017,08,07,15,38.2,108,Unhealthy for Sensitive Groups,33.0,UG/M3,1 Hr,Valid
Hyderabad,PM2.5 - Principal,2017-08-07 04:00 PM,2017,08,07,16,40.6,114,Unhealthy for Sensitive Groups,43.0,UG/M3,1 Hr,Valid
Hyderabad,PM2.5 - Principal,2017-08-07 05:00 PM,2017,08,07,17,41.1,115,Unhealthy for Sensitive Groups,42.0,UG/M3,1 Hr,Valid
Hyderabad,PM2.5 - Principal,2017-08-07 06:00 PM,2017,08,07,18,47.7,131,Unhealthy for Sensitive Groups,55.0,UG/M3,1 Hr,Valid
Hyderabad,PM2.5 - Principal,2017-08-07 07:00 PM,2017,08,07,19,48.8,134,Unhealthy for Sensitive Groups,50.0,UG/M3,1 Hr,Valid
Hyderabad,PM2.5 - Principal,2017-08-07 08:00 PM,2017,08,07,20,48.9,134,Unhealthy for Sensitive Groups,49.0,UG/M3,1 Hr,Valid
Hyderabad,PM2.5 - Principal,2017-08-07 09:00 PM,2017,08,07,21,45.0,124,Unhealthy for Sensitive Groups,40.0,UG/M3,1 Hr,Valid
Hyderabad,PM2.5 - Principal,2017-08-07 10:00 PM,2017,08,07,22,52.8,144,Unhealthy for Sensitive Groups,62.0,UG/M3,1 Hr,Valid
Hyderabad,PM2.5 - Principal,2017-08-07 11:00 PM,2017,08,07,23,48.2,132,Unhealthy for Sensitive Groups,43.0,UG/M3,1 Hr,Valid
Hyderabad,PM2.5 - Principal,2017-08-08 12:00 AM,2017,08,08,00,50.9,139,Unhealthy for Sensitive Groups,54.0,UG/M3,1 Hr,Valid
Hyderabad,PM2.5 - Principal,2017-08-08 01:00 AM,2017,08,08,01,49.0,134,Unhealthy for Sensitive Groups,47.0,UG/M3,1 Hr,Valid
Hyderabad,PM2.5 - Principal,2017-08-08 02:00 AM,2017,08,08,02,48.1,132,Unhealthy for Sensitive Groups,47.0,UG/M3,1 Hr,Valid
Hyderabad,PM2.5 - Principal,2017-08-08 03:00 AM,2017,08,08,03,48.4,133,Unhealthy for Sensitive Groups,-999.0,UG/M3,1 Hr,Missing
Hyderabad,PM2.5 - Principal,2017-08-08 04:00 AM,2017,08,08,04,49.1,134,Unhealthy for Sensitive Groups,50.0,UG/M3,1 Hr,Valid
Hyderabad,PM2.5 - Principal,2017-08-08 05:00 AM,2017,08,08,05,45.3,125,Unhealthy for Sensitive Groups,40.0,UG/M3,1 Hr,Valid
Hyderabad,PM2.5 - Principal,2017-08-08 06:00 AM,2017,08,08,06,40.7,114,Unhealthy for Sensitive Groups,36.0,UG/M3,1 Hr,Valid
Hyderabad,PM2.5 - Principal,2017-08-08 07:00 AM,2017,08,08,07,40.3,113,Unhealthy for Sensitive Groups,40.0,UG/M3,1 Hr,Valid
Hyderabad,PM2.5 - Principal,2017-08-08 08:00 AM,2017,08,08,08,36.0,102,Unhealthy for Sensitive Groups,32.0,UG/M3,1 Hr,Valid
Hyderabad,PM2.5 - Principal,2017-08-08 09:00 AM,2017,08,08,09,35.0,99,Moderate,34.0,UG/M3,1 Hr,Valid
Hyderabad,PM2.5 - Principal,2017-08-08 10:00 AM,2017,08,08,10,37.8,107,Unhealthy for Sensitive Groups,41.0,UG/M3,1 Hr,Valid
Hyderabad,PM2.5 - Principal,2017-08-08 11:00 AM,2017,08,08,11,38.7,109,Unhealthy for Sensitive Groups,40.0,UG/M3,1 Hr,Valid
Hyderabad,PM2.5 - Principal,2017-08-08 12:00 PM,2017,08,08,12,32.7,94,Moderate,26.0,UG/M3,1 Hr,Valid
Hyderabad,PM2.5 - Principal,2017-08-08 01:00 PM,2017,08,08,13,34.7,99,Moderate,37.0,UG/M3,1 Hr,Valid
Hyderabad,PM2.5 - Principal,2017-08-08 02:00 PM,2017,08,08,14,32.9,95,Moderate,31.0,UG/M3,1 Hr,Valid
Hyderabad,PM2.5 - Principal,2017-08-08 03:00 PM,2017,08,08,15,30.5,90,Moderate,28.0,UG/M3,1 Hr,Valid
Hyderabad,PM2.5 - Principal,2017-08-08 04:00 PM,2017,08,08,16,31.6,92,Moderate,32.0,UG/M3,1 Hr,Valid
Hyderabad,PM2.5 - Principal,2017-08-08 05:00 PM,2017,08,08,17,29.9,88,Moderate,27.0,UG/M3,1 Hr,Valid
Hyderabad,PM2.5 - Principal,2017-08-08 06:00 PM,2017,08,08,18,33.2,95,Moderate,39.0,UG/M3,1 Hr,Valid
Hyderabad,PM2.5 - Principal,2017-08-08 07:00 PM,2017,08,08,19,30.0,89,Moderate,25.0,UG/M3,1 Hr,Valid
Hyderabad,PM2.5 - Principal,2017-08-08 08:00 PM,2017,08,08,20,39.0,110,Unhealthy for Sensitive Groups,49.0,UG/M3,1 Hr,Valid
Hyderabad,PM2.5 - Principal,2017-08-08 09:00 PM,2017,08,08,21,35.6,101,Unhealthy for Sensitive Groups,32.0,UG/M3,1 Hr,Valid
Hyderabad,PM2.5 - Principal,2017-08-08 10:00 PM,2017,08,08,22,39.7,111,Unhealthy for Sensitive Groups,44.0,UG/M3,1 Hr,Valid
Hyderabad,PM2.5 - Principal,2017-08-08 11:00 PM,2017,08,08,23,41.8,117,Unhealthy for Sensitive Groups,44.0,UG/M3,1 Hr,Valid
Hyderabad,PM2.5 - Principal,2017-08-09 12:00 AM,2017,08,09,00,42.8,119,Unhealthy for Sensitive Groups,44.0,UG/M3,1 Hr,Valid
Hyderabad,PM2.5 - Principal,2017-08-09 01:00 AM,2017,08,09,01,40.4,113,Unhealthy for Sensitive Groups,38.0,UG/M3,1 Hr,Valid
Hyderabad,PM2.5 - Principal,2017-08-09 02:00 AM,2017,08,09,02,34.8,99,Moderate,29.0,UG/M3,1 Hr,Valid
Hyderabad,PM2.5 - Principal,2017-08-09 03:00 AM,2017,08,09,03,34.4,98,Moderate,34.0,UG/M3,1 Hr,Valid
Hyderabad,PM2.5 - Principal,2017-08-09 04:00 AM,2017,08,09,04,27.6,84,Moderate,21.0,UG/M3,1 Hr,Valid
Hyderabad,PM2.5 - Principal,2017-08-09 05:00 AM,2017,08,09,05,18.8,65,Moderate,10.0,UG/M3,1 Hr,Valid
Hyderabad,PM2.5 - Principal,2017-08-09 06:00 AM,2017,08,09,06,24.9,78,Moderate,31.0,UG/M3,1 Hr,Valid
Hyderabad,PM2.5 - Principal,2017-08-09 07:00 AM,2017,08,09,07,25.4,79,Moderate,26.0,UG/M3,1 Hr,Valid
Hyderabad,PM2.5 - Principal,2017-08-09 08:00 AM,2017,08,09,08,22.7,73,Moderate,20.0,UG/M3,1 Hr,Valid
Hyderabad,PM2.5 - Principal,2017-08-09 09:00 AM,2017,08,09,09,24.8,78,Moderate,27.0,UG/M3,1 Hr,Valid
Hyderabad,PM2.5 - Principal,2017-08-09 10:00 AM,2017,08,09,10,30.9,91,Moderate,37.0,UG/M3,1 Hr,Valid
Hyderabad,PM2.5 - Principal,2017-08-09 11:00 AM,2017,08,09,11,34.9,99,Moderate,39.0,UG/M3,1 Hr,Valid
Hyderabad,PM2.5 - Principal,2017-08-09 12:00 PM,2017,08,09,12,40.9,114,Unhealthy for Sensitive Groups,47.0,UG/M3,1 Hr,Valid
Hyderabad,PM2.5 - Principal,2017-08-09 01:00 PM,2017,08,09,13,43.9,122,Unhealthy for Sensitive Groups,47.0,UG/M3,1 Hr,Valid
Hyderabad,PM2.5 - Principal,2017-08-09 02:00 PM,2017,08,09,14,40.4,113,Unhealthy for Sensitive Groups,37.0,UG/M3,1 Hr,Valid
Hyderabad,PM2.5 - Principal,2017-08-09 03:00 PM,2017,08,09,15,40.4,113,Unhealthy for Sensitive Groups,-999.0,UG/M3,1 Hr,Missing
Hyderabad,PM2.5 - Principal,2017-08-09 04:00 PM,2017,08,09,16,40.1,112,Unhealthy for Sensitive Groups,40.0,UG/M3,1 Hr,Valid
Hyderabad,PM2.5 - Principal,2017-08-09 05:00 PM,2017,08,09,17,39.5,111,Unhealthy for Sensitive Groups,39.0,UG/M3,1 Hr,Valid
Hyderabad,PM2.5 - Principal,2017-08-09 06:00 PM,2017,08,09,18,44.0,122,Unhealthy for Sensitive Groups,48.0,UG/M3,1 Hr,Valid
Hyderabad,PM2.5 - Principal,2017-08-09 07:00 PM,2017,08,09,19,49.6,136,Unhealthy for Sensitive Groups,55.0,UG/M3,1 Hr,Valid
Hyderabad,PM2.5 - Principal,2017-08-09 08:00 PM,2017,08,09,20,57.9,152,Unhealthy,66.0,UG/M3,1 Hr,Valid
Hyderabad,PM2.5 - Principal,2017-08-09 09:00 PM,2017,08,09,21,52.7,143,Unhealthy for Sensitive Groups,48.0,UG/M3,1 Hr,Valid
Hyderabad,PM2.5 - Principal,2017-08-09 10:00 PM,2017,08,09,22,52.8,144,Unhealthy for Sensitive Groups,53.0,UG/M3,1 Hr,Valid
Hyderabad,PM2.5 - Principal,2017-08-09 11:00 PM,2017,08,09,23,49.4,135,Unhealthy for Sensitive Groups,45.0,UG/M3,1 Hr,Valid
Hyderabad,PM2.5 - Principal,2017-08-10 12:00 AM,2017,08,10,00,45.7,126,Unhealthy for Sensitive Groups,41.0,UG/M3,1 Hr,Valid
Hyderabad,PM2.5 - Principal,2017-08-10 01:00 AM,2017,08,10,01,43.1,120,Unhealthy for Sensitive Groups,40.0,UG/M3,1 Hr,Valid
Hyderabad,PM2.5 - Principal,2017-08-10 02:00 AM,2017,08,10,02,44.1,122,Unhealthy for Sensitive Groups,45.0,UG/M3,1 Hr,Valid
Hyderabad,PM2.5 - Principal,2017-08-10 03:00 AM,2017,08,10,03,42.8,119,Unhealthy for Sensitive Groups,41.0,UG/M3,1 Hr,Valid
Hyderabad,PM2.5 - Principal,2017-08-10 04:00 AM,2017,08,10,04,36.6,104,Unhealthy for Sensitive Groups,31.0,UG/M3,1 Hr,Valid
Hyderabad,PM2.5 - Principal,2017-08-10 05:00 AM,2017,08,10,05,33.8,97,Moderate,31.0,UG/M3,1 Hr,Valid
Hyderabad,PM2.5 - Principal,2017-08-10 06:00 AM,2017,08,10,06,31.4,92,Moderate,29.0,UG/M3,1 Hr,Valid
Hyderabad,PM2.5 - Principal,2017-08-10 07:00 AM,2017,08,10,07,29.2,87,Moderate,27.0,UG/M3,1 Hr,Valid
Hyderabad,PM2.5 - Principal,2017-08-10 08:00 AM,2017,08,10,08,26.0,80,Moderate,23.0,UG/M3,1 Hr,Valid
Hyderabad,PM2.5 - Principal,2017-08-10 09:00 AM,2017,08,10,09,26.0,80,Moderate,26.0,UG/M3,1 Hr,Valid
Hyderabad,PM2.5 - Principal,2017-08-10 10:00 AM,2017,08,10,10,26.0,80,Moderate,26.0,UG/M3,1 Hr,Valid
Hyderabad,PM2.5 - Principal,2017-08-10 11:00 AM,2017,08,10,11,31.8,92,Moderate,38.0,UG/M3,1 Hr,Valid
Hyderabad,PM2.5 - Principal,2017-08-10 12:00 PM,2017,08,10,12,28.5,85,Moderate,25.0,UG/M3,1 Hr,Valid
Hyderabad,PM2.5 - Principal,2017-08-10 01:00 PM,2017,08,10,13,23.2,74,Moderate,18.0,UG/M3,1 Hr,Valid
Hyderabad,PM2.5 - Principal,2017-08-10 02:00 PM,2017,08,10,14,23.6,75,Moderate,24.0,UG/M3,1 Hr,Valid
Hyderabad,PM2.5 - Principal,2017-08-10 03:00 PM,2017,08,10,15,19.8,67,Moderate,16.0,UG/M3,1 Hr,Valid
Hyderabad,PM2.5 - Principal,2017-08-10 04:00 PM,2017,08,10,16,24.4,77,Moderate,29.0,UG/M3,1 Hr,Valid
Hyderabad,PM2.5 - Principal,2017-08-10 05:00 PM,2017,08,10,17,25.7,80,Moderate,27.0,UG/M3,1 Hr,Valid
Hyderabad,PM2.5 - Principal,2017-08-10 06:00 PM,2017,08,10,18,24.3,77,Moderate,23.0,UG/M3,1 Hr,Valid
Hyderabad,PM2.5 - Principal,2017-08-10 07:00 PM,2017,08,10,19,25.1,78,Moderate,26.0,UG/M3,1 Hr,Valid
Hyderabad,PM2.5 - Principal,2017-08-10 08:00 PM,2017,08,10,20,27.5,83,Moderate,30.0,UG/M3,1 Hr,Valid
Hyderabad,PM2.5 - Principal,2017-08-10 09:00 PM,2017,08,10,21,31.7,92,Moderate,36.0,UG/M3,1 Hr,Valid
Hyderabad,PM2.5 - Principal,2017-08-10 10:00 PM,2017,08,10,22,28.8,86,Moderate,26.0,UG/M3,1 Hr,Valid
Hyderabad,PM2.5 - Principal,2017-08-10 11:00 PM,2017,08,10,23,29.9,88,Moderate,31.0,UG/M3,1 Hr,Valid
Hyderabad,PM2.5 - Principal,2017-08-11 12:00 AM,2017,08,11,00,28.9,86,Moderate,28.0,UG/M3,1 Hr,Valid
Hyderabad,PM2.5 - Principal,2017-08-11 01:00 AM,2017,08,11,01,30.4,89,Moderate,32.0,UG/M3,1 Hr,Valid
Hyderabad,PM2.5 - Principal,2017-08-11 02:00 AM,2017,08,11,02,27.7,84,Moderate,25.0,UG/M3,1 Hr,Valid
Hyderabad,PM2.5 - Principal,2017-08-11 03:00 AM,2017,08,11,03,26.7,82,Moderate,24.0,UG/M3,1 Hr,Valid
Hyderabad,PM2.5 - Principal,2017-08-11 04:00 AM,2017,08,11,04,26.0,80,Moderate,25.0,UG/M3,1 Hr,Valid
Hyderabad,PM2.5 - Principal,2017-08-11 05:00 AM,2017,08,11,05,28.2,85,Moderate,32.0,UG/M3,1 Hr,Valid
Hyderabad,PM2.5 - Principal,2017-08-11 06:00 AM,2017,08,11,06,21.3,70,Moderate,14.0,UG/M3,1 Hr,Valid
Hyderabad,PM2.5 - Principal,2017-08-11 07:00 AM,2017,08,11,07,24.1,76,Moderate,27.0,UG/M3,1 Hr,Valid
Hyderabad,PM2.5 - Principal,2017-08-11 08:00 AM,2017,08,11,08,24.0,76,Moderate,24.0,UG/M3,1 Hr,Valid
Hyderabad,PM2.5 - Principal,2017-08-11 09:00 AM,2017,08,11,09,25.5,79,Moderate,27.0,UG/M3,1 Hr,Valid
Hyderabad,PM2.5 - Principal,2017-08-11 10:00 AM,2017,08,11,10,24.2,76,Moderate,23.0,UG/M3,1 Hr,Valid
Hyderabad,PM2.5 - Principal,2017-08-11 11:00 AM,2017,08,11,11,27.1,83,Moderate,30.0,UG/M3,1 Hr,Valid
Hyderabad,PM2.5 - Principal,2017-08-11 12:00 PM,2017,08,11,12,28.5,85,Moderate,30.0,UG/M3,1 Hr,Valid
Hyderabad,PM2.5 - Principal,2017-08-11 01:00 PM,2017,08,11,13,27.7,84,Moderate,27.0,UG/M3,1 Hr,Valid
Hyderabad,PM2.5 - Principal,2017-08-11 02:00 PM,2017,08,11,14,27.7,84,Moderate,-999.0,UG/M3,1 Hr,Missing
Hyderabad,PM2.5 - Principal,2017-08-11 03:00 PM,2017,08,11,15,38.5,108,Unhealthy for Sensitive Groups,44.0,UG/M3,1 Hr,Valid
Hyderabad,PM2.5 - Principal,2017-08-11 04:00 PM,2017,08,11,16,31.9,93,Moderate,27.0,UG/M3,1 Hr,Valid
Hyderabad,PM2.5 - Principal,2017-08-11 05:00 PM,2017,08,11,17,31.4,92,Moderate,31.0,UG/M3,1 Hr,Valid
Hyderabad,PM2.5 - Principal,2017-08-11 06:00 PM,2017,08,11,18,33.7,96,Moderate,36.0,UG/M3,1 Hr,Valid
Hyderabad,PM2.5 - Principal,2017-08-11 07:00 PM,2017,08,11,19,38.7,109,Unhealthy for Sensitive Groups,44.0,UG/M3,1 Hr,Valid
Hyderabad,PM2.5 - Principal,2017-08-11 08:00 PM,2017,08,11,20,49.0,134,Unhealthy for Sensitive Groups,59.0,UG/M3,1 Hr,Valid
Hyderabad,PM2.5 - Principal,2017-08-11 09:00 PM,2017,08,11,21,55.5,151,Unhealthy,62.0,UG/M3,1 Hr,Valid
Hyderabad,PM2.5 - Principal,2017-08-11 10:00 PM,2017,08,11,22,70.8,159,Unhealthy,86.0,UG/M3,1 Hr,Valid
Hyderabad,PM2.5 - Principal,2017-08-11 11:00 PM,2017,08,11,23,79.4,163,Unhealthy,88.0,UG/M3,1 Hr,Valid
Hyderabad,PM2.5 - Principal,2017-08-12 12:00 AM,2017,08,12,00,84.7,166,Unhealthy,90.0,UG/M3,1 Hr,Valid
Hyderabad,PM2.5 - Principal,2017-08-12 01:00 AM,2017,08,12,01,59.3,153,Unhealthy,34.0,UG/M3,1 Hr,Valid
Hyderabad,PM2.5 - Principal,2017-08-12 02:00 AM,2017,08,12,02,36.1,102,Unhealthy for Sensitive Groups,13.0,UG/M3,1 Hr,Valid
Hyderabad,PM2.5 - Principal,2017-08-12 03:00 AM,2017,08,12,03,36.1,102,Unhealthy for Sensitive Groups,-999.0,UG/M3,1 Hr,Missing
Hyderabad,PM2.5 - Principal,2017-08-12 04:00 AM,2017,08,12,04,28.0,84,Moderate,24.0,UG/M3,1 Hr,Valid
Hyderabad,PM2.5 - Principal,2017-08-12 05:00 AM,2017,08,12,05,30.8,90,Moderate,33.0,UG/M3,1 Hr,Valid
Hyderabad,PM2.5 - Principal,2017-08-12 06:00 AM,2017,08,12,06,28.8,86,Moderate,27.0,UG/M3,1 Hr,Valid
Hyderabad,PM2.5 - Principal,2017-08-12 07:00 AM,2017,08,12,07,28.9,86,Moderate,29.0,UG/M3,1 Hr,Valid
Hyderabad,PM2.5 - Principal,2017-08-12 08:00 AM,2017,08,12,08,26.9,82,Moderate,25.0,UG/M3,1 Hr,Valid
Hyderabad,PM2.5 - Principal,2017-08-12 09:00 AM,2017,08,12,09,29.4,87,Moderate,32.0,UG/M3,1 Hr,Valid
Hyderabad,PM2.5 - Principal,2017-08-12 10:00 AM,2017,08,12,10,28.7,86,Moderate,28.0,UG/M3,1 Hr,Valid
Hyderabad,PM2.5 - Principal,2017-08-12 11:00 AM,2017,08,12,11,26.3,81,Moderate,24.0,UG/M3,1 Hr,Valid
Hyderabad,PM2.5 - Principal,2017-08-12 12:00 PM,2017,08,12,12,25.1,78,Moderate,24.0,UG/M3,1 Hr,Valid
Hyderabad,PM2.5 - Principal,2017-08-12 01:00 PM,2017,08,12,13,23.5,75,Moderate,22.0,UG/M3,1 Hr,Valid
Hyderabad,PM2.5 - Principal,2017-08-12 02:00 PM,2017,08,12,14,24.0,76,Moderate,23.0,UG/M3,1 Hr,Valid
Hyderabad,PM2.5 - Principal,2017-08-12 03:00 PM,2017,08,12,15,25.0,78,Moderate,27.0,UG/M3,1 Hr,Valid
Hyderabad,PM2.5 - Principal,2017-08-12 04:00 PM,2017,08,12,16,24.0,76,Moderate,22.0,UG/M3,1 Hr,Valid
Hyderabad,PM2.5 - Principal,2017-08-12 05:00 PM,2017,08,12,17,29.1,87,Moderate,37.0,UG/M3,1 Hr,Valid
Hyderabad,PM2.5 - Principal,2017-08-12 06:00 PM,2017,08,12,18,30.3,89,Moderate,32.0,UG/M3,1 Hr,Valid
Hyderabad,PM2.5 - Principal,2017-08-12 07:00 PM,2017,08,12,19,45.0,124,Unhealthy for Sensitive Groups,59.0,UG/M3,1 Hr,Valid
Hyderabad,PM2.5 - Principal,2017-08-12 08:00 PM,2017,08,12,20,37.0,105,Unhealthy for Sensitive Groups,29.0,UG/M3,1 Hr,Valid
Hyderabad,PM2.5 - Principal,2017-08-12 09:00 PM,2017,08,12,21,39.5,111,Unhealthy for Sensitive Groups,42.0,UG/M3,1 Hr,Valid
Hyderabad,PM2.5 - Principal,2017-08-12 10:00 PM,2017,08,12,22,38.2,108,Unhealthy for Sensitive Groups,37.0,UG/M3,1 Hr,Valid
Hyderabad,PM2.5 - Principal,2017-08-12 11:00 PM,2017,08,12,23,51.1,139,Unhealthy for Sensitive Groups,64.0,UG/M3,1 Hr,Valid
Hyderabad,PM2.5 - Principal,2017-08-13 12:00 AM,2017,08,13,00,49.5,135,Unhealthy for Sensitive Groups,48.0,UG/M3,1 Hr,Valid
Hyderabad,PM2.5 - Principal,2017-08-13 01:00 AM,2017,08,13,01,45.7,126,Unhealthy for Sensitive Groups,42.0,UG/M3,1 Hr,Valid
Hyderabad,PM2.5 - Principal,2017-08-13 02:00 AM,2017,08,13,02,45.3,125,Unhealthy for Sensitive Groups,45.0,UG/M3,1 Hr,Valid
Hyderabad,PM2.5 - Principal,2017-08-13 03:00 AM,2017,08,13,03,44.7,124,Unhealthy for Sensitive Groups,44.0,UG/M3,1 Hr,Valid
Hyderabad,PM2.5 - Principal,2017-08-13 04:00 AM,2017,08,13,04,35.8,102,Unhealthy for Sensitive Groups,27.0,UG/M3,1 Hr,Valid
Hyderabad,PM2.5 - Principal,2017-08-13 05:00 AM,2017,08,13,05,29.9,88,Moderate,24.0,UG/M3,1 Hr,Valid
Hyderabad,PM2.5 - Principal,2017-08-13 06:00 AM,2017,08,13,06,20.4,68,Moderate,11.0,UG/M3,1 Hr,Valid
Hyderabad,PM2.5 - Principal,2017-08-13 07:00 AM,2017,08,13,07,23.2,74,Moderate,26.0,UG/M3,1 Hr,Valid
Hyderabad,PM2.5 - Principal,2017-08-13 08:00 AM,2017,08,13,08,27.1,83,Moderate,31.0,UG/M3,1 Hr,Valid
Hyderabad,PM2.5 - Principal,2017-08-13 09:00 AM,2017,08,13,09,29.5,88,Moderate,32.0,UG/M3,1 Hr,Valid
Hyderabad,PM2.5 - Principal,2017-08-13 10:00 AM,2017,08,13,10,31.2,91,Moderate,33.0,UG/M3,1 Hr,Valid
Hyderabad,PM2.5 - Principal,2017-08-13 11:00 AM,2017,08,13,11,29.1,87,Moderate,27.0,UG/M3,1 Hr,Valid
Hyderabad,PM2.5 - Principal,2017-08-13 12:00 PM,2017,08,13,12,30.5,90,Moderate,32.0,UG/M3,1 Hr,Valid
Hyderabad,PM2.5 - Principal,2017-08-13 01:00 PM,2017,08,13,13,29.2,87,Moderate,28.0,UG/M3,1 Hr,Valid
Hyderabad,PM2.5 - Principal,2017-08-13 02:00 PM,2017,08,13,14,32.1,93,Moderate,35.0,UG/M3,1 Hr,Valid
Hyderabad,PM2.5 - Principal,2017-08-13 03:00 PM,2017,08,13,15,36.0,102,Unhealthy for Sensitive Groups,40.0,UG/M3,1 Hr,Valid
Hyderabad,PM2.5 - Principal,2017-08-13 04:00 PM,2017,08,13,16,24.5,77,Moderate,13.0,UG/M3,1 Hr,Valid
Hyderabad,PM2.5 - Principal,2017-08-13 05:00 PM,2017,08,13,17,31.7,92,Moderate,39.0,UG/M3,1 Hr,Valid
Hyderabad,PM2.5 - Principal,2017-08-13 06:00 PM,2017,08,13,18,48.8,134,Unhealthy for Sensitive Groups,66.0,UG/M3,1 Hr,Valid
Hyderabad,PM2.5 - Principal,2017-08-13 07:00 PM,2017,08,13,19,65.4,156,Unhealthy,82.0,UG/M3,1 Hr,Valid
Hyderabad,PM2.5 - Principal,2017-08-13 08:00 PM,2017,08,13,20,71.7,159,Unhealthy,78.0,UG/M3,1 Hr,Valid
Hyderabad,PM2.5 - Principal,2017-08-13 09:00 PM,2017,08,13,21,68.3,158,Unhealthy,65.0,UG/M3,1 Hr,Valid
Hyderabad,PM2.5 - Principal,2017-08-13 10:00 PM,2017,08,13,22,68.6,158,Unhealthy,69.0,UG/M3,1 Hr,Valid
Hyderabad,PM2.5 - Principal,2017-08-13 11:00 PM,2017,08,13,23,75.3,161,Unhealthy,82.0,UG/M3,1 Hr,Valid
Hyderabad,PM2.5 - Principal,2017-08-14 12:00 AM,2017,08,14,00,80.6,164,Unhealthy,86.0,UG/M3,1 Hr,Valid
Hyderabad,PM2.5 - Principal,2017-08-14 01:00 AM,2017,08,14,01,77.3,162,Unhealthy,74.0,UG/M3,1 Hr,Valid
Hyderabad,PM2.5 - Principal,2017-08-14 02:00 AM,2017,08,14,02,49.6,136,Unhealthy for Sensitive Groups,22.0,UG/M3,1 Hr,Valid
Hyderabad,PM2.5 - Principal,2017-08-14 03:00 AM,2017,08,14,03,41.3,115,Unhealthy for Sensitive Groups,33.0,UG/M3,1 Hr,Valid
Hyderabad,PM2.5 - Principal,2017-08-14 04:00 AM,2017,08,14,04,32.6,94,Moderate,24.0,UG/M3,1 Hr,Valid
Hyderabad,PM2.5 - Principal,2017-08-14 05:00 AM,2017,08,14,05,28.3,85,Moderate,24.0,UG/M3,1 Hr,Valid
Hyderabad,PM2.5 - Principal,2017-08-14 06:00 AM,2017,08,14,06,28.3,85,Moderate,-999.0,UG/M3,1 Hr,Missing
Hyderabad,PM2.5 - Principal,2017-08-14 07:00 AM,2017,08,14,07,26.0,80,Moderate,25.0,UG/M3,1 Hr,Valid
Hyderabad,PM2.5 - Principal,2017-08-14 08:00 AM,2017,08,14,08,27.7,84,Moderate,29.0,UG/M3,1 Hr,Valid
Hyderabad,PM2.5 - Principal,2017-08-14 09:00 AM,2017,08,14,09,22.5,73,Moderate,18.0,UG/M3,1 Hr,Valid
Hyderabad,PM2.5 - Principal,2017-08-14 10:00 AM,2017,08,14,10,20.1,68,Moderate,18.0,UG/M3,1 Hr,Valid
Hyderabad,PM2.5 - Principal,2017-08-14 11:00 AM,2017,08,14,11,19.5,67,Moderate,19.0,UG/M3,1 Hr,Valid
Hyderabad,PM2.5 - Principal,2017-08-14 12:00 PM,2017,08,14,12,20.7,69,Moderate,22.0,UG/M3,1 Hr,Valid
Hyderabad,PM2.5 - Principal,2017-08-14 01:00 PM,2017,08,14,13,22.2,72,Moderate,24.0,UG/M3,1 Hr,Valid
Hyderabad,PM2.5 - Principal,2017-08-14 02:00 PM,2017,08,14,14,24.8,78,Moderate,28.0,UG/M3,1 Hr,Valid
Hyderabad,PM2.5 - Principal,2017-08-14 03:00 PM,2017,08,14,15,21.4,71,Moderate,17.0,UG/M3,1 Hr,Valid
Hyderabad,PM2.5 - Principal,2017-08-14 04:00 PM,2017,08,14,16,24.1,76,Moderate,28.0,UG/M3,1 Hr,Valid
Hyderabad,PM2.5 - Principal,2017-08-14 05:00 PM,2017,08,14,17,23.2,74,Moderate,22.0,UG/M3,1 Hr,Valid
Hyderabad,PM2.5 - Principal,2017-08-14 06:00 PM,2017,08,14,18,23.9,76,Moderate,25.0,UG/M3,1 Hr,Valid
Hyderabad,PM2.5 - Principal,2017-08-14 07:00 PM,2017,08,14,19,29.0,87,Moderate,34.0,UG/M3,1 Hr,Valid
Hyderabad,PM2.5 - Principal,2017-08-14 08:00 PM,2017,08,14,20,31.0,91,Moderate,33.0,UG/M3,1 Hr,Valid
Hyderabad,PM2.5 - Principal,2017-08-14 09:00 PM,2017,08,14,21,38.0,107,Unhealthy for Sensitive Groups,45.0,UG/M3,1 Hr,Valid
Hyderabad,PM2.5 - Principal,2017-08-14 10:00 PM,2017,08,14,22,38.5,108,Unhealthy for Sensitive Groups,39.0,UG/M3,1 Hr,Valid
Hyderabad,PM2.5 - Principal,2017-08-14 11:00 PM,2017,08,14,23,39.7,111,Unhealthy for Sensitive Groups,41.0,UG/M3,1 Hr,Valid
Hyderabad,PM2.5 - Principal,2017-08-15 12:00 AM,2017,08,15,00,48.8,134,Unhealthy for Sensitive Groups,58.0,UG/M3,1 Hr,Valid
Hyderabad,PM2.5 - Principal,2017-08-15 01:00 AM,2017,08,15,01,49.9,136,Unhealthy for Sensitive Groups,51.0,UG/M3,1 Hr,Valid
Hyderabad,PM2.5 - Principal,2017-08-15 02:00 AM,2017,08,15,02,46.9,129,Unhealthy for Sensitive Groups,44.0,UG/M3,1 Hr,Valid
Hyderabad,PM2.5 - Principal,2017-08-15 03:00 AM,2017,08,15,03,40.4,113,Unhealthy for Sensitive Groups,34.0,UG/M3,1 Hr,Valid
Hyderabad,PM2.5 - Principal,2017-08-15 04:00 AM,2017,08,15,04,36.7,104,Unhealthy for Sensitive Groups,33.0,UG/M3,1 Hr,Valid
Hyderabad,PM2.5 - Principal,2017-08-15 05:00 AM,2017,08,15,05,37.8,107,Unhealthy for Sensitive Groups,39.0,UG/M3,1 Hr,Valid
Hyderabad,PM2.5 - Principal,2017-08-15 06:00 AM,2017,08,15,06,34.7,99,Moderate,31.0,UG/M3,1 Hr,Valid
Hyderabad,PM2.5 - Principal,2017-08-15 07:00 AM,2017,08,15,07,31.7,92,Moderate,29.0,UG/M3,1 Hr,Valid
Hyderabad,PM2.5 - Principal,2017-08-15 08:00 AM,2017,08,15,08,31.3,91,Moderate,31.0,UG/M3,1 Hr,Valid
Hyderabad,PM2.5 - Principal,2017-08-15 09:00 AM,2017,08,15,09,29.1,87,Moderate,27.0,UG/M3,1 Hr,Valid
Hyderabad,PM2.5 - Principal,2017-08-15 10:00 AM,2017,08,15,10,23.0,74,Moderate,17.0,UG/M3,1 Hr,Valid
Hyderabad,PM2.5 - Principal,2017-08-15 11:00 AM,2017,08,15,11,22.5,73,Moderate,22.0,UG/M3,1 Hr,Valid
Hyderabad,PM2.5 - Principal,2017-08-15 12:00 PM,2017,08,15,12,25.2,79,Moderate,28.0,UG/M3,1 Hr,Valid
Hyderabad,PM2.5 - Principal,2017-08-15 01:00 PM,2017,08,15,13,25.1,78,Moderate,25.0,UG/M3,1 Hr,Valid
Hyderabad,PM2.5 - Principal,2017-08-15 02:00 PM,2017,08,15,14,26.5,81,Moderate,28.0,UG/M3,1 Hr,Valid
Hyderabad,PM2.5 - Principal,2017-08-15 03:00 PM,2017,08,15,15,23.2,74,Moderate,20.0,UG/M3,1 Hr,Valid
Hyderabad,PM2.5 - Principal,2017-08-15 04:00 PM,2017,08,15,16,23.6,75,Moderate,24.0,UG/M3,1 Hr,Valid
Hyderabad,PM2.5 - Principal,2017-08-15 05:00 PM,2017,08,15,17,26.5,81,Moderate,30.0,UG/M3,1 Hr,Valid
Hyderabad,PM2.5 - Principal,2017-08-15 06:00 PM,2017,08,15,18,26.7,82,Moderate,27.0,UG/M3,1 Hr,Valid
Hyderabad,PM2.5 - Principal,2017-08-15 07:00 PM,2017,08,15,19,26.4,81,Moderate,26.0,UG/M3,1 Hr,Valid
Hyderabad,PM2.5 - Principal,2017-08-15 08:00 PM,2017,08,15,20,30.7,90,Moderate,35.0,UG/M3,1 Hr,Valid
Hyderabad,PM2.5 - Principal,2017-08-15 09:00 PM,2017,08,15,21,32.3,93,Moderate,34.0,UG/M3,1 Hr,Valid
Hyderabad,PM2.5 - Principal,2017-08-15 10:00 PM,2017,08,15,22,37.6,106,Unhealthy for Sensitive Groups,43.0,UG/M3,1 Hr,Valid
Hyderabad,PM2.5 - Principal,2017-08-15 11:00 PM,2017,08,15,23,39.3,110,Unhealthy for Sensitive Groups,41.0,UG/M3,1 Hr,Valid
Hyderabad,PM2.5 - Principal,2017-08-16 12:00 AM,2017,08,16,00,40.6,114,Unhealthy for Sensitive Groups,42.0,UG/M3,1 Hr,Valid
Hyderabad,PM2.5 - Principal,2017-08-16 01:00 AM,2017,08,16,01,38.8,109,Unhealthy for Sensitive Groups,37.0,UG/M3,1 Hr,Valid
Hyderabad,PM2.5 - Principal,2017-08-16 02:00 AM,2017,08,16,02,29.9,88,Moderate,21.0,UG/M3,1 Hr,Valid
Hyderabad,PM2.5 - Principal,2017-08-16 03:00 AM,2017,08,16,03,22.4,73,Moderate,15.0,UG/M3,1 Hr,Valid
Hyderabad,PM2.5 - Principal,2017-08-16 04:00 AM,2017,08,16,04,18.7,65,Moderate,15.0,UG/M3,1 Hr,Valid
Hyderabad,PM2.5 - Principal,2017-08-16 05:00 AM,2017,08,16,05,18.3,64,Moderate,18.0,UG/M3,1 Hr,Valid
Hyderabad,PM2.5 - Principal,2017-08-16 06:00 AM,2017,08,16,06,20.1,68,Moderate,22.0,UG/M3,1 Hr,Valid
Hyderabad,PM2.5 - Principal,2017-08-16 07:00 AM,2017,08,16,07,26.5,81,Moderate,33.0,UG/M3,1 Hr,Valid
Hyderabad,PM2.5 - Principal,2017-08-16 08:00 AM,2017,08,16,08,26.7,82,Moderate,27.0,UG/M3,1 Hr,Valid
Hyderabad,PM2.5 - Principal,2017-08-16 09:00 AM,2017,08,16,09,26.7,82,Moderate,-999.0,UG/M3,1 Hr,Missing
Hyderabad,PM2.5 - Principal,2017-08-16 10:00 AM,2017,08,16,10,35.5,101,Unhealthy for Sensitive Groups,40.0,UG/M3,1 Hr,Valid
Hyderabad,PM2.5 - Principal,2017-08-16 11:00 AM,2017,08,16,11,36.9,104,Unhealthy for Sensitive Groups,38.0,UG/M3,1 Hr,Valid
Hyderabad,PM2.5 - Principal,2017-08-16 12:00 PM,2017,08,16,12,35.3,100,Moderate,34.0,UG/M3,1 Hr,Valid
Hyderabad,PM2.5 - Principal,2017-08-16 01:00 PM,2017,08,16,13,35.3,100,Moderate,-999.0,UG/M3,1 Hr,Missing
Hyderabad,PM2.5 - Principal,2017-08-16 02:00 PM,2017,08,16,14,32.4,94,Moderate,31.0,UG/M3,1 Hr,Valid
Hyderabad,PM2.5 - Principal,2017-08-16 03:00 PM,2017,08,16,15,33.3,96,Moderate,34.0,UG/M3,1 Hr,Valid
Hyderabad,PM2.5 - Principal,2017-08-16 04:00 PM,2017,08,16,16,33.3,96,Moderate,-999.0,UG/M3,1 Hr,Missing
Hyderabad,PM2.5 - Principal,2017-08-16 05:00 PM,2017,08,16,17,34.4,98,Moderate,35.0,UG/M3,1 Hr,Valid
Hyderabad,PM2.5 - Principal,2017-08-16 06:00 PM,2017,08,16,18,36.6,104,Unhealthy for Sensitive Groups,40.0,UG/M3,1 Hr,Valid
Hyderabad,PM2.5 - Principal,2017-08-16 07:00 PM,2017,08,16,19,40.6,114,Unhealthy for Sensitive Groups,45.0,UG/M3,1 Hr,Valid
Hyderabad,PM2.5 - Principal,2017-08-16 08:00 PM,2017,08,16,20,41.5,116,Unhealthy for Sensitive Groups,45.0,UG/M3,1 Hr,Valid
Hyderabad,PM2.5 - Principal,2017-08-16 09:00 PM,2017,08,16,21,43.7,121,Unhealthy for Sensitive Groups,47.0,UG/M3,1 Hr,Valid
Hyderabad,PM2.5 - Principal,2017-08-16 10:00 PM,2017,08,16,22,45.4,125,Unhealthy for Sensitive Groups,48.0,UG/M3,1 Hr,Valid
Hyderabad,PM2.5 - Principal,2017-08-16 11:00 PM,2017,08,16,23,51.2,140,Unhealthy for Sensitive Groups,57.0,UG/M3,1 Hr,Valid
Hyderabad,PM2.5 - Principal,2017-08-17 12:00 AM,2017,08,17,00,44.7,124,Unhealthy for Sensitive Groups,37.0,UG/M3,1 Hr,Valid
Hyderabad,PM2.5 - Principal,2017-08-17 01:00 AM,2017,08,17,01,39.3,110,Unhealthy for Sensitive Groups,33.0,UG/M3,1 Hr,Valid
Hyderabad,PM2.5 - Principal,2017-08-17 02:00 AM,2017,08,17,02,41.6,116,Unhealthy for Sensitive Groups,44.0,UG/M3,1 Hr,Valid
Hyderabad,PM2.5 - Principal,2017-08-17 03:00 AM,2017,08,17,03,38.8,109,Unhealthy for Sensitive Groups,35.0,UG/M3,1 Hr,Valid
Hyderabad,PM2.5 - Principal,2017-08-17 04:00 AM,2017,08,17,04,35.7,101,Unhealthy for Sensitive Groups,32.0,UG/M3,1 Hr,Valid
Hyderabad,PM2.5 - Principal,2017-08-17 05:00 AM,2017,08,17,05,31.0,91,Moderate,27.0,UG/M3,1 Hr,Valid
Hyderabad,PM2.5 - Principal,2017-08-17 06:00 AM,2017,08,17,06,29.0,87,Moderate,27.0,UG/M3,1 Hr,Valid
Hyderabad,PM2.5 - Principal,2017-08-17 07:00 AM,2017,08,17,07,30.0,89,Moderate,31.0,UG/M3,1 Hr,Valid
Hyderabad,PM2.5 - Principal,2017-08-17 08:00 AM,2017,08,17,08,32.5,94,Moderate,35.0,UG/M3,1 Hr,Valid
Hyderabad,PM2.5 - Principal,2017-08-17 09:00 AM,2017,08,17,09,34.2,97,Moderate,36.0,UG/M3,1 Hr,Valid
Hyderabad,PM2.5 - Principal,2017-08-17 10:00 AM,2017,08,17,10,38.6,109,Unhealthy for Sensitive Groups,43.0,UG/M3,1 Hr,Valid
Hyderabad,PM2.5 - Principal,2017-08-17 11:00 AM,2017,08,17,11,33.6,96,Moderate,28.0,UG/M3,1 Hr,Valid
Hyderabad,PM2.5 - Principal,2017-08-17 12:00 PM,2017,08,17,12,32.2,93,Moderate,30.0,UG/M3,1 Hr,Valid
Hyderabad,PM2.5 - Principal,2017-08-17 01:00 PM,2017,08,17,13,32.9,95,Moderate,34.0,UG/M3,1 Hr,Valid
Hyderabad,PM2.5 - Principal,2017-08-17 02:00 PM,2017,08,17,14,32.2,93,Moderate,31.0,UG/M3,1 Hr,Valid
Hyderabad,PM2.5 - Principal,2017-08-17 03:00 PM,2017,08,17,15,28.4,85,Moderate,24.0,UG/M3,1 Hr,Valid
Hyderabad,PM2.5 - Principal,2017-08-17 04:00 PM,2017,08,17,16,31.3,91,Moderate,35.0,UG/M3,1 Hr,Valid
Hyderabad,PM2.5 - Principal,2017-08-17 05:00 PM,2017,08,17,17,37.7,106,Unhealthy for Sensitive Groups,45.0,UG/M3,1 Hr,Valid
Hyderabad,PM2.5 - Principal,2017-08-17 06:00 PM,2017,08,17,18,36.4,103,Unhealthy for Sensitive Groups,35.0,UG/M3,1 Hr,Valid
Hyderabad,PM2.5 - Principal,2017-08-17 07:00 PM,2017,08,17,19,37.1,105,Unhealthy for Sensitive Groups,38.0,UG/M3,1 Hr,Valid
Hyderabad,PM2.5 - Principal,2017-08-17 08:00 PM,2017,08,17,20,43.6,121,Unhealthy for Sensitive Groups,50.0,UG/M3,1 Hr,Valid
Hyderabad,PM2.5 - Principal,2017-08-17 09:00 PM,2017,08,17,21,48.8,134,Unhealthy for Sensitive Groups,54.0,UG/M3,1 Hr,Valid
Hyderabad,PM2.5 - Principal,2017-08-17 10:00 PM,2017,08,17,22,52.9,144,Unhealthy for Sensitive Groups,57.0,UG/M3,1 Hr,Valid
Hyderabad,PM2.5 - Principal,2017-08-17 11:00 PM,2017,08,17,23,58.4,152,Unhealthy,64.0,UG/M3,1 Hr,Valid
Hyderabad,PM2.5 - Principal,2017-08-18 12:00 AM,2017,08,18,00,54.2,147,Unhealthy for Sensitive Groups,50.0,UG/M3,1 Hr,Valid
Hyderabad,PM2.5 - Principal,2017-08-18 01:00 AM,2017,08,18,01,51.1,139,Unhealthy for Sensitive Groups,48.0,UG/M3,1 Hr,Valid
Hyderabad,PM2.5 - Principal,2017-08-18 02:00 AM,2017,08,18,02,50.5,138,Unhealthy for Sensitive Groups,50.0,UG/M3,1 Hr,Valid
Hyderabad,PM2.5 - Principal,2017-08-18 03:00 AM,2017,08,18,03,50.8,139,Unhealthy for Sensitive Groups,51.0,UG/M3,1 Hr,Valid
Hyderabad,PM2.5 - Principal,2017-08-18 04:00 AM,2017,08,18,04,40.8,114,Unhealthy for Sensitive Groups,31.0,UG/M3,1 Hr,Valid
Hyderabad,PM2.5 - Principal,2017-08-18 05:00 AM,2017,08,18,05,40.4,113,Unhealthy for Sensitive Groups,40.0,UG/M3,1 Hr,Valid
Hyderabad,PM2.5 - Principal,2017-08-18 06:00 AM,2017,08,18,06,42.7,119,Unhealthy for Sensitive Groups,45.0,UG/M3,1 Hr,Valid
Hyderabad,PM2.5 - Principal,2017-08-18 07:00 AM,2017,08,18,07,41.3,115,Unhealthy for Sensitive Groups,40.0,UG/M3,1 Hr,Valid
Hyderabad,PM2.5 - Principal,2017-08-18 08:00 AM,2017,08,18,08,40.1,112,Unhealthy for Sensitive Groups,39.0,UG/M3,1 Hr,Valid
Hyderabad,PM2.5 - Principal,2017-08-18 09:00 AM,2017,08,18,09,35.0,99,Moderate,30.0,UG/M3,1 Hr,Valid
Hyderabad,PM2.5 - Principal,2017-08-18 10:00 AM,2017,08,18,10,34.0,97,Moderate,33.0,UG/M3,1 Hr,Valid
Hyderabad,PM2.5 - Principal,2017-08-18 11:00 AM,2017,08,18,11,32.8,95,Moderate,30.0,UG/M3,1 Hr,Valid
Hyderabad,PM2.5 - Principal,2017-08-18 12:00 PM,2017,08,18,12,32.0,93,Moderate,31.0,UG/M3,1 Hr,Valid
Hyderabad,PM2.5 - Principal,2017-08-18 01:00 PM,2017,08,18,13,36.5,103,Unhealthy for Sensitive Groups,43.0,UG/M3,1 Hr,Valid
Hyderabad,PM2.5 - Principal,2017-08-18 02:00 PM,2017,08,18,14,38.7,109,Unhealthy for Sensitive Groups,42.0,UG/M3,1 Hr,Valid
Hyderabad,PM2.5 - Principal,2017-08-18 03:00 PM,2017,08,18,15,39.3,110,Unhealthy for Sensitive Groups,42.0,UG/M3,1 Hr,Valid
Hyderabad,PM2.5 - Principal,2017-08-18 04:00 PM,2017,08,18,16,40.9,114,Unhealthy for Sensitive Groups,44.0,UG/M3,1 Hr,Valid
Hyderabad,PM2.5 - Principal,2017-08-18 05:00 PM,2017,08,18,17,40.9,114,Unhealthy for Sensitive Groups,41.0,UG/M3,1 Hr,Valid
Hyderabad,PM2.5 - Principal,2017-08-18 06:00 PM,2017,08,18,18,39.9,112,Unhealthy for Sensitive Groups,38.0,UG/M3,1 Hr,Valid
Hyderabad,PM2.5 - Principal,2017-08-18 07:00 PM,2017,08,18,19,40.2,113,Unhealthy for Sensitive Groups,41.0,UG/M3,1 Hr,Valid
Hyderabad,PM2.5 - Principal,2017-08-18 08:00 PM,2017,08,18,20,41.4,116,Unhealthy for Sensitive Groups,44.0,UG/M3,1 Hr,Valid
Hyderabad,PM2.5 - Principal,2017-08-18 09:00 PM,2017,08,18,21,44.6,123,Unhealthy for Sensitive Groups,49.0,UG/M3,1 Hr,Valid
Hyderabad,PM2.5 - Principal,2017-08-18 10:00 PM,2017,08,18,22,51.5,140,Unhealthy for Sensitive Groups,58.0,UG/M3,1 Hr,Valid
Hyderabad,PM2.5 - Principal,2017-08-18 11:00 PM,2017,08,18,23,58.4,152,Unhealthy,65.0,UG/M3,1 Hr,Valid
Hyderabad,PM2.5 - Principal,2017-08-19 12:00 AM,2017,08,19,00,52.9,144,Unhealthy for Sensitive Groups,48.0,UG/M3,1 Hr,Valid
Hyderabad,PM2.5 - Principal,2017-08-19 01:00 AM,2017,08,19,01,47.1,130,Unhealthy for Sensitive Groups,39.0,UG/M3,1 Hr,Valid
Hyderabad,PM2.5 - Principal,2017-08-19 02:00 AM,2017,08,19,02,42.6,118,Unhealthy for Sensitive Groups,37.0,UG/M3,1 Hr,Valid
Hyderabad,PM2.5 - Principal,2017-08-19 03:00 AM,2017,08,19,03,38.8,109,Unhealthy for Sensitive Groups,35.0,UG/M3,1 Hr,Valid
Hyderabad,PM2.5 - Principal,2017-08-19 04:00 AM,2017,08,19,04,33.6,96,Moderate,29.0,UG/M3,1 Hr,Valid
Hyderabad,PM2.5 - Principal,2017-08-19 05:00 AM,2017,08,19,05,33.3,96,Moderate,33.0,UG/M3,1 Hr,Valid
Hyderabad,PM2.5 - Principal,2017-08-19 06:00 AM,2017,08,19,06,30.1,89,Moderate,27.0,UG/M3,1 Hr,Valid
Hyderabad,PM2.5 - Principal,2017-08-19 07:00 AM,2017,08,19,07,27.0,82,Moderate,24.0,UG/M3,1 Hr,Valid
Hyderabad,PM2.5 - Principal,2017-08-19 08:00 AM,2017,08,19,08,29.5,88,Moderate,32.0,UG/M3,1 Hr,Valid
Hyderabad,PM2.5 - Principal,2017-08-19 09:00 AM,2017,08,19,09,29.2,87,Moderate,29.0,UG/M3,1 Hr,Valid
Hyderabad,PM2.5 - Principal,2017-08-19 10:00 AM,2017,08,19,10,30.1,89,Moderate,31.0,UG/M3,1 Hr,Valid
Hyderabad,PM2.5 - Principal,2017-08-19 11:00 AM,2017,08,19,11,29.5,88,Moderate,29.0,UG/M3,1 Hr,Valid
Hyderabad,PM2.5 - Principal,2017-08-19 12:00 PM,2017,08,19,12,30.9,91,Moderate,33.0,UG/M3,1 Hr,Valid
Hyderabad,PM2.5 - Principal,2017-08-19 01:00 PM,2017,08,19,13,32.9,95,Moderate,37.0,UG/M3,1 Hr,Valid
Hyderabad,PM2.5 - Principal,2017-08-19 02:00 PM,2017,08,19,14,33.6,96,Moderate,35.0,UG/M3,1 Hr,Valid
Hyderabad,PM2.5 - Principal,2017-08-19 03:00 PM,2017,08,19,15,39.3,110,Unhealthy for Sensitive Groups,45.0,UG/M3,1 Hr,Valid
Hyderabad,PM2.5 - Principal,2017-08-19 04:00 PM,2017,08,19,16,38.2,108,Unhealthy for Sensitive Groups,37.0,UG/M3,1 Hr,Valid
Hyderabad,PM2.5 - Principal,2017-08-19 05:00 PM,2017,08,19,17,34.8,99,Moderate,31.0,UG/M3,1 Hr,Valid
Hyderabad,PM2.5 - Principal,2017-08-19 06:00 PM,2017,08,19,18,33.0,95,Moderate,31.0,UG/M3,1 Hr,Valid
Hyderabad,PM2.5 - Principal,2017-08-19 07:00 PM,2017,08,19,19,33.4,96,Moderate,33.0,UG/M3,1 Hr,Valid
Hyderabad,PM2.5 - Principal,2017-08-19 08:00 PM,2017,08,19,20,31.3,91,Moderate,28.0,UG/M3,1 Hr,Valid
Hyderabad,PM2.5 - Principal,2017-08-19 09:00 PM,2017,08,19,21,25.7,80,Moderate,21.0,UG/M3,1 Hr,Valid
Hyderabad,PM2.5 - Principal,2017-08-19 10:00 PM,2017,08,19,22,26.3,81,Moderate,27.0,UG/M3,1 Hr,Valid
Hyderabad,PM2.5 - Principal,2017-08-19 11:00 PM,2017,08,19,23,26.1,80,Moderate,26.0,UG/M3,1 Hr,Valid
Hyderabad,PM2.5 - Principal,2017-08-20 12:00 AM,2017,08,20,00,21.5,71,Moderate,17.0,UG/M3,1 Hr,Valid
Hyderabad,PM2.5 - Principal,2017-08-20 01:00 AM,2017,08,20,01,13.7,54,Moderate,6.0,UG/M3,1 Hr,Valid
Hyderabad,PM2.5 - Principal,2017-08-20 02:00 AM,2017,08,20,02,9.8,41,Good,6.0,UG/M3,1 Hr,Valid
Hyderabad,PM2.5 - Principal,2017-08-20 03:00 AM,2017,08,20,03,5.9,25,Good,2.0,UG/M3,1 Hr,Valid
Hyderabad,PM2.5 - Principal,2017-08-20 04:00 AM,2017,08,20,04,2.9,12,Good,0.0,UG/M3,1 Hr,Valid
Hyderabad,PM2.5 - Principal,2017-08-20 05:00 AM,2017,08,20,05,7.9,33,Good,13.0,UG/M3,1 Hr,Valid
Hyderabad,PM2.5 - Principal,2017-08-20 06:00 AM,2017,08,20,06,9.9,41,Good,12.0,UG/M3,1 Hr,Valid
Hyderabad,PM2.5 - Principal,2017-08-20 07:00 AM,2017,08,20,07,14.4,56,Moderate,19.0,UG/M3,1 Hr,Valid
Hyderabad,PM2.5 - Principal,2017-08-20 08:00 AM,2017,08,20,08,15.2,58,Moderate,16.0,UG/M3,1 Hr,Valid
Hyderabad,PM2.5 - Principal,2017-08-20 09:00 AM,2017,08,20,09,19.1,66,Moderate,23.0,UG/M3,1 Hr,Valid
Hyderabad,PM2.5 - Principal,2017-08-20 10:00 AM,2017,08,20,10,18.0,63,Moderate,17.0,UG/M3,1 Hr,Valid
Hyderabad,PM2.5 - Principal,2017-08-20 11:00 AM,2017,08,20,11,19.0,66,Moderate,20.0,UG/M3,1 Hr,Valid
Hyderabad,PM2.5 - Principal,2017-08-20 12:00 PM,2017,08,20,12,21.5,71,Moderate,24.0,UG/M3,1 Hr,Valid
Hyderabad,PM2.5 - Principal,2017-08-20 01:00 PM,2017,08,20,13,18.7,65,Moderate,16.0,UG/M3,1 Hr,Valid
Hyderabad,PM2.5 - Principal,2017-08-20 02:00 PM,2017,08,20,14,17.8,63,Moderate,17.0,UG/M3,1 Hr,Valid
Hyderabad,PM2.5 - Principal,2017-08-20 03:00 PM,2017,08,20,15,14.4,56,Moderate,11.0,UG/M3,1 Hr,Valid
Hyderabad,PM2.5 - Principal,2017-08-20 04:00 PM,2017,08,20,16,16.2,60,Moderate,18.0,UG/M3,1 Hr,Valid
Hyderabad,PM2.5 - Principal,2017-08-20 05:00 PM,2017,08,20,17,17.6,63,Moderate,19.0,UG/M3,1 Hr,Valid
Hyderabad,PM2.5 - Principal,2017-08-20 06:00 PM,2017,08,20,18,16.3,60,Moderate,15.0,UG/M3,1 Hr,Valid
Hyderabad,PM2.5 - Principal,2017-08-20 07:00 PM,2017,08,20,19,20.6,69,Moderate,25.0,UG/M3,1 Hr,Valid
Hyderabad,PM2.5 - Principal,2017-08-20 08:00 PM,2017,08,20,20,23.3,75,Moderate,26.0,UG/M3,1 Hr,Valid
Hyderabad,PM2.5 - Principal,2017-08-20 09:00 PM,2017,08,20,21,22.6,73,Moderate,22.0,UG/M3,1 Hr,Valid
Hyderabad,PM2.5 - Principal,2017-08-20 10:00 PM,2017,08,20,22,20.8,69,Moderate,19.0,UG/M3,1 Hr,Valid
Hyderabad,PM2.5 - Principal,2017-08-20 11:00 PM,2017,08,20,23,19.9,67,Moderate,19.0,UG/M3,1 Hr,Valid
Hyderabad,PM2.5 - Principal,2017-08-21 12:00 AM,2017,08,21,00,19.9,67,Moderate,20.0,UG/M3,1 Hr,Valid
Hyderabad,PM2.5 - Principal,2017-08-21 01:00 AM,2017,08,21,01,15.9,59,Moderate,12.0,UG/M3,1 Hr,Valid
Hyderabad,PM2.5 - Principal,2017-08-21 02:00 AM,2017,08,21,02,16.4,60,Moderate,17.0,UG/M3,1 Hr,Valid
Hyderabad,PM2.5 - Principal,2017-08-21 03:00 AM,2017,08,21,03,15.7,59,Moderate,15.0,UG/M3,1 Hr,Valid
Hyderabad,PM2.5 - Principal,2017-08-21 04:00 AM,2017,08,21,04,16.3,60,Moderate,17.0,UG/M3,1 Hr,Valid
Hyderabad,PM2.5 - Principal,2017-08-21 05:00 AM,2017,08,21,05,15.6,58,Moderate,15.0,UG/M3,1 Hr,Valid
Hyderabad,PM2.5 - Principal,2017-08-21 06:00 AM,2017,08,21,06,17.3,62,Moderate,19.0,UG/M3,1 Hr,Valid
Hyderabad,PM2.5 - Principal,2017-08-21 07:00 AM,2017,08,21,07,18.6,65,Moderate,20.0,UG/M3,1 Hr,Valid
Hyderabad,PM2.5 - Principal,2017-08-21 08:00 AM,2017,08,21,08,20.6,69,Moderate,23.0,UG/M3,1 Hr,Valid
Hyderabad,PM2.5 - Principal,2017-08-21 09:00 AM,2017,08,21,09,23.4,75,Moderate,26.0,UG/M3,1 Hr,Valid
Hyderabad,PM2.5 - Principal,2017-08-21 10:00 AM,2017,08,21,10,24.7,77,Moderate,26.0,UG/M3,1 Hr,Valid
Hyderabad,PM2.5 - Principal,2017-08-21 11:00 AM,2017,08,21,11,24.8,78,Moderate,25.0,UG/M3,1 Hr,Valid
Hyderabad,PM2.5 - Principal,2017-08-21 12:00 PM,2017,08,21,12,27.9,84,Moderate,31.0,UG/M3,1 Hr,Valid
Hyderabad,PM2.5 - Principal,2017-08-21 01:00 PM,2017,08,21,13,26.4,81,Moderate,25.0,UG/M3,1 Hr,Valid
Hyderabad,PM2.5 - Principal,2017-08-21 02:00 PM,2017,08,21,14,22.7,73,Moderate,19.0,UG/M3,1 Hr,Valid
Hyderabad,PM2.5 - Principal,2017-08-21 03:00 PM,2017,08,21,15,24.8,78,Moderate,27.0,UG/M3,1 Hr,Valid
Hyderabad,PM2.5 - Principal,2017-08-21 04:00 PM,2017,08,21,16,25.4,79,Moderate,26.0,UG/M3,1 Hr,Valid
Hyderabad,PM2.5 - Principal,2017-08-21 05:00 PM,2017,08,21,17,24.0,76,Moderate,22.0,UG/M3,1 Hr,Valid
Hyderabad,PM2.5 - Principal,2017-08-21 06:00 PM,2017,08,21,18,25.1,78,Moderate,27.0,UG/M3,1 Hr,Valid
Hyderabad,PM2.5 - Principal,2017-08-21 07:00 PM,2017,08,21,19,31.0,91,Moderate,37.0,UG/M3,1 Hr,Valid
Hyderabad,PM2.5 - Principal,2017-08-21 08:00 PM,2017,08,21,20,36.5,103,Unhealthy for Sensitive Groups,42.0,UG/M3,1 Hr,Valid
Hyderabad,PM2.5 - Principal,2017-08-21 09:00 PM,2017,08,21,21,29.7,88,Moderate,23.0,UG/M3,1 Hr,Valid
Hyderabad,PM2.5 - Principal,2017-08-21 10:00 PM,2017,08,21,22,33.3,96,Moderate,37.0,UG/M3,1 Hr,Valid
Hyderabad,PM2.5 - Principal,2017-08-21 11:00 PM,2017,08,21,23,40.7,114,Unhealthy for Sensitive Groups,48.0,UG/M3,1 Hr,Valid
Hyderabad,PM2.5 - Principal,2017-08-22 12:00 AM,2017,08,22,00,48.8,134,Unhealthy for Sensitive Groups,57.0,UG/M3,1 Hr,Valid
Hyderabad,PM2.5 - Principal,2017-08-22 01:00 AM,2017,08,22,01,46.9,129,Unhealthy for Sensitive Groups,45.0,UG/M3,1 Hr,Valid
Hyderabad,PM2.5 - Principal,2017-08-22 02:00 AM,2017,08,22,02,54.4,148,Unhealthy for Sensitive Groups,62.0,UG/M3,1 Hr,Valid
Hyderabad,PM2.5 - Principal,2017-08-22 03:00 AM,2017,08,22,03,52.7,143,Unhealthy for Sensitive Groups,51.0,UG/M3,1 Hr,Valid
Hyderabad,PM2.5 - Principal,2017-08-22 04:00 AM,2017,08,22,04,39.3,110,Unhealthy for Sensitive Groups,26.0,UG/M3,1 Hr,Valid
Hyderabad,PM2.5 - Principal,2017-08-22 05:00 AM,2017,08,22,05,31.6,92,Moderate,24.0,UG/M3,1 Hr,Valid
Hyderabad,PM2.5 - Principal,2017-08-22 06:00 AM,2017,08,22,06,27.8,84,Moderate,24.0,UG/M3,1 Hr,Valid
Hyderabad,PM2.5 - Principal,2017-08-22 07:00 AM,2017,08,22,07,49.9,136,Unhealthy for Sensitive Groups,72.0,UG/M3,1 Hr,Valid
Hyderabad,PM2.5 - Principal,2017-08-22 08:00 AM,2017,08,22,08,38.4,108,Unhealthy for Sensitive Groups,27.0,UG/M3,1 Hr,Valid
Hyderabad,PM2.5 - Principal,2017-08-22 09:00 AM,2017,08,22,09,32.7,94,Moderate,27.0,UG/M3,1 Hr,Valid
Hyderabad,PM2.5 - Principal,2017-08-22 10:00 AM,2017,08,22,10,27.8,84,Moderate,23.0,UG/M3,1 Hr,Valid
Hyderabad,PM2.5 - Principal,2017-08-22 11:00 AM,2017,08,22,11,26.9,82,Moderate,26.0,UG/M3,1 Hr,Valid
Hyderabad,PM2.5 - Principal,2017-08-22 12:00 PM,2017,08,22,12,22.4,73,Moderate,18.0,UG/M3,1 Hr,Valid
Hyderabad,PM2.5 - Principal,2017-08-22 01:00 PM,2017,08,22,13,17.7,63,Moderate,13.0,UG/M3,1 Hr,Valid
Hyderabad,PM2.5 - Principal,2017-08-22 02:00 PM,2017,08,22,14,19.8,67,Moderate,22.0,UG/M3,1 Hr,Valid
Hyderabad,PM2.5 - Principal,2017-08-22 03:00 PM,2017,08,22,15,19.9,67,Moderate,20.0,UG/M3,1 Hr,Valid
Hyderabad,PM2.5 - Principal,2017-08-22 04:00 PM,2017,08,22,16,12.9,53,Moderate,6.0,UG/M3,1 Hr,Valid
Hyderabad,PM2.5 - Principal,2017-08-22 05:00 PM,2017,08,22,17,12.9,53,Moderate,13.0,UG/M3,1 Hr,Valid
Hyderabad,PM2.5 - Principal,2017-08-22 06:00 PM,2017,08,22,18,13.4,54,Moderate,14.0,UG/M3,1 Hr,Valid
Hyderabad,PM2.5 - Principal,2017-08-22 07:00 PM,2017,08,22,19,21.7,71,Moderate,30.0,UG/M3,1 Hr,Valid
Hyderabad,PM2.5 - Principal,2017-08-22 08:00 PM,2017,08,22,20,33.8,97,Moderate,46.0,UG/M3,1 Hr,Valid
Hyderabad,PM2.5 - Principal,2017-08-22 09:00 PM,2017,08,22,21,39.4,111,Unhealthy for Sensitive Groups,45.0,UG/M3,1 Hr,Valid
Hyderabad,PM2.5 - Principal,2017-08-22 10:00 PM,2017,08,22,22,34.2,97,Moderate,29.0,UG/M3,1 Hr,Valid
Hyderabad,PM2.5 - Principal,2017-08-22 11:00 PM,2017,08,22,23,24.1,76,Moderate,14.0,UG/M3,1 Hr,Valid
Hyderabad,PM2.5 - Principal,2017-08-23 12:00 AM,2017,08,23,00,33.0,95,Moderate,42.0,UG/M3,1 Hr,Valid
Hyderabad,PM2.5 - Principal,2017-08-23 01:00 AM,2017,08,23,01,32.5,94,Moderate,32.0,UG/M3,1 Hr,Valid
Hyderabad,PM2.5 - Principal,2017-08-23 02:00 AM,2017,08,23,02,39.7,111,Unhealthy for Sensitive Groups,47.0,UG/M3,1 Hr,Valid
Hyderabad,PM2.5 - Principal,2017-08-23 03:00 AM,2017,08,23,03,30.3,89,Moderate,21.0,UG/M3,1 Hr,Valid
Hyderabad,PM2.5 - Principal,2017-08-23 04:00 AM,2017,08,23,04,32.1,93,Moderate,34.0,UG/M3,1 Hr,Valid
Hyderabad,PM2.5 - Principal,2017-08-23 05:00 AM,2017,08,23,05,37.6,106,Unhealthy for Sensitive Groups,43.0,UG/M3,1 Hr,Valid
Hyderabad,PM2.5 - Principal,2017-08-23 06:00 AM,2017,08,23,06,32.8,95,Moderate,28.0,UG/M3,1 Hr,Valid
Hyderabad,PM2.5 - Principal,2017-08-23 07:00 AM,2017,08,23,07,37.9,107,Unhealthy for Sensitive Groups,43.0,UG/M3,1 Hr,Valid
Hyderabad,PM2.5 - Principal,2017-08-23 08:00 AM,2017,08,23,08,44.9,124,Unhealthy for Sensitive Groups,52.0,UG/M3,1 Hr,Valid
Hyderabad,PM2.5 - Principal,2017-08-23 09:00 AM,2017,08,23,09,33.4,96,Moderate,22.0,UG/M3,1 Hr,Valid
Hyderabad,PM2.5 - Principal,2017-08-23 10:00 AM,2017,08,23,10,28.2,85,Moderate,23.0,UG/M3,1 Hr,Valid
Hyderabad,PM2.5 - Principal,2017-08-23 11:00 AM,2017,08,23,11,32.1,93,Moderate,36.0,UG/M3,1 Hr,Valid
Hyderabad,PM2.5 - Principal,2017-08-23 12:00 PM,2017,08,23,12,31.0,91,Moderate,30.0,UG/M3,1 Hr,Valid
Hyderabad,PM2.5 - Principal,2017-08-23 01:00 PM,2017,08,23,13,29.0,87,Moderate,27.0,UG/M3,1 Hr,Valid
Hyderabad,PM2.5 - Principal,2017-08-23 02:00 PM,2017,08,23,14,27.5,83,Moderate,26.0,UG/M3,1 Hr,Valid
Hyderabad,PM2.5 - Principal,2017-08-23 03:00 PM,2017,08,23,15,24.7,77,Moderate,22.0,UG/M3,1 Hr,Valid
Hyderabad,PM2.5 - Principal,2017-08-23 04:00 PM,2017,08,23,16,24.8,78,Moderate,25.0,UG/M3,1 Hr,Valid
Hyderabad,PM2.5 - Principal,2017-08-23 05:00 PM,2017,08,23,17,25.9,80,Moderate,27.0,UG/M3,1 Hr,Valid
Hyderabad,PM2.5 - Principal,2017-08-23 06:00 PM,2017,08,23,18,24.4,77,Moderate,23.0,UG/M3,1 Hr,Valid
Hyderabad,PM2.5 - Principal,2017-08-23 07:00 PM,2017,08,23,19,30.2,89,Moderate,36.0,UG/M3,1 Hr,Valid
Hyderabad,PM2.5 - Principal,2017-08-23 08:00 PM,2017,08,23,20,35.7,101,Unhealthy for Sensitive Groups,42.0,UG/M3,1 Hr,Valid
Hyderabad,PM2.5 - Principal,2017-08-23 09:00 PM,2017,08,23,21,40.0,112,Unhealthy for Sensitive Groups,44.0,UG/M3,1 Hr,Valid
Hyderabad,PM2.5 - Principal,2017-08-23 10:00 PM,2017,08,23,22,49.0,134,Unhealthy for Sensitive Groups,58.0,UG/M3,1 Hr,Valid
Hyderabad,PM2.5 - Principal,2017-08-23 11:00 PM,2017,08,23,23,49.5,135,Unhealthy for Sensitive Groups,50.0,UG/M3,1 Hr,Valid
Hyderabad,PM2.5 - Principal,2017-08-24 12:00 AM,2017,08,24,00,44.2,122,Unhealthy for Sensitive Groups,39.0,UG/M3,1 Hr,Valid
Hyderabad,PM2.5 - Principal,2017-08-24 01:00 AM,2017,08,24,01,41.1,115,Unhealthy for Sensitive Groups,38.0,UG/M3,1 Hr,Valid
Hyderabad,PM2.5 - Principal,2017-08-24 02:00 AM,2017,08,24,02,40.0,112,Unhealthy for Sensitive Groups,39.0,UG/M3,1 Hr,Valid
Hyderabad,PM2.5 - Principal,2017-08-24 03:00 AM,2017,08,24,03,38.5,108,Unhealthy for Sensitive Groups,37.0,UG/M3,1 Hr,Valid
Hyderabad,PM2.5 - Principal,2017-08-24 04:00 AM,2017,08,24,04,35.7,101,Unhealthy for Sensitive Groups,33.0,UG/M3,1 Hr,Valid
Hyderabad,PM2.5 - Principal,2017-08-24 05:00 AM,2017,08,24,05,33.8,97,Moderate,32.0,UG/M3,1 Hr,Valid
Hyderabad,PM2.5 - Principal,2017-08-24 06:00 AM,2017,08,24,06,30.4,89,Moderate,27.0,UG/M3,1 Hr,Valid
Hyderabad,PM2.5 - Principal,2017-08-24 07:00 AM,2017,08,24,07,29.7,88,Moderate,29.0,UG/M3,1 Hr,Valid
Hyderabad,PM2.5 - Principal,2017-08-24 08:00 AM,2017,08,24,08,30.3,89,Moderate,31.0,UG/M3,1 Hr,Valid
Hyderabad,PM2.5 - Principal,2017-08-24 09:00 AM,2017,08,24,09,32.1,93,Moderate,34.0,UG/M3,1 Hr,Valid
Hyderabad,PM2.5 - Principal,2017-08-24 10:00 AM,2017,08,24,10,32.0,93,Moderate,-999.0,UG/M3,1 Hr,Missing
Hyderabad,PM2.5 - Principal,2017-08-24 11:00 AM,2017,08,24,11,32.0,93,Moderate,32.0,UG/M3,1 Hr,Valid
Hyderabad,PM2.5 - Principal,2017-08-24 12:00 PM,2017,08,24,12,33.0,95,Moderate,35.0,UG/M3,1 Hr,Valid
Hyderabad,PM2.5 - Principal,2017-08-24 01:00 PM,2017,08,24,13,34.7,99,Moderate,38.0,UG/M3,1 Hr,Valid
Hyderabad,PM2.5 - Principal,2017-08-24 02:00 PM,2017,08,24,14,36.1,102,Unhealthy for Sensitive Groups,39.0,UG/M3,1 Hr,Valid
Hyderabad,PM2.5 - Principal,2017-08-24 03:00 PM,2017,08,24,15,36.1,102,Unhealthy for Sensitive Groups,-999.0,UG/M3,1 Hr,Missing
Hyderabad,PM2.5 - Principal,2017-08-24 04:00 PM,2017,08,24,16,33.2,95,Moderate,29.0,UG/M3,1 Hr,Valid
Hyderabad,PM2.5 - Principal,2017-08-24 05:00 PM,2017,08,24,17,34.6,98,Moderate,37.0,UG/M3,1 Hr,Valid
Hyderabad,PM2.5 - Principal,2017-08-24 06:00 PM,2017,08,24,18,41.1,115,Unhealthy for Sensitive Groups,49.0,UG/M3,1 Hr,Valid
Hyderabad,PM2.5 - Principal,2017-08-24 07:00 PM,2017,08,24,19,42.8,119,Unhealthy for Sensitive Groups,45.0,UG/M3,1 Hr,Valid
Hyderabad,PM2.5 - Principal,2017-08-24 08:00 PM,2017,08,24,20,47.1,130,Unhealthy for Sensitive Groups,52.0,UG/M3,1 Hr,Valid
Hyderabad,PM2.5 - Principal,2017-08-24 09:00 PM,2017,08,24,21,54.0,147,Unhealthy for Sensitive Groups,60.0,UG/M3,1 Hr,Valid
Hyderabad,PM2.5 - Principal,2017-08-24 10:00 PM,2017,08,24,22,48.9,134,Unhealthy for Sensitive Groups,44.0,UG/M3,1 Hr,Valid
Hyderabad,PM2.5 - Principal,2017-08-24 11:00 PM,2017,08,24,23,58.0,152,Unhealthy,67.0,UG/M3,1 Hr,Valid
Hyderabad,PM2.5 - Principal,2017-08-25 12:00 AM,2017,08,25,00,55.5,151,Unhealthy,53.0,UG/M3,1 Hr,Valid
Hyderabad,PM2.5 - Principal,2017-08-25 01:00 AM,2017,08,25,01,44.7,124,Unhealthy for Sensitive Groups,34.0,UG/M3,1 Hr,Valid
Hyderabad,PM2.5 - Principal,2017-08-25 02:00 AM,2017,08,25,02,27.8,84,Moderate,11.0,UG/M3,1 Hr,Valid
Hyderabad,PM2.5 - Principal,2017-08-25 03:00 AM,2017,08,25,03,26.4,81,Moderate,25.0,UG/M3,1 Hr,Valid
Hyderabad,PM2.5 - Principal,2017-08-25 04:00 AM,2017,08,25,04,24.2,76,Moderate,22.0,UG/M3,1 Hr,Valid
Hyderabad,PM2.5 - Principal,2017-08-25 05:00 AM,2017,08,25,05,25.6,79,Moderate,27.0,UG/M3,1 Hr,Valid
Hyderabad,PM2.5 - Principal,2017-08-25 06:00 AM,2017,08,25,06,24.8,78,Moderate,24.0,UG/M3,1 Hr,Valid
Hyderabad,PM2.5 - Principal,2017-08-25 07:00 AM,2017,08,25,07,25.8,80,Moderate,27.0,UG/M3,1 Hr,Valid
Hyderabad,PM2.5 - Principal,2017-08-25 08:00 AM,2017,08,25,08,27.9,84,Moderate,30.0,UG/M3,1 Hr,Valid
Hyderabad,PM2.5 - Principal,2017-08-25 09:00 AM,2017,08,25,09,25.9,80,Moderate,24.0,UG/M3,1 Hr,Valid
Hyderabad,PM2.5 - Principal,2017-08-25 10:00 AM,2017,08,25,10,28.9,86,Moderate,32.0,UG/M3,1 Hr,Valid
Hyderabad,PM2.5 - Principal,2017-08-25 11:00 AM,2017,08,25,11,30.4,89,Moderate,32.0,UG/M3,1 Hr,Valid
Hyderabad,PM2.5 - Principal,2017-08-25 12:00 PM,2017,08,25,12,30.7,90,Moderate,31.0,UG/M3,1 Hr,Valid
Hyderabad,PM2.5 - Principal,2017-08-25 01:00 PM,2017,08,25,13,31.8,92,Moderate,33.0,UG/M3,1 Hr,Valid
Hyderabad,PM2.5 - Principal,2017-08-25 02:00 PM,2017,08,25,14,32.1,93,Moderate,34.0,UG/M3,1 Hr,Valid
Hyderabad,PM2.5 - Principal,2017-08-25 03:00 PM,2017,08,25,15,32.4,94,Moderate,33.0,UG/M3,1 Hr,Valid
Hyderabad,PM2.5 - Principal,2017-08-25 04:00 PM,2017,08,25,16,37.9,107,Unhealthy for Sensitive Groups,44.0,UG/M3,1 Hr,Valid
Hyderabad,PM2.5 - Principal,2017-08-25 05:00 PM,2017,08,25,17,40.6,114,Unhealthy for Sensitive Groups,44.0,UG/M3,1 Hr,Valid
Hyderabad,PM2.5 - Principal,2017-08-25 06:00 PM,2017,08,25,18,37.6,106,Unhealthy for Sensitive Groups,34.0,UG/M3,1 Hr,Valid
Hyderabad,PM2.5 - Principal,2017-08-25 07:00 PM,2017,08,25,19,37.3,105,Unhealthy for Sensitive Groups,37.0,UG/M3,1 Hr,Valid
Hyderabad,PM2.5 - Principal,2017-08-25 08:00 PM,2017,08,25,20,38.1,107,Unhealthy for Sensitive Groups,39.0,UG/M3,1 Hr,Valid
Hyderabad,PM2.5 - Principal,2017-08-25 09:00 PM,2017,08,25,21,37.8,107,Unhealthy for Sensitive Groups,38.0,UG/M3,1 Hr,Valid
Hyderabad,PM2.5 - Principal,2017-08-25 10:00 PM,2017,08,25,22,26.0,80,Moderate,14.0,UG/M3,1 Hr,Valid
Hyderabad,PM2.5 - Principal,2017-08-25 11:00 PM,2017,08,25,23,18.0,63,Moderate,10.0,UG/M3,1 Hr,Valid
Hyderabad,PM2.5 - Principal,2017-08-26 12:00 AM,2017,08,26,00,14.5,56,Moderate,11.0,UG/M3,1 Hr,Valid
Hyderabad,PM2.5 - Principal,2017-08-26 01:00 AM,2017,08,26,01,11.2,47,Good,8.0,UG/M3,1 Hr,Valid
Hyderabad,PM2.5 - Principal,2017-08-26 02:00 AM,2017,08,26,02,10.6,44,Good,10.0,UG/M3,1 Hr,Valid
Hyderabad,PM2.5 - Principal,2017-08-26 03:00 AM,2017,08,26,03,8.8,37,Good,7.0,UG/M3,1 Hr,Valid
Hyderabad,PM2.5 - Principal,2017-08-26 04:00 AM,2017,08,26,04,8.8,37,Good,9.0,UG/M3,1 Hr,Valid
Hyderabad,PM2.5 - Principal,2017-08-26 05:00 AM,2017,08,26,05,8.9,37,Good,9.0,UG/M3,1 Hr,Valid
Hyderabad,PM2.5 - Principal,2017-08-26 06:00 AM,2017,08,26,06,7.4,31,Good,6.0,UG/M3,1 Hr,Valid
Hyderabad,PM2.5 - Principal,2017-08-26 07:00 AM,2017,08,26,07,13.2,53,Moderate,19.0,UG/M3,1 Hr,Valid
Hyderabad,PM2.5 - Principal,2017-08-26 08:00 AM,2017,08,26,08,17.1,62,Moderate,21.0,UG/M3,1 Hr,Valid
Hyderabad,PM2.5 - Principal,2017-08-26 09:00 AM,2017,08,26,09,20.0,68,Moderate,23.0,UG/M3,1 Hr,Valid
Hyderabad,PM2.5 - Principal,2017-08-26 10:00 AM,2017,08,26,10,21.5,71,Moderate,23.0,UG/M3,1 Hr,Valid
Hyderabad,PM2.5 - Principal,2017-08-26 11:00 AM,2017,08,26,11,19.2,66,Moderate,17.0,UG/M3,1 Hr,Valid
Hyderabad,PM2.5 - Principal,2017-08-26 12:00 PM,2017,08,26,12,23.1,74,Moderate,27.0,UG/M3,1 Hr,Valid
Hyderabad,PM2.5 - Principal,2017-08-26 01:00 PM,2017,08,26,13,28.5,85,Moderate,34.0,UG/M3,1 Hr,Valid
Hyderabad,PM2.5 - Principal,2017-08-26 02:00 PM,2017,08,26,14,28.7,86,Moderate,29.0,UG/M3,1 Hr,Valid
Hyderabad,PM2.5 - Principal,2017-08-26 03:00 PM,2017,08,26,15,32.3,93,Moderate,36.0,UG/M3,1 Hr,Valid
Hyderabad,PM2.5 - Principal,2017-08-26 04:00 PM,2017,08,26,16,26.2,81,Moderate,20.0,UG/M3,1 Hr,Valid
Hyderabad,PM2.5 - Principal,2017-08-26 05:00 PM,2017,08,26,17,30.1,89,Moderate,34.0,UG/M3,1 Hr,Valid
Hyderabad,PM2.5 - Principal,2017-08-26 06:00 PM,2017,08,26,18,33.0,95,Moderate,36.0,UG/M3,1 Hr,Valid
Hyderabad,PM2.5 - Principal,2017-08-26 07:00 PM,2017,08,26,19,31.5,92,Moderate,30.0,UG/M3,1 Hr,Valid
Hyderabad,PM2.5 - Principal,2017-08-26 08:00 PM,2017,08,26,20,34.2,97,Moderate,37.0,UG/M3,1 Hr,Valid
Hyderabad,PM2.5 - Principal,2017-08-26 09:00 PM,2017,08,26,21,51.1,139,Unhealthy for Sensitive Groups,68.0,UG/M3,1 Hr,Valid
Hyderabad,PM2.5 - Principal,2017-08-26 10:00 PM,2017,08,26,22,51.1,139,Unhealthy for Sensitive Groups,-999.0,UG/M3,1 Hr,Missing
Hyderabad,PM2.5 - Principal,2017-08-26 11:00 PM,2017,08,26,23,35.7,101,Unhealthy for Sensitive Groups,28.0,UG/M3,1 Hr,Valid
Hyderabad,PM2.5 - Principal,2017-08-27 12:00 AM,2017,08,27,00,24.4,77,Moderate,16.0,UG/M3,1 Hr,Valid
Hyderabad,PM2.5 - Principal,2017-08-27 01:00 AM,2017,08,27,01,15.6,58,Moderate,8.0,UG/M3,1 Hr,Valid
Hyderabad,PM2.5 - Principal,2017-08-27 02:00 AM,2017,08,27,02,15.8,59,Moderate,16.0,UG/M3,1 Hr,Valid
Hyderabad,PM2.5 - Principal,2017-08-27 03:00 AM,2017,08,27,03,47.4,130,Unhealthy for Sensitive Groups,78.0,UG/M3,1 Hr,Valid
Hyderabad,PM2.5 - Principal,2017-08-27 04:00 AM,2017,08,27,04,32.5,94,Moderate,18.0,UG/M3,1 Hr,Valid
Hyderabad,PM2.5 - Principal,2017-08-27 05:00 AM,2017,08,27,05,23.2,74,Moderate,14.0,UG/M3,1 Hr,Valid
Hyderabad,PM2.5 - Principal,2017-08-27 06:00 AM,2017,08,27,06,21.6,71,Moderate,20.0,UG/M3,1 Hr,Valid
Hyderabad,PM2.5 - Principal,2017-08-27 07:00 AM,2017,08,27,07,18.8,65,Moderate,16.0,UG/M3,1 Hr,Valid
Hyderabad,PM2.5 - Principal,2017-08-27 08:00 AM,2017,08,27,08,16.3,60,Moderate,14.0,UG/M3,1 Hr,Valid
Hyderabad,PM2.5 - Principal,2017-08-27 09:00 AM,2017,08,27,09,16.6,60,Moderate,17.0,UG/M3,1 Hr,Valid
Hyderabad,PM2.5 - Principal,2017-08-27 10:00 AM,2017,08,27,10,19.8,67,Moderate,23.0,UG/M3,1 Hr,Valid
Hyderabad,PM2.5 - Principal,2017-08-27 11:00 AM,2017,08,27,11,22.9,74,Moderate,26.0,UG/M3,1 Hr,Valid
Hyderabad,PM2.5 - Principal,2017-08-27 12:00 PM,2017,08,27,12,23.4,75,Moderate,24.0,UG/M3,1 Hr,Valid
Hyderabad,PM2.5 - Principal,2017-08-27 01:00 PM,2017,08,27,13,25.7,80,Moderate,28.0,UG/M3,1 Hr,Valid
Hyderabad,PM2.5 - Principal,2017-08-27 02:00 PM,2017,08,27,14,25.3,79,Moderate,25.0,UG/M3,1 Hr,Valid
Hyderabad,PM2.5 - Principal,2017-08-27 03:00 PM,2017,08,27,15,26.1,80,Moderate,27.0,UG/M3,1 Hr,Valid
Hyderabad,PM2.5 - Principal,2017-08-27 04:00 PM,2017,08,27,16,24.0,76,Moderate,22.0,UG/M3,1 Hr,Valid
Hyderabad,PM2.5 - Principal,2017-08-27 05:00 PM,2017,08,27,17,20.0,68,Moderate,16.0,UG/M3,1 Hr,Valid
Hyderabad,PM2.5 - Principal,2017-08-27 06:00 PM,2017,08,27,18,21.0,70,Moderate,22.0,UG/M3,1 Hr,Valid
Hyderabad,PM2.5 - Principal,2017-08-27 07:00 PM,2017,08,27,19,28.0,84,Moderate,35.0,UG/M3,1 Hr,Valid
Hyderabad,PM2.5 - Principal,2017-08-27 08:00 PM,2017,08,27,20,35.0,99,Moderate,42.0,UG/M3,1 Hr,Valid
Hyderabad,PM2.5 - Principal,2017-08-27 09:00 PM,2017,08,27,21,60.0,153,Unhealthy,85.0,UG/M3,1 Hr,Valid
Hyderabad,PM2.5 - Principal,2017-08-27 10:00 PM,2017,08,27,22,33.5,96,Moderate,7.0,UG/M3,1 Hr,Valid
Hyderabad,PM2.5 - Principal,2017-08-27 11:00 PM,2017,08,27,23,19.7,67,Moderate,6.0,UG/M3,1 Hr,Valid
Hyderabad,PM2.5 - Principal,2017-08-28 12:00 AM,2017,08,28,00,16.3,60,Moderate,13.0,UG/M3,1 Hr,Valid
Hyderabad,PM2.5 - Principal,2017-08-28 01:00 AM,2017,08,28,01,11.6,48,Good,7.0,UG/M3,1 Hr,Valid
Hyderabad,PM2.5 - Principal,2017-08-28 02:00 AM,2017,08,28,02,8.3,35,Good,5.0,UG/M3,1 Hr,Valid
Hyderabad,PM2.5 - Principal,2017-08-28 03:00 AM,2017,08,28,03,9.6,40,Good,11.0,UG/M3,1 Hr,Valid
Hyderabad,PM2.5 - Principal,2017-08-28 04:00 AM,2017,08,28,04,8.8,37,Good,8.0,UG/M3,1 Hr,Valid
Hyderabad,PM2.5 - Principal,2017-08-28 05:00 AM,2017,08,28,05,7.9,33,Good,7.0,UG/M3,1 Hr,Valid
Hyderabad,PM2.5 - Principal,2017-08-28 06:00 AM,2017,08,28,06,9.9,41,Good,12.0,UG/M3,1 Hr,Valid
Hyderabad,PM2.5 - Principal,2017-08-28 07:00 AM,2017,08,28,07,17.4,62,Moderate,25.0,UG/M3,1 Hr,Valid
Hyderabad,PM2.5 - Principal,2017-08-28 08:00 AM,2017,08,28,08,15.2,58,Moderate,13.0,UG/M3,1 Hr,Valid
Hyderabad,PM2.5 - Principal,2017-08-28 09:00 AM,2017,08,28,09,15.2,58,Moderate,-999.0,UG/M3,1 Hr,Missing
Hyderabad,PM2.5 - Principal,2017-08-28 10:00 AM,2017,08,28,10,21.7,71,Moderate,25.0,UG/M3,1 Hr,Valid
Hyderabad,PM2.5 - Principal,2017-08-28 11:00 AM,2017,08,28,11,21.8,71,Moderate,22.0,UG/M3,1 Hr,Valid
Hyderabad,PM2.5 - Principal,2017-08-28 12:00 PM,2017,08,28,12,23.5,75,Moderate,25.0,UG/M3,1 Hr,Valid
Hyderabad,PM2.5 - Principal,2017-08-28 01:00 PM,2017,08,28,13,18.1,64,Moderate,13.0,UG/M3,1 Hr,Valid
Hyderabad,PM2.5 - Principal,2017-08-28 02:00 PM,2017,08,28,14,22.6,73,Moderate,27.0,UG/M3,1 Hr,Valid
Hyderabad,PM2.5 - Principal,2017-08-28 03:00 PM,2017,08,28,15,21.3,70,Moderate,20.0,UG/M3,1 Hr,Valid
Hyderabad,PM2.5 - Principal,2017-08-28 04:00 PM,2017,08,28,16,21.1,70,Moderate,21.0,UG/M3,1 Hr,Valid
Hyderabad,PM2.5 - Principal,2017-08-28 05:00 PM,2017,08,28,17,18.0,63,Moderate,15.0,UG/M3,1 Hr,Valid
Hyderabad,PM2.5 - Principal,2017-08-28 06:00 PM,2017,08,28,18,18.0,63,Moderate,18.0,UG/M3,1 Hr,Valid
Hyderabad,PM2.5 - Principal,2017-08-28 07:00 PM,2017,08,28,19,20.5,69,Moderate,23.0,UG/M3,1 Hr,Valid
Hyderabad,PM2.5 - Principal,2017-08-28 08:00 PM,2017,08,28,20,20.7,69,Moderate,21.0,UG/M3,1 Hr,Valid
Hyderabad,PM2.5 - Principal,2017-08-28 09:00 PM,2017,08,28,21,15.8,59,Moderate,11.0,UG/M3,1 Hr,Valid
Hyderabad,PM2.5 - Principal,2017-08-28 10:00 PM,2017,08,28,22,15.4,58,Moderate,15.0,UG/M3,1 Hr,Valid
Hyderabad,PM2.5 - Principal,2017-08-28 11:00 PM,2017,08,28,23,15.4,58,Moderate,-999.0,UG/M3,1 Hr,Missing
Hyderabad,PM2.5 - Principal,2017-08-29 12:00 AM,2017,08,29,00,9.1,38,Good,6.0,UG/M3,1 Hr,Valid
Hyderabad,PM2.5 - Principal,2017-08-29 01:00 AM,2017,08,29,01,9.0,38,Good,9.0,UG/M3,1 Hr,Valid
Hyderabad,PM2.5 - Principal,2017-08-29 02:00 AM,2017,08,29,02,10.0,42,Good,11.0,UG/M3,1 Hr,Valid
Hyderabad,PM2.5 - Principal,2017-08-29 03:00 AM,2017,08,29,03,10.5,44,Good,11.0,UG/M3,1 Hr,Valid
Hyderabad,PM2.5 - Principal,2017-08-29 04:00 AM,2017,08,29,04,13.3,54,Moderate,16.0,UG/M3,1 Hr,Valid
Hyderabad,PM2.5 - Principal,2017-08-29 05:00 AM,2017,08,29,05,14.6,56,Moderate,16.0,UG/M3,1 Hr,Valid
Hyderabad,PM2.5 - Principal,2017-08-29 06:00 AM,2017,08,29,06,12.8,52,Moderate,11.0,UG/M3,1 Hr,Valid
Hyderabad,PM2.5 - Principal,2017-08-29 07:00 AM,2017,08,29,07,15.9,59,Moderate,19.0,UG/M3,1 Hr,Valid
Hyderabad,PM2.5 - Principal,2017-08-29 08:00 AM,2017,08,29,08,15.9,59,Moderate,14.0,UG/M3,1 Hr,Invalid
Hyderabad,PM2.5 - Principal,2017-08-29 09:00 AM,2017,08,29,09,-999.0,-999,N/A,14.0,UG/M3,1 Hr,Invalid
Hyderabad,PM2.5 - Principal,2017-08-29 10:00 AM,2017,08,29,10,-999.0,-999,N/A,14.0,UG/M3,1 Hr,Invalid
Hyderabad,PM2.5 - Principal,2017-08-29 11:00 AM,2017,08,29,11,-999.0,-999,N/A,14.0,UG/M3,1 Hr,Invalid
Hyderabad,PM2.5 - Principal,2017-08-29 12:00 PM,2017,08,29,12,-999.0,-999,N/A,19.0,UG/M3,1 Hr,Valid
Hyderabad,PM2.5 - Principal,2017-08-29 01:00 PM,2017,08,29,13,18.8,65,Moderate,19.0,UG/M3,1 Hr,Valid
Hyderabad,PM2.5 - Principal,2017-08-29 02:00 PM,2017,08,29,14,17.3,62,Moderate,16.0,UG/M3,1 Hr,Valid
Hyderabad,PM2.5 - Principal,2017-08-29 03:00 PM,2017,08,29,15,18.1,64,Moderate,19.0,UG/M3,1 Hr,Valid
Hyderabad,PM2.5 - Principal,2017-08-29 04:00 PM,2017,08,29,16,15.3,58,Moderate,12.0,UG/M3,1 Hr,Valid
Hyderabad,PM2.5 - Principal,2017-08-29 05:00 PM,2017,08,29,17,17.9,63,Moderate,21.0,UG/M3,1 Hr,Valid
Hyderabad,PM2.5 - Principal,2017-08-29 06:00 PM,2017,08,29,18,18.7,65,Moderate,20.0,UG/M3,1 Hr,Valid
Hyderabad,PM2.5 - Principal,2017-08-29 07:00 PM,2017,08,29,19,16.7,61,Moderate,14.0,UG/M3,1 Hr,Valid
Hyderabad,PM2.5 - Principal,2017-08-29 08:00 PM,2017,08,29,20,15.9,59,Moderate,15.0,UG/M3,1 Hr,Valid
Hyderabad,PM2.5 - Principal,2017-08-29 09:00 PM,2017,08,29,21,17.2,62,Moderate,19.0,UG/M3,1 Hr,Valid
Hyderabad,PM2.5 - Principal,2017-08-29 10:00 PM,2017,08,29,22,18.8,65,Moderate,21.0,UG/M3,1 Hr,Valid
Hyderabad,PM2.5 - Principal,2017-08-29 11:00 PM,2017,08,29,23,20.3,68,Moderate,22.0,UG/M3,1 Hr,Valid
Hyderabad,PM2.5 - Principal,2017-08-30 12:00 AM,2017,08,30,00,24.7,77,Moderate,29.0,UG/M3,1 Hr,Valid
Hyderabad,PM2.5 - Principal,2017-08-30 01:00 AM,2017,08,30,01,26.4,81,Moderate,28.0,UG/M3,1 Hr,Valid
Hyderabad,PM2.5 - Principal,2017-08-30 02:00 AM,2017,08,30,02,25.2,79,Moderate,24.0,UG/M3,1 Hr,Valid
Hyderabad,PM2.5 - Principal,2017-08-30 03:00 AM,2017,08,30,03,24.1,76,Moderate,23.0,UG/M3,1 Hr,Valid
Hyderabad,PM2.5 - Principal,2017-08-30 04:00 AM,2017,08,30,04,25.0,78,Moderate,26.0,UG/M3,1 Hr,Valid
Hyderabad,PM2.5 - Principal,2017-08-30 05:00 AM,2017,08,30,05,25.5,79,Moderate,26.0,UG/M3,1 Hr,Valid
Hyderabad,PM2.5 - Principal,2017-08-30 06:00 AM,2017,08,30,06,21.7,71,Moderate,18.0,UG/M3,1 Hr,Valid
Hyderabad,PM2.5 - Principal,2017-08-30 07:00 AM,2017,08,30,07,22.4,73,Moderate,23.0,UG/M3,1 Hr,Valid
Hyderabad,PM2.5 - Principal,2017-08-30 08:00 AM,2017,08,30,08,21.3,70,Moderate,19.0,UG/M3,1 Hr,Valid
Hyderabad,PM2.5 - Principal,2017-08-30 09:00 AM,2017,08,30,09,21.5,71,Moderate,22.0,UG/M3,1 Hr,Valid
Hyderabad,PM2.5 - Principal,2017-08-30 10:00 AM,2017,08,30,10,23.2,74,Moderate,26.0,UG/M3,1 Hr,Valid
Hyderabad,PM2.5 - Principal,2017-08-30 11:00 AM,2017,08,30,11,22.7,73,Moderate,22.0,UG/M3,1 Hr,Valid
Hyderabad,PM2.5 - Principal,2017-08-30 12:00 PM,2017,08,30,12,23.5,75,Moderate,25.0,UG/M3,1 Hr,Valid
Hyderabad,PM2.5 - Principal,2017-08-30 01:00 PM,2017,08,30,13,23.9,76,Moderate,25.0,UG/M3,1 Hr,Valid
Hyderabad,PM2.5 - Principal,2017-08-30 02:00 PM,2017,08,30,14,24.2,76,Moderate,25.0,UG/M3,1 Hr,Valid
Hyderabad,PM2.5 - Principal,2017-08-30 03:00 PM,2017,08,30,15,25.2,79,Moderate,27.0,UG/M3,1 Hr,Valid
Hyderabad,PM2.5 - Principal,2017-08-30 04:00 PM,2017,08,30,16,25.8,80,Moderate,27.0,UG/M3,1 Hr,Valid
Hyderabad,PM2.5 - Principal,2017-08-30 05:00 PM,2017,08,30,17,25.2,79,Moderate,24.0,UG/M3,1 Hr,Valid
Hyderabad,PM2.5 - Principal,2017-08-30 06:00 PM,2017,08,30,18,25.1,78,Moderate,-999.0,UG/M3,1 Hr,Missing
Hyderabad,PM2.5 - Principal,2017-08-30 07:00 PM,2017,08,30,19,27.5,83,Moderate,30.0,UG/M3,1 Hr,Valid
Hyderabad,PM2.5 - Principal,2017-08-30 08:00 PM,2017,08,30,20,36.5,103,Unhealthy for Sensitive Groups,43.0,UG/M3,1 Hr,Valid
Hyderabad,PM2.5 - Principal,2017-08-30 09:00 PM,2017,08,30,21,44.3,123,Unhealthy for Sensitive Groups,51.0,UG/M3,1 Hr,Valid
Hyderabad,PM2.5 - Principal,2017-08-30 10:00 PM,2017,08,30,22,57.0,152,Unhealthy,69.0,UG/M3,1 Hr,Valid
Hyderabad,PM2.5 - Principal,2017-08-30 11:00 PM,2017,08,30,23,66.1,156,Unhealthy,75.0,UG/M3,1 Hr,Valid
Hyderabad,PM2.5 - Principal,2017-08-31 12:00 AM,2017,08,31,00,56.5,152,Unhealthy,47.0,UG/M3,1 Hr,Valid
Hyderabad,PM2.5 - Principal,2017-08-31 01:00 AM,2017,08,31,01,45.7,126,Unhealthy for Sensitive Groups,35.0,UG/M3,1 Hr,Valid
Hyderabad,PM2.5 - Principal,2017-08-31 02:00 AM,2017,08,31,02,40.8,114,Unhealthy for Sensitive Groups,36.0,UG/M3,1 Hr,Valid
Hyderabad,PM2.5 - Principal,2017-08-31 03:00 AM,2017,08,31,03,39.9,112,Unhealthy for Sensitive Groups,39.0,UG/M3,1 Hr,Valid
Hyderabad,PM2.5 - Principal,2017-08-31 04:00 AM,2017,08,31,04,32.4,94,Moderate,25.0,UG/M3,1 Hr,Valid
Hyderabad,PM2.5 - Principal,2017-08-31 05:00 AM,2017,08,31,05,27.2,83,Moderate,22.0,UG/M3,1 Hr,Valid
Hyderabad,PM2.5 - Principal,2017-08-31 06:00 AM,2017,08,31,06,24.1,76,Moderate,21.0,UG/M3,1 Hr,Valid
Hyderabad,PM2.5 - Principal,2017-08-31 07:00 AM,2017,08,31,07,30.5,90,Moderate,37.0,UG/M3,1 Hr,Valid
Hyderabad,PM2.5 - Principal,2017-08-31 08:00 AM,2017,08,31,08,28.7,86,Moderate,27.0,UG/M3,1 Hr,Valid
Hyderabad,PM2.5 - Principal,2017-08-31 09:00 AM,2017,08,31,09,27.8,84,Moderate,27.0,UG/M3,1 Hr,Valid
Hyderabad,PM2.5 - Principal,2017-08-31 10:00 AM,2017,08,31,10,27.4,83,Moderate,27.0,UG/M3,1 Hr,Valid
Hyderabad,PM2.5 - Principal,2017-08-31 11:00 AM,2017,08,31,11,25.7,80,Moderate,24.0,UG/M3,1 Hr,Valid
Hyderabad,PM2.5 - Principal,2017-08-31 12:00 PM,2017,08,31,12,25.0,78,Moderate,24.0,UG/M3,1 Hr,Valid
Hyderabad,PM2.5 - Principal,2017-08-31 01:00 PM,2017,08,31,13,27.3,83,Moderate,30.0,UG/M3,1 Hr,Valid
Hyderabad,PM2.5 - Principal,2017-08-31 02:00 PM,2017,08,31,14,27.6,84,Moderate,28.0,UG/M3,1 Hr,Valid
Hyderabad,PM2.5 - Principal,2017-08-31 03:00 PM,2017,08,31,15,25.5,79,Moderate,23.0,UG/M3,1 Hr,Valid
Hyderabad,PM2.5 - Principal,2017-08-31 04:00 PM,2017,08,31,16,24.8,78,Moderate,24.0,UG/M3,1 Hr,Valid
Hyderabad,PM2.5 - Principal,2017-08-31 05:00 PM,2017,08,31,17,23.6,75,Moderate,22.0,UG/M3,1 Hr,Valid
Hyderabad,PM2.5 - Principal,2017-08-31 06:00 PM,2017,08,31,18,20.6,69,Moderate,18.0,UG/M3,1 Hr,Valid
Hyderabad,PM2.5 - Principal,2017-08-31 07:00 PM,2017,08,31,19,28.8,86,Moderate,37.0,UG/M3,1 Hr,Valid
Hyderabad,PM2.5 - Principal,2017-08-31 08:00 PM,2017,08,31,20,31.4,92,Moderate,34.0,UG/M3,1 Hr,Valid
Hyderabad,PM2.5 - Principal,2017-08-31 09:00 PM,2017,08,31,21,38.2,108,Unhealthy for Sensitive Groups,45.0,UG/M3,1 Hr,Valid
Hyderabad,PM2.5 - Principal,2017-08-31 10:00 PM,2017,08,31,22,50.1,137,Unhealthy for Sensitive Groups,62.0,UG/M3,1 Hr,Valid
Hyderabad,PM2.5 - Principal,2017-08-31 11:00 PM,2017,08,31,23,61.0,154,Unhealthy,72.0,UG/M3,1 Hr,Valid
Hyderabad,PM2.5 - Principal,2017-09-01 12:00 AM,2017,09,01,00,59.5,153,Unhealthy,58.0,UG/M3,1 Hr,Valid
Hyderabad,PM2.5 - Principal,2017-09-01 01:00 AM,2017,09,01,01,60.2,153,Unhealthy,61.0,UG/M3,1 Hr,Valid
Hyderabad,PM2.5 - Principal,2017-09-01 02:00 AM,2017,09,01,02,45.6,126,Unhealthy for Sensitive Groups,31.0,UG/M3,1 Hr,Valid
Hyderabad,PM2.5 - Principal,2017-09-01 03:00 AM,2017,09,01,03,35.3,100,Moderate,25.0,UG/M3,1 Hr,Valid
Hyderabad,PM2.5 - Principal,2017-09-01 04:00 AM,2017,09,01,04,25.1,78,Moderate,15.0,UG/M3,1 Hr,Valid
Hyderabad,PM2.5 - Principal,2017-09-01 05:00 AM,2017,09,01,05,22.5,73,Moderate,20.0,UG/M3,1 Hr,Valid
Hyderabad,PM2.5 - Principal,2017-09-01 06:00 AM,2017,09,01,06,22.2,72,Moderate,22.0,UG/M3,1 Hr,Valid
Hyderabad,PM2.5 - Principal,2017-09-01 07:00 AM,2017,09,01,07,24.6,77,Moderate,27.0,UG/M3,1 Hr,Valid
Hyderabad,PM2.5 - Principal,2017-09-01 08:00 AM,2017,09,01,08,22.8,74,Moderate,21.0,UG/M3,1 Hr,Valid
Hyderabad,PM2.5 - Principal,2017-09-01 09:00 AM,2017,09,01,09,28.4,85,Moderate,34.0,UG/M3,1 Hr,Valid
Hyderabad,PM2.5 - Principal,2017-09-01 10:00 AM,2017,09,01,10,34.2,97,Moderate,40.0,UG/M3,1 Hr,Valid
Hyderabad,PM2.5 - Principal,2017-09-01 11:00 AM,2017,09,01,11,37.0,105,Unhealthy for Sensitive Groups,40.0,UG/M3,1 Hr,Valid
Hyderabad,PM2.5 - Principal,2017-09-01 12:00 PM,2017,09,01,12,37.0,105,Unhealthy for Sensitive Groups,-999.0,UG/M3,1 Hr,Missing
Hyderabad,PM2.5 - Principal,2017-09-01 01:00 PM,2017,09,01,13,-999.0,-999,N/A,-999.0,UG/M3,1 Hr,Missing
Hyderabad,PM2.5 - Principal,2017-09-01 02:00 PM,2017,09,01,14,-999.0,-999,N/A,-999.0,UG/M3,1 Hr,Missing
Hyderabad,PM2.5 - Principal,2017-09-01 03:00 PM,2017,09,01,15,-999.0,-999,N/A,33.0,UG/M3,1 Hr,Valid
Hyderabad,PM2.5 - Principal,2017-09-01 04:00 PM,2017,09,01,16,32.5,94,Moderate,32.0,UG/M3,1 Hr,Valid
Hyderabad,PM2.5 - Principal,2017-09-01 05:00 PM,2017,09,01,17,31.1,91,Moderate,30.0,UG/M3,1 Hr,Valid
Hyderabad,PM2.5 - Principal,2017-09-01 06:00 PM,2017,09,01,18,31.1,91,Moderate,-999.0,UG/M3,1 Hr,Missing
Hyderabad,PM2.5 - Principal,2017-09-01 07:00 PM,2017,09,01,19,29.7,88,Moderate,29.0,UG/M3,1 Hr,Valid
Hyderabad,PM2.5 - Principal,2017-09-01 08:00 PM,2017,09,01,20,34.7,99,Moderate,41.0,UG/M3,1 Hr,Valid
Hyderabad,PM2.5 - Principal,2017-09-01 09:00 PM,2017,09,01,21,41.0,115,Unhealthy for Sensitive Groups,48.0,UG/M3,1 Hr,Valid
Hyderabad,PM2.5 - Principal,2017-09-01 10:00 PM,2017,09,01,22,43.9,122,Unhealthy for Sensitive Groups,48.0,UG/M3,1 Hr,Valid
Hyderabad,PM2.5 - Principal,2017-09-01 11:00 PM,2017,09,01,23,52.3,142,Unhealthy for Sensitive Groups,59.0,UG/M3,1 Hr,Valid
Hyderabad,PM2.5 - Principal,2017-09-02 12:00 AM,2017,09,02,00,61.7,154,Unhealthy,71.0,UG/M3,1 Hr,Valid
Hyderabad,PM2.5 - Principal,2017-09-02 01:00 AM,2017,09,02,01,83.9,166,Unhealthy,106.0,UG/M3,1 Hr,Valid
Hyderabad,PM2.5 - Principal,2017-09-02 02:00 AM,2017,09,02,02,78.4,163,Unhealthy,73.0,UG/M3,1 Hr,Valid
Hyderabad,PM2.5 - Principal,2017-09-02 03:00 AM,2017,09,02,03,78.4,163,Unhealthy,-999.0,UG/M3,1 Hr,Missing
Hyderabad,PM2.5 - Principal,2017-09-02 04:00 AM,2017,09,02,04,72.1,160,Unhealthy,69.0,UG/M3,1 Hr,Valid
Hyderabad,PM2.5 - Principal,2017-09-02 05:00 AM,2017,09,02,05,66.3,157,Unhealthy,62.0,UG/M3,1 Hr,Valid
Hyderabad,PM2.5 - Principal,2017-09-02 06:00 AM,2017,09,02,06,53.3,145,Unhealthy for Sensitive Groups,42.0,UG/M3,1 Hr,Valid
Hyderabad,PM2.5 - Principal,2017-09-02 07:00 AM,2017,09,02,07,48.5,133,Unhealthy for Sensitive Groups,44.0,UG/M3,1 Hr,Valid
Hyderabad,PM2.5 - Principal,2017-09-02 08:00 AM,2017,09,02,08,47.7,131,Unhealthy for Sensitive Groups,47.0,UG/M3,1 Hr,Valid
Hyderabad,PM2.5 - Principal,2017-09-02 09:00 AM,2017,09,02,09,41.3,115,Unhealthy for Sensitive Groups,35.0,UG/M3,1 Hr,Valid
Hyderabad,PM2.5 - Principal,2017-09-02 10:00 AM,2017,09,02,10,37.1,105,Unhealthy for Sensitive Groups,33.0,UG/M3,1 Hr,Valid
Hyderabad,PM2.5 - Principal,2017-09-02 11:00 AM,2017,09,02,11,36.5,103,Unhealthy for Sensitive Groups,36.0,UG/M3,1 Hr,Valid
Hyderabad,PM2.5 - Principal,2017-09-02 12:00 PM,2017,09,02,12,32.2,93,Moderate,28.0,UG/M3,1 Hr,Valid
Hyderabad,PM2.5 - Principal,2017-09-02 01:00 PM,2017,09,02,13,28.6,86,Moderate,25.0,UG/M3,1 Hr,Valid
Hyderabad,PM2.5 - Principal,2017-09-02 02:00 PM,2017,09,02,14,26.8,82,Moderate,25.0,UG/M3,1 Hr,Valid
Hyderabad,PM2.5 - Principal,2017-09-02 03:00 PM,2017,09,02,15,28.9,86,Moderate,31.0,UG/M3,1 Hr,Valid
Hyderabad,PM2.5 - Principal,2017-09-02 04:00 PM,2017,09,02,16,29.4,87,Moderate,30.0,UG/M3,1 Hr,Valid
Hyderabad,PM2.5 - Principal,2017-09-02 05:00 PM,2017,09,02,17,26.2,81,Moderate,23.0,UG/M3,1 Hr,Valid
Hyderabad,PM2.5 - Principal,2017-09-02 06:00 PM,2017,09,02,18,27.1,83,Moderate,28.0,UG/M3,1 Hr,Valid
Hyderabad,PM2.5 - Principal,2017-09-02 07:00 PM,2017,09,02,19,31.5,92,Moderate,36.0,UG/M3,1 Hr,Valid
Hyderabad,PM2.5 - Principal,2017-09-02 08:00 PM,2017,09,02,20,34.1,97,Moderate,39.0,UG/M3,1 Hr,Valid
Hyderabad,PM2.5 - Principal,2017-09-02 09:00 PM,2017,09,02,21,34.9,99,Moderate,36.0,UG/M3,1 Hr,Valid
Hyderabad,PM2.5 - Principal,2017-09-02 10:00 PM,2017,09,02,22,45.3,125,Unhealthy for Sensitive Groups,55.0,UG/M3,1 Hr,Valid
Hyderabad,PM2.5 - Principal,2017-09-02 11:00 PM,2017,09,02,23,46.6,128,Unhealthy for Sensitive Groups,48.0,UG/M3,1 Hr,Valid
Hyderabad,PM2.5 - Principal,2017-09-03 12:00 AM,2017,09,03,00,46.6,128,Unhealthy for Sensitive Groups,-999.0,UG/M3,1 Hr,Missing
Hyderabad,PM2.5 - Principal,2017-09-03 01:00 AM,2017,09,03,01,37.5,106,Unhealthy for Sensitive Groups,33.0,UG/M3,1 Hr,Valid
Hyderabad,PM2.5 - Principal,2017-09-03 02:00 AM,2017,09,03,02,39.5,111,Unhealthy for Sensitive Groups,41.0,UG/M3,1 Hr,Valid
Hyderabad,PM2.5 - Principal,2017-09-03 03:00 AM,2017,09,03,03,38.1,107,Unhealthy for Sensitive Groups,37.0,UG/M3,1 Hr,Valid
Hyderabad,PM2.5 - Principal,2017-09-03 04:00 AM,2017,09,03,04,39.1,110,Unhealthy for Sensitive Groups,40.0,UG/M3,1 Hr,Valid
Hyderabad,PM2.5 - Principal,2017-09-03 05:00 AM,2017,09,03,05,34.0,97,Moderate,29.0,UG/M3,1 Hr,Valid
Hyderabad,PM2.5 - Principal,2017-09-03 06:00 AM,2017,09,03,06,29.9,88,Moderate,26.0,UG/M3,1 Hr,Valid
Hyderabad,PM2.5 - Principal,2017-09-03 07:00 AM,2017,09,03,07,26.4,81,Moderate,23.0,UG/M3,1 Hr,Valid
Hyderabad,PM2.5 - Principal,2017-09-03 08:00 AM,2017,09,03,08,26.7,82,Moderate,27.0,UG/M3,1 Hr,Valid
Hyderabad,PM2.5 - Principal,2017-09-03 09:00 AM,2017,09,03,09,25.3,79,Moderate,24.0,UG/M3,1 Hr,Valid
Hyderabad,PM2.5 - Principal,2017-09-03 10:00 AM,2017,09,03,10,26.1,80,Moderate,27.0,UG/M3,1 Hr,Valid
Hyderabad,PM2.5 - Principal,2017-09-03 11:00 AM,2017,09,03,11,27.9,84,Moderate,30.0,UG/M3,1 Hr,Valid
Hyderabad,PM2.5 - Principal,2017-09-03 12:00 PM,2017,09,03,12,26.6,81,Moderate,25.0,UG/M3,1 Hr,Valid
Hyderabad,PM2.5 - Principal,2017-09-03 01:00 PM,2017,09,03,13,27.6,84,Moderate,29.0,UG/M3,1 Hr,Valid
Hyderabad,PM2.5 - Principal,2017-09-03 02:00 PM,2017,09,03,14,22.8,74,Moderate,18.0,UG/M3,1 Hr,Valid
Hyderabad,PM2.5 - Principal,2017-09-03 03:00 PM,2017,09,03,15,22.9,74,Moderate,23.0,UG/M3,1 Hr,Valid
Hyderabad,PM2.5 - Principal,2017-09-03 04:00 PM,2017,09,03,16,18.4,64,Moderate,14.0,UG/M3,1 Hr,Valid
Hyderabad,PM2.5 - Principal,2017-09-03 05:00 PM,2017,09,03,17,22.2,72,Moderate,26.0,UG/M3,1 Hr,Valid
Hyderabad,PM2.5 - Principal,2017-09-03 06:00 PM,2017,09,03,18,21.1,70,Moderate,20.0,UG/M3,1 Hr,Valid
Hyderabad,PM2.5 - Principal,2017-09-03 07:00 PM,2017,09,03,19,21.0,70,Moderate,21.0,UG/M3,1 Hr,Valid
Hyderabad,PM2.5 - Principal,2017-09-03 08:00 PM,2017,09,03,20,21.5,71,Moderate,22.0,UG/M3,1 Hr,Valid
Hyderabad,PM2.5 - Principal,2017-09-03 09:00 PM,2017,09,03,21,24.2,76,Moderate,27.0,UG/M3,1 Hr,Valid
Hyderabad,PM2.5 - Principal,2017-09-03 10:00 PM,2017,09,03,22,26.6,81,Moderate,29.0,UG/M3,1 Hr,Valid
Hyderabad,PM2.5 - Principal,2017-09-03 11:00 PM,2017,09,03,23,30.3,89,Moderate,34.0,UG/M3,1 Hr,Valid
Hyderabad,PM2.5 - Principal,2017-09-04 12:00 AM,2017,09,04,00,38.1,107,Unhealthy for Sensitive Groups,46.0,UG/M3,1 Hr,Valid
Hyderabad,PM2.5 - Principal,2017-09-04 01:00 AM,2017,09,04,01,35.0,99,Moderate,32.0,UG/M3,1 Hr,Valid
Hyderabad,PM2.5 - Principal,2017-09-04 02:00 AM,2017,09,04,02,32.5,94,Moderate,30.0,UG/M3,1 Hr,Valid
Hyderabad,PM2.5 - Principal,2017-09-04 03:00 AM,2017,09,04,03,29.7,88,Moderate,27.0,UG/M3,1 Hr,Valid
Hyderabad,PM2.5 - Principal,2017-09-04 04:00 AM,2017,09,04,04,27.3,83,Moderate,25.0,UG/M3,1 Hr,Valid
Hyderabad,PM2.5 - Principal,2017-09-04 05:00 AM,2017,09,04,05,27.3,83,Moderate,-999.0,UG/M3,1 Hr,Missing
Hyderabad,PM2.5 - Principal,2017-09-04 06:00 AM,2017,09,04,06,30.4,89,Moderate,32.0,UG/M3,1 Hr,Valid
Hyderabad,PM2.5 - Principal,2017-09-04 07:00 AM,2017,09,04,07,38.2,108,Unhealthy for Sensitive Groups,44.0,UG/M3,1 Hr,Valid
Hyderabad,PM2.5 - Principal,2017-09-04 08:00 AM,2017,09,04,08,39.2,110,Unhealthy for Sensitive Groups,41.0,UG/M3,1 Hr,Valid
Hyderabad,PM2.5 - Principal,2017-09-04 09:00 AM,2017,09,04,09,37.2,105,Unhealthy for Sensitive Groups,35.0,UG/M3,1 Hr,Valid
Hyderabad,PM2.5 - Principal,2017-09-04 10:00 AM,2017,09,04,10,30.0,89,Moderate,23.0,UG/M3,1 Hr,Valid
Hyderabad,PM2.5 - Principal,2017-09-04 11:00 AM,2017,09,04,11,23.4,75,Moderate,17.0,UG/M3,1 Hr,Valid
Hyderabad,PM2.5 - Principal,2017-09-04 12:00 PM,2017,09,04,12,22.2,72,Moderate,21.0,UG/M3,1 Hr,Valid
Hyderabad,PM2.5 - Principal,2017-09-04 01:00 PM,2017,09,04,13,30.1,89,Moderate,38.0,UG/M3,1 Hr,Valid
Hyderabad,PM2.5 - Principal,2017-09-04 02:00 PM,2017,09,04,14,29.5,88,Moderate,29.0,UG/M3,1 Hr,Valid
Hyderabad,PM2.5 - Principal,2017-09-04 03:00 PM,2017,09,04,15,21.7,71,Moderate,14.0,UG/M3,1 Hr,Valid
Hyderabad,PM2.5 - Principal,2017-09-04 04:00 PM,2017,09,04,16,24.3,77,Moderate,27.0,UG/M3,1 Hr,Valid
Hyderabad,PM2.5 - Principal,2017-09-04 05:00 PM,2017,09,04,17,26.1,80,Moderate,28.0,UG/M3,1 Hr,Valid
Hyderabad,PM2.5 - Principal,2017-09-04 06:00 PM,2017,09,04,18,26.0,80,Moderate,26.0,UG/M3,1 Hr,Valid
Hyderabad,PM2.5 - Principal,2017-09-04 07:00 PM,2017,09,04,19,30.0,89,Moderate,34.0,UG/M3,1 Hr,Valid
Hyderabad,PM2.5 - Principal,2017-09-04 08:00 PM,2017,09,04,20,34.5,98,Moderate,39.0,UG/M3,1 Hr,Valid
Hyderabad,PM2.5 - Principal,2017-09-04 09:00 PM,2017,09,04,21,39.7,111,Unhealthy for Sensitive Groups,45.0,UG/M3,1 Hr,Valid
Hyderabad,PM2.5 - Principal,2017-09-04 10:00 PM,2017,09,04,22,39.3,110,Unhealthy for Sensitive Groups,39.0,UG/M3,1 Hr,Valid
Hyderabad,PM2.5 - Principal,2017-09-04 11:00 PM,2017,09,04,23,37.1,105,Unhealthy for Sensitive Groups,35.0,UG/M3,1 Hr,Valid
Hyderabad,PM2.5 - Principal,2017-09-05 12:00 AM,2017,09,05,00,35.0,99,Moderate,33.0,UG/M3,1 Hr,Valid
Hyderabad,PM2.5 - Principal,2017-09-05 01:00 AM,2017,09,05,01,26.0,80,Moderate,17.0,UG/M3,1 Hr,Valid
Hyderabad,PM2.5 - Principal,2017-09-05 02:00 AM,2017,09,05,02,25.0,78,Moderate,24.0,UG/M3,1 Hr,Valid
Hyderabad,PM2.5 - Principal,2017-09-05 03:00 AM,2017,09,05,03,27.5,83,Moderate,30.0,UG/M3,1 Hr,Valid
Hyderabad,PM2.5 - Principal,2017-09-05 04:00 AM,2017,09,05,04,26.2,81,Moderate,25.0,UG/M3,1 Hr,Valid
Hyderabad,PM2.5 - Principal,2017-09-05 05:00 AM,2017,09,05,05,23.1,74,Moderate,20.0,UG/M3,1 Hr,Valid
Hyderabad,PM2.5 - Principal,2017-09-05 06:00 AM,2017,09,05,06,25.5,79,Moderate,28.0,UG/M3,1 Hr,Valid
Hyderabad,PM2.5 - Principal,2017-09-05 07:00 AM,2017,09,05,07,30.7,90,Moderate,36.0,UG/M3,1 Hr,Valid
Hyderabad,PM2.5 - Principal,2017-09-05 08:00 AM,2017,09,05,08,35.8,102,Unhealthy for Sensitive Groups,41.0,UG/M3,1 Hr,Valid
Hyderabad,PM2.5 - Principal,2017-09-05 09:00 AM,2017,09,05,09,38.9,109,Unhealthy for Sensitive Groups,42.0,UG/M3,1 Hr,Valid
Hyderabad,PM2.5 - Principal,2017-09-05 10:00 AM,2017,09,05,10,45.9,127,Unhealthy for Sensitive Groups,53.0,UG/M3,1 Hr,Valid
Hyderabad,PM2.5 - Principal,2017-09-05 11:00 AM,2017,09,05,11,44.9,124,Unhealthy for Sensitive Groups,44.0,UG/M3,1 Hr,Valid
Hyderabad,PM2.5 - Principal,2017-09-05 12:00 PM,2017,09,05,12,39.4,111,Unhealthy for Sensitive Groups,34.0,UG/M3,1 Hr,Valid
Hyderabad,PM2.5 - Principal,2017-09-05 01:00 PM,2017,09,05,13,31.7,92,Moderate,24.0,UG/M3,1 Hr,Valid
Hyderabad,PM2.5 - Principal,2017-09-05 02:00 PM,2017,09,05,14,29.8,88,Moderate,28.0,UG/M3,1 Hr,Valid
Hyderabad,PM2.5 - Principal,2017-09-05 03:00 PM,2017,09,05,15,25.4,79,Moderate,21.0,UG/M3,1 Hr,Valid
Hyderabad,PM2.5 - Principal,2017-09-05 04:00 PM,2017,09,05,16,27.7,84,Moderate,30.0,UG/M3,1 Hr,Valid
Hyderabad,PM2.5 - Principal,2017-09-05 05:00 PM,2017,09,05,17,29.3,87,Moderate,31.0,UG/M3,1 Hr,Valid
Hyderabad,PM2.5 - Principal,2017-09-05 06:00 PM,2017,09,05,18,27.6,84,Moderate,26.0,UG/M3,1 Hr,Valid
Hyderabad,PM2.5 - Principal,2017-09-05 07:00 PM,2017,09,05,19,28.8,86,Moderate,30.0,UG/M3,1 Hr,Valid
Hyderabad,PM2.5 - Principal,2017-09-05 08:00 PM,2017,09,05,20,35.9,102,Unhealthy for Sensitive Groups,43.0,UG/M3,1 Hr,Valid
Hyderabad,PM2.5 - Principal,2017-09-05 09:00 PM,2017,09,05,21,39.4,111,Unhealthy for Sensitive Groups,43.0,UG/M3,1 Hr,Valid
Hyderabad,PM2.5 - Principal,2017-09-05 10:00 PM,2017,09,05,22,42.7,119,Unhealthy for Sensitive Groups,46.0,UG/M3,1 Hr,Valid
Hyderabad,PM2.5 - Principal,2017-09-05 11:00 PM,2017,09,05,23,46.8,129,Unhealthy for Sensitive Groups,51.0,UG/M3,1 Hr,Valid
Hyderabad,PM2.5 - Principal,2017-09-06 12:00 AM,2017,09,06,00,40.9,114,Unhealthy for Sensitive Groups,35.0,UG/M3,1 Hr,Valid
Hyderabad,PM2.5 - Principal,2017-09-06 01:00 AM,2017,09,06,01,46.9,129,Unhealthy for Sensitive Groups,53.0,UG/M3,1 Hr,Valid
Hyderabad,PM2.5 - Principal,2017-09-06 02:00 AM,2017,09,06,02,40.9,114,Unhealthy for Sensitive Groups,35.0,UG/M3,1 Hr,Valid
Hyderabad,PM2.5 - Principal,2017-09-06 03:00 AM,2017,09,06,03,43.4,120,Unhealthy for Sensitive Groups,46.0,UG/M3,1 Hr,Valid
Hyderabad,PM2.5 - Principal,2017-09-06 04:00 AM,2017,09,06,04,43.2,120,Unhealthy for Sensitive Groups,43.0,UG/M3,1 Hr,Valid
Hyderabad,PM2.5 - Principal,2017-09-06 05:00 AM,2017,09,06,05,42.1,117,Unhealthy for Sensitive Groups,41.0,UG/M3,1 Hr,Valid
Hyderabad,PM2.5 - Principal,2017-09-06 06:00 AM,2017,09,06,06,43.4,120,Unhealthy for Sensitive Groups,45.0,UG/M3,1 Hr,Valid
Hyderabad,PM2.5 - Principal,2017-09-06 07:00 AM,2017,09,06,07,44.9,124,Unhealthy for Sensitive Groups,48.0,UG/M3,1 Hr,Valid
Hyderabad,PM2.5 - Principal,2017-09-06 08:00 AM,2017,09,06,08,47.3,130,Unhealthy for Sensitive Groups,52.0,UG/M3,1 Hr,Valid
Hyderabad,PM2.5 - Principal,2017-09-06 09:00 AM,2017,09,06,09,46.9,129,Unhealthy for Sensitive Groups,46.0,UG/M3,1 Hr,Valid
Hyderabad,PM2.5 - Principal,2017-09-06 10:00 AM,2017,09,06,10,46.6,128,Unhealthy for Sensitive Groups,46.0,UG/M3,1 Hr,Valid
Hyderabad,PM2.5 - Principal,2017-09-06 11:00 AM,2017,09,06,11,49.2,135,Unhealthy for Sensitive Groups,54.0,UG/M3,1 Hr,Valid
Hyderabad,PM2.5 - Principal,2017-09-06 12:00 PM,2017,09,06,12,41.8,117,Unhealthy for Sensitive Groups,31.0,UG/M3,1 Hr,Valid
Hyderabad,PM2.5 - Principal,2017-09-06 01:00 PM,2017,09,06,13,43.5,121,Unhealthy for Sensitive Groups,46.0,UG/M3,1 Hr,Valid
Hyderabad,PM2.5 - Principal,2017-09-06 02:00 PM,2017,09,06,14,45.9,127,Unhealthy for Sensitive Groups,49.0,UG/M3,1 Hr,Valid
Hyderabad,PM2.5 - Principal,2017-09-06 03:00 PM,2017,09,06,15,45.9,127,Unhealthy for Sensitive Groups,-999.0,UG/M3,1 Hr,Missing
Hyderabad,PM2.5 - Principal,2017-09-06 04:00 PM,2017,09,06,16,62.7,155,Unhealthy,71.0,UG/M3,1 Hr,Valid
Hyderabad,PM2.5 - Principal,2017-09-06 05:00 PM,2017,09,06,17,52.0,142,Unhealthy for Sensitive Groups,44.0,UG/M3,1 Hr,Valid
Hyderabad,PM2.5 - Principal,2017-09-06 06:00 PM,2017,09,06,18,53.0,144,Unhealthy for Sensitive Groups,54.0,UG/M3,1 Hr,Valid
Hyderabad,PM2.5 - Principal,2017-09-06 07:00 PM,2017,09,06,19,58.7,153,Unhealthy,64.0,UG/M3,1 Hr,Valid
Hyderabad,PM2.5 - Principal,2017-09-06 08:00 PM,2017,09,06,20,61.9,154,Unhealthy,65.0,UG/M3,1 Hr,Valid
Hyderabad,PM2.5 - Principal,2017-09-06 09:00 PM,2017,09,06,21,72.0,160,Unhealthy,82.0,UG/M3,1 Hr,Valid
Hyderabad,PM2.5 - Principal,2017-09-06 10:00 PM,2017,09,06,22,72.0,160,Unhealthy,-999.0,UG/M3,1 Hr,Missing
Hyderabad,PM2.5 - Principal,2017-09-06 11:00 PM,2017,09,06,23,69.3,158,Unhealthy,68.0,UG/M3,1 Hr,Valid
Hyderabad,PM2.5 - Principal,2017-09-07 12:00 AM,2017,09,07,00,70.1,159,Unhealthy,71.0,UG/M3,1 Hr,Valid
Hyderabad,PM2.5 - Principal,2017-09-07 01:00 AM,2017,09,07,01,71.5,159,Unhealthy,73.0,UG/M3,1 Hr,Valid
Hyderabad,PM2.5 - Principal,2017-09-07 02:00 AM,2017,09,07,02,68.9,158,Unhealthy,66.0,UG/M3,1 Hr,Valid
Hyderabad,PM2.5 - Principal,2017-09-07 03:00 AM,2017,09,07,03,69.4,158,Unhealthy,70.0,UG/M3,1 Hr,Valid
Hyderabad,PM2.5 - Principal,2017-09-07 04:00 AM,2017,09,07,04,75.3,161,Unhealthy,82.0,UG/M3,1 Hr,Valid
Hyderabad,PM2.5 - Principal,2017-09-07 05:00 AM,2017,09,07,05,89.9,169,Unhealthy,105.0,UG/M3,1 Hr,Valid
Hyderabad,PM2.5 - Principal,2017-09-07 06:00 AM,2017,09,07,06,89.1,168,Unhealthy,93.0,UG/M3,1 Hr,Valid
Hyderabad,PM2.5 - Principal,2017-09-07 07:00 AM,2017,09,07,07,87.4,167,Unhealthy,85.0,UG/M3,1 Hr,Valid
Hyderabad,PM2.5 - Principal,2017-09-07 08:00 AM,2017,09,07,08,98.3,173,Unhealthy,113.0,UG/M3,1 Hr,Valid
Hyderabad,PM2.5 - Principal,2017-09-07 09:00 AM,2017,09,07,09,124.8,187,Unhealthy,149.0,UG/M3,1 Hr,Valid
Hyderabad,PM2.5 - Principal,2017-09-07 10:00 AM,2017,09,07,10,132.4,191,Unhealthy,140.0,UG/M3,1 Hr,Valid
Hyderabad,PM2.5 - Principal,2017-09-07 11:00 AM,2017,09,07,11,93.2,170,Unhealthy,54.0,UG/M3,1 Hr,Valid
Hyderabad,PM2.5 - Principal,2017-09-07 12:00 PM,2017,09,07,12,78.1,163,Unhealthy,63.0,UG/M3,1 Hr,Valid
Hyderabad,PM2.5 - Principal,2017-09-07 01:00 PM,2017,09,07,13,59.0,153,Unhealthy,40.0,UG/M3,1 Hr,Valid
Hyderabad,PM2.5 - Principal,2017-09-07 02:00 PM,2017,09,07,14,59.5,153,Unhealthy,60.0,UG/M3,1 Hr,Valid
Hyderabad,PM2.5 - Principal,2017-09-07 03:00 PM,2017,09,07,15,53.7,146,Unhealthy for Sensitive Groups,48.0,UG/M3,1 Hr,Valid
Hyderabad,PM2.5 - Principal,2017-09-07 04:00 PM,2017,09,07,16,50.8,139,Unhealthy for Sensitive Groups,48.0,UG/M3,1 Hr,Valid
Hyderabad,PM2.5 - Principal,2017-09-07 05:00 PM,2017,09,07,17,52.9,144,Unhealthy for Sensitive Groups,55.0,UG/M3,1 Hr,Valid
Hyderabad,PM2.5 - Principal,2017-09-07 06:00 PM,2017,09,07,18,50.4,138,Unhealthy for Sensitive Groups,48.0,UG/M3,1 Hr,Valid
Hyderabad,PM2.5 - Principal,2017-09-07 07:00 PM,2017,09,07,19,55.2,150,Unhealthy for Sensitive Groups,60.0,UG/M3,1 Hr,Valid
Hyderabad,PM2.5 - Principal,2017-09-07 08:00 PM,2017,09,07,20,51.6,141,Unhealthy for Sensitive Groups,48.0,UG/M3,1 Hr,Valid
Hyderabad,PM2.5 - Principal,2017-09-07 09:00 PM,2017,09,07,21,53.7,146,Unhealthy for Sensitive Groups,56.0,UG/M3,1 Hr,Valid
Hyderabad,PM2.5 - Principal,2017-09-07 10:00 PM,2017,09,07,22,64.9,156,Unhealthy,77.0,UG/M3,1 Hr,Valid
Hyderabad,PM2.5 - Principal,2017-09-07 11:00 PM,2017,09,07,23,67.3,157,Unhealthy,70.0,UG/M3,1 Hr,Valid
Hyderabad,PM2.5 - Principal,2017-09-08 12:00 AM,2017,09,08,00,63.3,155,Unhealthy,59.0,UG/M3,1 Hr,Valid
Hyderabad,PM2.5 - Principal,2017-09-08 01:00 AM,2017,09,08,01,65.5,156,Unhealthy,70.0,UG/M3,1 Hr,Valid
Hyderabad,PM2.5 - Principal,2017-09-08 02:00 AM,2017,09,08,02,58.4,152,Unhealthy,47.0,UG/M3,1 Hr,Valid
Hyderabad,PM2.5 - Principal,2017-09-08 03:00 AM,2017,09,08,03,45.4,125,Unhealthy for Sensitive Groups,34.0,UG/M3,1 Hr,Valid
Hyderabad,PM2.5 - Principal,2017-09-08 04:00 AM,2017,09,08,04,39.2,110,Unhealthy for Sensitive Groups,33.0,UG/M3,1 Hr,Valid
Hyderabad,PM2.5 - Principal,2017-09-08 05:00 AM,2017,09,08,05,37.1,105,Unhealthy for Sensitive Groups,35.0,UG/M3,1 Hr,Valid
Hyderabad,PM2.5 - Principal,2017-09-08 06:00 AM,2017,09,08,06,40.0,112,Unhealthy for Sensitive Groups,43.0,UG/M3,1 Hr,Valid
Hyderabad,PM2.5 - Principal,2017-09-08 07:00 AM,2017,09,08,07,41.0,115,Unhealthy for Sensitive Groups,42.0,UG/M3,1 Hr,Valid
Hyderabad,PM2.5 - Principal,2017-09-08 08:00 AM,2017,09,08,08,48.5,133,Unhealthy for Sensitive Groups,56.0,UG/M3,1 Hr,Valid
Hyderabad,PM2.5 - Principal,2017-09-08 09:00 AM,2017,09,08,09,48.7,134,Unhealthy for Sensitive Groups,49.0,UG/M3,1 Hr,Valid
Hyderabad,PM2.5 - Principal,2017-09-08 10:00 AM,2017,09,08,10,43.3,120,Unhealthy for Sensitive Groups,38.0,UG/M3,1 Hr,Valid
Hyderabad,PM2.5 - Principal,2017-09-08 11:00 AM,2017,09,08,11,33.6,96,Moderate,24.0,UG/M3,1 Hr,Valid
Hyderabad,PM2.5 - Principal,2017-09-08 12:00 PM,2017,09,08,12,33.3,96,Moderate,33.0,UG/M3,1 Hr,Valid
Hyderabad,PM2.5 - Principal,2017-09-08 01:00 PM,2017,09,08,13,33.3,96,Moderate,-999.0,UG/M3,1 Hr,Missing
Hyderabad,PM2.5 - Principal,2017-09-08 02:00 PM,2017,09,08,14,35.1,99,Moderate,36.0,UG/M3,1 Hr,Valid
Hyderabad,PM2.5 - Principal,2017-09-08 03:00 PM,2017,09,08,15,42.4,118,Unhealthy for Sensitive Groups,48.0,UG/M3,1 Hr,Valid
Hyderabad,PM2.5 - Principal,2017-09-08 04:00 PM,2017,09,08,16,45.4,125,Unhealthy for Sensitive Groups,48.0,UG/M3,1 Hr,Valid
Hyderabad,PM2.5 - Principal,2017-09-08 05:00 PM,2017,09,08,17,45.4,125,Unhealthy for Sensitive Groups,-999.0,UG/M3,1 Hr,Missing
Hyderabad,PM2.5 - Principal,2017-09-08 06:00 PM,2017,09,08,18,33.5,96,Moderate,28.0,UG/M3,1 Hr,Valid
Hyderabad,PM2.5 - Principal,2017-09-08 07:00 PM,2017,09,08,19,33.2,95,Moderate,33.0,UG/M3,1 Hr,Valid
Hyderabad,PM2.5 - Principal,2017-09-08 08:00 PM,2017,09,08,20,34.7,99,Moderate,36.0,UG/M3,1 Hr,Valid
Hyderabad,PM2.5 - Principal,2017-09-08 09:00 PM,2017,09,08,21,38.9,109,Unhealthy for Sensitive Groups,43.0,UG/M3,1 Hr,Valid
Hyderabad,PM2.5 - Principal,2017-09-08 10:00 PM,2017,09,08,22,45.1,125,Unhealthy for Sensitive Groups,51.0,UG/M3,1 Hr,Valid
Hyderabad,PM2.5 - Principal,2017-09-08 11:00 PM,2017,09,08,23,50.6,138,Unhealthy for Sensitive Groups,56.0,UG/M3,1 Hr,Valid
Hyderabad,PM2.5 - Principal,2017-09-09 12:00 AM,2017,09,09,00,48.7,134,Unhealthy for Sensitive Groups,47.0,UG/M3,1 Hr,Valid
Hyderabad,PM2.5 - Principal,2017-09-09 01:00 AM,2017,09,09,01,50.9,139,Unhealthy for Sensitive Groups,53.0,UG/M3,1 Hr,Valid
Hyderabad,PM2.5 - Principal,2017-09-09 02:00 AM,2017,09,09,02,49.4,135,Unhealthy for Sensitive Groups,48.0,UG/M3,1 Hr,Valid
Hyderabad,PM2.5 - Principal,2017-09-09 03:00 AM,2017,09,09,03,48.7,134,Unhealthy for Sensitive Groups,48.0,UG/M3,1 Hr,Valid
Hyderabad,PM2.5 - Principal,2017-09-09 04:00 AM,2017,09,09,04,47.8,131,Unhealthy for Sensitive Groups,47.0,UG/M3,1 Hr,Valid
Hyderabad,PM2.5 - Principal,2017-09-09 05:00 AM,2017,09,09,05,48.9,134,Unhealthy for Sensitive Groups,50.0,UG/M3,1 Hr,Valid
Hyderabad,PM2.5 - Principal,2017-09-09 06:00 AM,2017,09,09,06,48.5,133,Unhealthy for Sensitive Groups,48.0,UG/M3,1 Hr,Valid
Hyderabad,PM2.5 - Principal,2017-09-09 07:00 AM,2017,09,09,07,50.1,137,Unhealthy for Sensitive Groups,53.0,UG/M3,1 Hr,Valid
Hyderabad,PM2.5 - Principal,2017-09-09 08:00 AM,2017,09,09,08,51.0,139,Unhealthy for Sensitive Groups,55.0,UG/M3,1 Hr,Valid
Hyderabad,PM2.5 - Principal,2017-09-09 09:00 AM,2017,09,09,09,50.3,137,Unhealthy for Sensitive Groups,48.0,UG/M3,1 Hr,Valid
Hyderabad,PM2.5 - Principal,2017-09-09 10:00 AM,2017,09,09,10,47.4,130,Unhealthy for Sensitive Groups,40.0,UG/M3,1 Hr,Valid
Hyderabad,PM2.5 - Principal,2017-09-09 11:00 AM,2017,09,09,11,47.3,130,Unhealthy for Sensitive Groups,47.0,UG/M3,1 Hr,Valid
Hyderabad,PM2.5 - Principal,2017-09-09 12:00 PM,2017,09,09,12,43.7,121,Unhealthy for Sensitive Groups,37.0,UG/M3,1 Hr,Valid
Hyderabad,PM2.5 - Principal,2017-09-09 01:00 PM,2017,09,09,13,40.1,112,Unhealthy for Sensitive Groups,35.0,UG/M3,1 Hr,Valid
Hyderabad,PM2.5 - Principal,2017-09-09 02:00 PM,2017,09,09,14,36.2,103,Unhealthy for Sensitive Groups,32.0,UG/M3,1 Hr,Valid
Hyderabad,PM2.5 - Principal,2017-09-09 03:00 PM,2017,09,09,15,28.5,85,Moderate,22.0,UG/M3,1 Hr,Valid
Hyderabad,PM2.5 - Principal,2017-09-09 04:00 PM,2017,09,09,16,30.7,90,Moderate,33.0,UG/M3,1 Hr,Valid
Hyderabad,PM2.5 - Principal,2017-09-09 05:00 PM,2017,09,09,17,30.3,89,Moderate,30.0,UG/M3,1 Hr,Valid
Hyderabad,PM2.5 - Principal,2017-09-09 06:00 PM,2017,09,09,18,27.1,83,Moderate,24.0,UG/M3,1 Hr,Valid
Hyderabad,PM2.5 - Principal,2017-09-09 07:00 PM,2017,09,09,19,24.0,76,Moderate,21.0,UG/M3,1 Hr,Valid
Hyderabad,PM2.5 - Principal,2017-09-09 08:00 PM,2017,09,09,20,28.5,85,Moderate,33.0,UG/M3,1 Hr,Valid
Hyderabad,PM2.5 - Principal,2017-09-09 09:00 PM,2017,09,09,21,34.2,97,Moderate,40.0,UG/M3,1 Hr,Valid
Hyderabad,PM2.5 - Principal,2017-09-09 10:00 PM,2017,09,09,22,34.1,97,Moderate,34.0,UG/M3,1 Hr,Valid
Hyderabad,PM2.5 - Principal,2017-09-09 11:00 PM,2017,09,09,23,32.0,93,Moderate,30.0,UG/M3,1 Hr,Valid
Hyderabad,PM2.5 - Principal,2017-09-10 12:00 AM,2017,09,10,00,32.9,95,Moderate,34.0,UG/M3,1 Hr,Valid
Hyderabad,PM2.5 - Principal,2017-09-10 01:00 AM,2017,09,10,01,31.5,92,Moderate,30.0,UG/M3,1 Hr,Valid
Hyderabad,PM2.5 - Principal,2017-09-10 02:00 AM,2017,09,10,02,29.8,88,Moderate,28.0,UG/M3,1 Hr,Valid
Hyderabad,PM2.5 - Principal,2017-09-10 03:00 AM,2017,09,10,03,33.2,95,Moderate,37.0,UG/M3,1 Hr,Valid
Hyderabad,PM2.5 - Principal,2017-09-10 04:00 AM,2017,09,10,04,26.6,81,Moderate,20.0,UG/M3,1 Hr,Valid
Hyderabad,PM2.5 - Principal,2017-09-10 05:00 AM,2017,09,10,05,22.3,72,Moderate,18.0,UG/M3,1 Hr,Valid
Hyderabad,PM2.5 - Principal,2017-09-10 06:00 AM,2017,09,10,06,22.3,72,Moderate,-999.0,UG/M3,1 Hr,Missing
Hyderabad,PM2.5 - Principal,2017-09-10 07:00 AM,2017,09,10,07,22.7,73,Moderate,23.0,UG/M3,1 Hr,Valid
Hyderabad,PM2.5 - Principal,2017-09-10 08:00 AM,2017,09,10,08,24.0,76,Moderate,25.0,UG/M3,1 Hr,Valid
Hyderabad,PM2.5 - Principal,2017-09-10 09:00 AM,2017,09,10,09,21.8,71,Moderate,20.0,UG/M3,1 Hr,Valid
Hyderabad,PM2.5 - Principal,2017-09-10 10:00 AM,2017,09,10,10,15.2,58,Moderate,9.0,UG/M3,1 Hr,Valid
Hyderabad,PM2.5 - Principal,2017-09-10 11:00 AM,2017,09,10,11,20.1,68,Moderate,25.0,UG/M3,1 Hr,Valid
Hyderabad,PM2.5 - Principal,2017-09-10 12:00 PM,2017,09,10,12,18.0,63,Moderate,16.0,UG/M3,1 Hr,Valid
Hyderabad,PM2.5 - Principal,2017-09-10 01:00 PM,2017,09,10,13,15.5,58,Moderate,13.0,UG/M3,1 Hr,Valid
Hyderabad,PM2.5 - Principal,2017-09-10 02:00 PM,2017,09,10,14,17.7,63,Moderate,20.0,UG/M3,1 Hr,Valid
Hyderabad,PM2.5 - Principal,2017-09-10 03:00 PM,2017,09,10,15,19.3,66,Moderate,21.0,UG/M3,1 Hr,Valid
Hyderabad,PM2.5 - Principal,2017-09-10 04:00 PM,2017,09,10,16,18.6,65,Moderate,18.0,UG/M3,1 Hr,Valid
Hyderabad,PM2.5 - Principal,2017-09-10 05:00 PM,2017,09,10,17,15.8,59,Moderate,13.0,UG/M3,1 Hr,Valid
Hyderabad,PM2.5 - Principal,2017-09-10 06:00 PM,2017,09,10,18,15.8,59,Moderate,-999.0,UG/M3,1 Hr,Missing
Hyderabad,PM2.5 - Principal,2017-09-10 07:00 PM,2017,09,10,19,17.2,62,Moderate,18.0,UG/M3,1 Hr,Valid
Hyderabad,PM2.5 - Principal,2017-09-10 08:00 PM,2017,09,10,20,26.8,82,Moderate,34.0,UG/M3,1 Hr,Valid
Hyderabad,PM2.5 - Principal,2017-09-10 09:00 PM,2017,09,10,21,29.0,87,Moderate,31.0,UG/M3,1 Hr,Valid
Hyderabad,PM2.5 - Principal,2017-09-10 10:00 PM,2017,09,10,22,29.0,87,Moderate,29.0,UG/M3,1 Hr,Valid
Hyderabad,PM2.5 - Principal,2017-09-10 11:00 PM,2017,09,10,23,30.5,90,Moderate,32.0,UG/M3,1 Hr,Valid
Hyderabad,PM2.5 - Principal,2017-09-11 12:00 AM,2017,09,11,00,27.2,83,Moderate,24.0,UG/M3,1 Hr,Valid
Hyderabad,PM2.5 - Principal,2017-09-11 01:00 AM,2017,09,11,01,24.1,76,Moderate,21.0,UG/M3,1 Hr,Valid
Hyderabad,PM2.5 - Principal,2017-09-11 02:00 AM,2017,09,11,02,19.0,66,Moderate,14.0,UG/M3,1 Hr,Valid
Hyderabad,PM2.5 - Principal,2017-09-11 03:00 AM,2017,09,11,03,17.5,62,Moderate,16.0,UG/M3,1 Hr,Valid
Hyderabad,PM2.5 - Principal,2017-09-11 04:00 AM,2017,09,11,04,17.2,62,Moderate,17.0,UG/M3,1 Hr,Valid
Hyderabad,PM2.5 - Principal,2017-09-11 05:00 AM,2017,09,11,05,17.6,63,Moderate,18.0,UG/M3,1 Hr,Valid
Hyderabad,PM2.5 - Principal,2017-09-11 06:00 AM,2017,09,11,06,17.3,62,Moderate,17.0,UG/M3,1 Hr,Valid
Hyderabad,PM2.5 - Principal,2017-09-11 07:00 AM,2017,09,11,07,17.6,63,Moderate,18.0,UG/M3,1 Hr,Valid
Hyderabad,PM2.5 - Principal,2017-09-11 08:00 AM,2017,09,11,08,16.8,61,Moderate,16.0,UG/M3,1 Hr,Valid
Hyderabad,PM2.5 - Principal,2017-09-11 09:00 AM,2017,09,11,09,15.4,58,Moderate,14.0,UG/M3,1 Hr,Valid
Hyderabad,PM2.5 - Principal,2017-09-11 10:00 AM,2017,09,11,10,16.7,61,Moderate,18.0,UG/M3,1 Hr,Valid
Hyderabad,PM2.5 - Principal,2017-09-11 11:00 AM,2017,09,11,11,21.6,71,Moderate,27.0,UG/M3,1 Hr,Valid
Hyderabad,PM2.5 - Principal,2017-09-11 12:00 PM,2017,09,11,12,17.4,62,Moderate,13.0,UG/M3,1 Hr,Valid
Hyderabad,PM2.5 - Principal,2017-09-11 01:00 PM,2017,09,11,13,17.4,62,Moderate,-999.0,UG/M3,1 Hr,Missing
Hyderabad,PM2.5 - Principal,2017-09-11 02:00 PM,2017,09,11,14,21.1,70,Moderate,23.0,UG/M3,1 Hr,Valid
Hyderabad,PM2.5 - Principal,2017-09-11 03:00 PM,2017,09,11,15,13.0,53,Moderate,7.0,UG/M3,1 Hr,Valid
Hyderabad,PM2.5 - Principal,2017-09-11 04:00 PM,2017,09,11,16,13.5,54,Moderate,14.0,UG/M3,1 Hr,Valid
Hyderabad,PM2.5 - Principal,2017-09-11 05:00 PM,2017,09,11,17,13.2,53,Moderate,13.0,UG/M3,1 Hr,Valid
Hyderabad,PM2.5 - Principal,2017-09-11 06:00 PM,2017,09,11,18,15.6,58,Moderate,18.0,UG/M3,1 Hr,Valid
Hyderabad,PM2.5 - Principal,2017-09-11 07:00 PM,2017,09,11,19,17.3,62,Moderate,19.0,UG/M3,1 Hr,Valid
Hyderabad,PM2.5 - Principal,2017-09-11 08:00 PM,2017,09,11,20,18.6,65,Moderate,20.0,UG/M3,1 Hr,Valid
Hyderabad,PM2.5 - Principal,2017-09-11 09:00 PM,2017,09,11,21,24.3,77,Moderate,30.0,UG/M3,1 Hr,Valid
Hyderabad,PM2.5 - Principal,2017-09-11 10:00 PM,2017,09,11,22,25.6,79,Moderate,27.0,UG/M3,1 Hr,Valid
Hyderabad,PM2.5 - Principal,2017-09-11 11:00 PM,2017,09,11,23,16.8,61,Moderate,8.0,UG/M3,1 Hr,Valid
Hyderabad,PM2.5 - Principal,2017-09-12 12:00 AM,2017,09,12,00,20.9,70,Moderate,25.0,UG/M3,1 Hr,Valid
Hyderabad,PM2.5 - Principal,2017-09-12 01:00 AM,2017,09,12,01,17.4,62,Moderate,14.0,UG/M3,1 Hr,Valid
Hyderabad,PM2.5 - Principal,2017-09-12 02:00 AM,2017,09,12,02,13.7,54,Moderate,10.0,UG/M3,1 Hr,Valid
Hyderabad,PM2.5 - Principal,2017-09-12 03:00 AM,2017,09,12,03,12.8,52,Moderate,12.0,UG/M3,1 Hr,Valid
Hyderabad,PM2.5 - Principal,2017-09-12 04:00 AM,2017,09,12,04,9.9,41,Good,7.0,UG/M3,1 Hr,Valid
Hyderabad,PM2.5 - Principal,2017-09-12 05:00 AM,2017,09,12,05,12.4,52,Moderate,15.0,UG/M3,1 Hr,Valid
Hyderabad,PM2.5 - Principal,2017-09-12 06:00 AM,2017,09,12,06,9.2,38,Good,6.0,UG/M3,1 Hr,Valid
Hyderabad,PM2.5 - Principal,2017-09-12 07:00 AM,2017,09,12,07,12.1,51,Moderate,15.0,UG/M3,1 Hr,Valid
Hyderabad,PM2.5 - Principal,2017-09-12 08:00 AM,2017,09,12,08,12.1,51,Moderate,-999.0,UG/M3,1 Hr,Missing
Hyderabad,PM2.5 - Principal,2017-09-12 09:00 AM,2017,09,12,09,15.3,58,Moderate,17.0,UG/M3,1 Hr,Valid
Hyderabad,PM2.5 - Principal,2017-09-12 10:00 AM,2017,09,12,10,14.0,55,Moderate,13.0,UG/M3,1 Hr,Valid
Hyderabad,PM2.5 - Principal,2017-09-12 11:00 AM,2017,09,12,11,10.2,43,Good,7.0,UG/M3,1 Hr,Valid
Hyderabad,PM2.5 - Principal,2017-09-12 12:00 PM,2017,09,12,12,15.2,58,Moderate,20.0,UG/M3,1 Hr,Valid
Hyderabad,PM2.5 - Principal,2017-09-12 01:00 PM,2017,09,12,13,15.6,58,Moderate,16.0,UG/M3,1 Hr,Valid
Hyderabad,PM2.5 - Principal,2017-09-12 02:00 PM,2017,09,12,14,15.3,58,Moderate,15.0,UG/M3,1 Hr,Valid
Hyderabad,PM2.5 - Principal,2017-09-12 03:00 PM,2017,09,12,15,15.3,58,Moderate,-999.0,UG/M3,1 Hr,Missing
Hyderabad,PM2.5 - Principal,2017-09-12 04:00 PM,2017,09,12,16,11.0,46,Good,9.0,UG/M3,1 Hr,Valid
Hyderabad,PM2.5 - Principal,2017-09-12 05:00 PM,2017,09,12,17,9.3,39,Good,8.0,UG/M3,1 Hr,Valid
Hyderabad,PM2.5 - Principal,2017-09-12 06:00 PM,2017,09,12,18,13.4,54,Moderate,17.0,UG/M3,1 Hr,Valid
Hyderabad,PM2.5 - Principal,2017-09-12 07:00 PM,2017,09,12,19,9.5,40,Good,6.0,UG/M3,1 Hr,Valid
Hyderabad,PM2.5 - Principal,2017-09-12 08:00 PM,2017,09,12,20,13.3,54,Moderate,17.0,UG/M3,1 Hr,Valid
Hyderabad,PM2.5 - Principal,2017-09-12 09:00 PM,2017,09,12,21,19.2,66,Moderate,25.0,UG/M3,1 Hr,Valid
Hyderabad,PM2.5 - Principal,2017-09-12 10:00 PM,2017,09,12,22,23.1,74,Moderate,27.0,UG/M3,1 Hr,Valid
Hyderabad,PM2.5 - Principal,2017-09-12 11:00 PM,2017,09,12,23,21.5,71,Moderate,20.0,UG/M3,1 Hr,Valid
Hyderabad,PM2.5 - Principal,2017-09-13 12:00 AM,2017,09,13,00,19.2,66,Moderate,17.0,UG/M3,1 Hr,Valid
Hyderabad,PM2.5 - Principal,2017-09-13 01:00 AM,2017,09,13,01,16.6,60,Moderate,14.0,UG/M3,1 Hr,Valid
Hyderabad,PM2.5 - Principal,2017-09-13 02:00 AM,2017,09,13,02,14.3,56,Moderate,12.0,UG/M3,1 Hr,Valid
Hyderabad,PM2.5 - Principal,2017-09-13 03:00 AM,2017,09,13,03,14.6,56,Moderate,15.0,UG/M3,1 Hr,Valid
Hyderabad,PM2.5 - Principal,2017-09-13 04:00 AM,2017,09,13,04,12.3,51,Moderate,10.0,UG/M3,1 Hr,Valid
Hyderabad,PM2.5 - Principal,2017-09-13 05:00 AM,2017,09,13,05,9.6,40,Good,7.0,UG/M3,1 Hr,Valid
Hyderabad,PM2.5 - Principal,2017-09-13 06:00 AM,2017,09,13,06,13.3,54,Moderate,17.0,UG/M3,1 Hr,Valid
Hyderabad,PM2.5 - Principal,2017-09-13 07:00 AM,2017,09,13,07,20.1,68,Moderate,27.0,UG/M3,1 Hr,Valid
Hyderabad,PM2.5 - Principal,2017-09-13 08:00 AM,2017,09,13,08,28.0,84,Moderate,36.0,UG/M3,1 Hr,Valid
Hyderabad,PM2.5 - Principal,2017-09-13 09:00 AM,2017,09,13,09,34.0,97,Moderate,40.0,UG/M3,1 Hr,Valid
Hyderabad,PM2.5 - Principal,2017-09-13 10:00 AM,2017,09,13,10,41.0,115,Unhealthy for Sensitive Groups,48.0,UG/M3,1 Hr,Valid
Hyderabad,PM2.5 - Principal,2017-09-13 11:00 AM,2017,09,13,11,32.0,93,Moderate,23.0,UG/M3,1 Hr,Valid
Hyderabad,PM2.5 - Principal,2017-09-13 12:00 PM,2017,09,13,12,33.5,96,Moderate,35.0,UG/M3,1 Hr,Valid
Hyderabad,PM2.5 - Principal,2017-09-13 01:00 PM,2017,09,13,13,29.2,87,Moderate,25.0,UG/M3,1 Hr,Valid
Hyderabad,PM2.5 - Principal,2017-09-13 02:00 PM,2017,09,13,14,25.6,79,Moderate,22.0,UG/M3,1 Hr,Valid
Hyderabad,PM2.5 - Principal,2017-09-13 03:00 PM,2017,09,13,15,20.3,68,Moderate,15.0,UG/M3,1 Hr,Valid
Hyderabad,PM2.5 - Principal,2017-09-13 04:00 PM,2017,09,13,16,18.1,64,Moderate,16.0,UG/M3,1 Hr,Valid
Hyderabad,PM2.5 - Principal,2017-09-13 05:00 PM,2017,09,13,17,26.0,80,Moderate,34.0,UG/M3,1 Hr,Valid
Hyderabad,PM2.5 - Principal,2017-09-13 06:00 PM,2017,09,13,18,27.0,82,Moderate,28.0,UG/M3,1 Hr,Valid
Hyderabad,PM2.5 - Principal,2017-09-13 07:00 PM,2017,09,13,19,31.0,91,Moderate,35.0,UG/M3,1 Hr,Valid
Hyderabad,PM2.5 - Principal,2017-09-13 08:00 PM,2017,09,13,20,30.5,90,Moderate,30.0,UG/M3,1 Hr,Valid
Hyderabad,PM2.5 - Principal,2017-09-13 09:00 PM,2017,09,13,21,32.2,93,Moderate,34.0,UG/M3,1 Hr,Valid
Hyderabad,PM2.5 - Principal,2017-09-13 10:00 PM,2017,09,13,22,36.6,104,Unhealthy for Sensitive Groups,41.0,UG/M3,1 Hr,Valid
Hyderabad,PM2.5 - Principal,2017-09-13 11:00 PM,2017,09,13,23,36.8,104,Unhealthy for Sensitive Groups,37.0,UG/M3,1 Hr,Valid
Hyderabad,PM2.5 - Principal,2017-09-14 12:00 AM,2017,09,14,00,33.4,96,Moderate,30.0,UG/M3,1 Hr,Valid
Hyderabad,PM2.5 - Principal,2017-09-14 01:00 AM,2017,09,14,01,30.7,90,Moderate,28.0,UG/M3,1 Hr,Valid
Hyderabad,PM2.5 - Principal,2017-09-14 02:00 AM,2017,09,14,02,35.3,100,Moderate,40.0,UG/M3,1 Hr,Valid
Hyderabad,PM2.5 - Principal,2017-09-14 03:00 AM,2017,09,14,03,32.6,94,Moderate,30.0,UG/M3,1 Hr,Valid
Hyderabad,PM2.5 - Principal,2017-09-14 04:00 AM,2017,09,14,04,34.0,97,Moderate,36.0,UG/M3,1 Hr,Valid
Hyderabad,PM2.5 - Principal,2017-09-14 05:00 AM,2017,09,14,05,18.1,64,Moderate,2.0,UG/M3,1 Hr,Valid
Hyderabad,PM2.5 - Principal,2017-09-14 06:00 AM,2017,09,14,06,21.0,70,Moderate,24.0,UG/M3,1 Hr,Valid
Hyderabad,PM2.5 - Principal,2017-09-14 07:00 AM,2017,09,14,07,20.5,69,Moderate,20.0,UG/M3,1 Hr,Valid
Hyderabad,PM2.5 - Principal,2017-09-14 08:00 AM,2017,09,14,08,31.7,92,Moderate,43.0,UG/M3,1 Hr,Valid
Hyderabad,PM2.5 - Principal,2017-09-14 09:00 AM,2017,09,14,09,28.3,85,Moderate,25.0,UG/M3,1 Hr,Valid
Hyderabad,PM2.5 - Principal,2017-09-14 10:00 AM,2017,09,14,10,24.1,76,Moderate,20.0,UG/M3,1 Hr,Valid
Hyderabad,PM2.5 - Principal,2017-09-14 11:00 AM,2017,09,14,11,24.5,77,Moderate,25.0,UG/M3,1 Hr,Valid
Hyderabad,PM2.5 - Principal,2017-09-14 12:00 PM,2017,09,14,12,24.7,77,Moderate,25.0,UG/M3,1 Hr,Valid
Hyderabad,PM2.5 - Principal,2017-09-14 01:00 PM,2017,09,14,13,27.8,84,Moderate,31.0,UG/M3,1 Hr,Valid
Hyderabad,PM2.5 - Principal,2017-09-14 02:00 PM,2017,09,14,14,32.9,95,Moderate,38.0,UG/M3,1 Hr,Valid
Hyderabad,PM2.5 - Principal,2017-09-14 03:00 PM,2017,09,14,15,26.9,82,Moderate,21.0,UG/M3,1 Hr,Valid
Hyderabad,PM2.5 - Principal,2017-09-14 04:00 PM,2017,09,14,16,23.9,76,Moderate,21.0,UG/M3,1 Hr,Valid
Hyderabad,PM2.5 - Principal,2017-09-14 05:00 PM,2017,09,14,17,22.4,73,Moderate,21.0,UG/M3,1 Hr,Valid
Hyderabad,PM2.5 - Principal,2017-09-14 06:00 PM,2017,09,14,18,19.2,66,Moderate,16.0,UG/M3,1 Hr,Valid
Hyderabad,PM2.5 - Principal,2017-09-14 07:00 PM,2017,09,14,19,27.6,84,Moderate,36.0,UG/M3,1 Hr,Valid
Hyderabad,PM2.5 - Principal,2017-09-14 08:00 PM,2017,09,14,20,37.3,105,Unhealthy for Sensitive Groups,47.0,UG/M3,1 Hr,Valid
Hyderabad,PM2.5 - Principal,2017-09-14 09:00 PM,2017,09,14,21,39.1,110,Unhealthy for Sensitive Groups,41.0,UG/M3,1 Hr,Valid
Hyderabad,PM2.5 - Principal,2017-09-14 10:00 PM,2017,09,14,22,45.0,124,Unhealthy for Sensitive Groups,51.0,UG/M3,1 Hr,Valid
Hyderabad,PM2.5 - Principal,2017-09-14 11:00 PM,2017,09,14,23,47.0,129,Unhealthy for Sensitive Groups,49.0,UG/M3,1 Hr,Valid
Hyderabad,PM2.5 - Principal,2017-09-15 12:00 AM,2017,09,15,00,48.0,132,Unhealthy for Sensitive Groups,49.0,UG/M3,1 Hr,Valid
Hyderabad,PM2.5 - Principal,2017-09-15 01:00 AM,2017,09,15,01,50.0,137,Unhealthy for Sensitive Groups,52.0,UG/M3,1 Hr,Valid
Hyderabad,PM2.5 - Principal,2017-09-15 02:00 AM,2017,09,15,02,45.0,124,Unhealthy for Sensitive Groups,40.0,UG/M3,1 Hr,Valid
Hyderabad,PM2.5 - Principal,2017-09-15 03:00 AM,2017,09,15,03,41.0,115,Unhealthy for Sensitive Groups,37.0,UG/M3,1 Hr,Valid
Hyderabad,PM2.5 - Principal,2017-09-15 04:00 AM,2017,09,15,04,39.5,111,Unhealthy for Sensitive Groups,38.0,UG/M3,1 Hr,Valid
Hyderabad,PM2.5 - Principal,2017-09-15 05:00 AM,2017,09,15,05,32.7,94,Moderate,26.0,UG/M3,1 Hr,Valid
Hyderabad,PM2.5 - Principal,2017-09-15 06:00 AM,2017,09,15,06,31.8,92,Moderate,31.0,UG/M3,1 Hr,Valid
Hyderabad,PM2.5 - Principal,2017-09-15 07:00 AM,2017,09,15,07,25.4,79,Moderate,19.0,UG/M3,1 Hr,Valid
Hyderabad,PM2.5 - Principal,2017-09-15 08:00 AM,2017,09,15,08,20.2,68,Moderate,15.0,UG/M3,1 Hr,Valid
Hyderabad,PM2.5 - Principal,2017-09-15 09:00 AM,2017,09,15,09,17.6,63,Moderate,15.0,UG/M3,1 Hr,Valid
Hyderabad,PM2.5 - Principal,2017-09-15 10:00 AM,2017,09,15,10,14.7,56,Moderate,12.0,UG/M3,1 Hr,Valid
Hyderabad,PM2.5 - Principal,2017-09-15 11:00 AM,2017,09,15,11,14.3,56,Moderate,14.0,UG/M3,1 Hr,Valid
Hyderabad,PM2.5 - Principal,2017-09-15 12:00 PM,2017,09,15,12,14.6,56,Moderate,15.0,UG/M3,1 Hr,Valid
Hyderabad,PM2.5 - Principal,2017-09-15 01:00 PM,2017,09,15,13,16.8,61,Moderate,19.0,UG/M3,1 Hr,Valid
Hyderabad,PM2.5 - Principal,2017-09-15 02:00 PM,2017,09,15,14,15.9,59,Moderate,15.0,UG/M3,1 Hr,Valid
Hyderabad,PM2.5 - Principal,2017-09-15 03:00 PM,2017,09,15,15,15.4,58,Moderate,15.0,UG/M3,1 Hr,Valid
Hyderabad,PM2.5 - Principal,2017-09-15 04:00 PM,2017,09,15,16,16.7,61,Moderate,18.0,UG/M3,1 Hr,Valid
Hyderabad,PM2.5 - Principal,2017-09-15 05:00 PM,2017,09,15,17,20.3,68,Moderate,24.0,UG/M3,1 Hr,Valid
Hyderabad,PM2.5 - Principal,2017-09-15 06:00 PM,2017,09,15,18,21.1,70,Moderate,22.0,UG/M3,1 Hr,Valid
Hyderabad,PM2.5 - Principal,2017-09-15 07:00 PM,2017,09,15,19,22.0,72,Moderate,23.0,UG/M3,1 Hr,Valid
Hyderabad,PM2.5 - Principal,2017-09-15 08:00 PM,2017,09,15,20,25.0,78,Moderate,28.0,UG/M3,1 Hr,Valid
Hyderabad,PM2.5 - Principal,2017-09-15 09:00 PM,2017,09,15,21,29.5,88,Moderate,34.0,UG/M3,1 Hr,Valid
Hyderabad,PM2.5 - Principal,2017-09-15 10:00 PM,2017,09,15,22,38.2,108,Unhealthy for Sensitive Groups,47.0,UG/M3,1 Hr,Valid
Hyderabad,PM2.5 - Principal,2017-09-15 11:00 PM,2017,09,15,23,31.1,91,Moderate,24.0,UG/M3,1 Hr,Valid
Hyderabad,PM2.5 - Principal,2017-09-16 12:00 AM,2017,09,16,00,23.0,74,Moderate,15.0,UG/M3,1 Hr,Valid
Hyderabad,PM2.5 - Principal,2017-09-16 01:00 AM,2017,09,16,01,23.0,74,Moderate,23.0,UG/M3,1 Hr,Valid
Hyderabad,PM2.5 - Principal,2017-09-16 02:00 AM,2017,09,16,02,24.0,76,Moderate,25.0,UG/M3,1 Hr,Valid
Hyderabad,PM2.5 - Principal,2017-09-16 03:00 AM,2017,09,16,03,22.5,73,Moderate,21.0,UG/M3,1 Hr,Valid
Hyderabad,PM2.5 - Principal,2017-09-16 04:00 AM,2017,09,16,04,21.2,70,Moderate,20.0,UG/M3,1 Hr,Valid
Hyderabad,PM2.5 - Principal,2017-09-16 05:00 AM,2017,09,16,05,22.1,72,Moderate,23.0,UG/M3,1 Hr,Valid
Hyderabad,PM2.5 - Principal,2017-09-16 06:00 AM,2017,09,16,06,19.5,67,Moderate,17.0,UG/M3,1 Hr,Valid
Hyderabad,PM2.5 - Principal,2017-09-16 07:00 AM,2017,09,16,07,17.2,62,Moderate,15.0,UG/M3,1 Hr,Valid
Hyderabad,PM2.5 - Principal,2017-09-16 08:00 AM,2017,09,16,08,25.1,78,Moderate,33.0,UG/M3,1 Hr,Valid
Hyderabad,PM2.5 - Principal,2017-09-16 09:00 AM,2017,09,16,09,28.5,85,Moderate,32.0,UG/M3,1 Hr,Valid
Hyderabad,PM2.5 - Principal,2017-09-16 10:00 AM,2017,09,16,10,28.5,85,Moderate,-999.0,UG/M3,1 Hr,Missing
Hyderabad,PM2.5 - Principal,2017-09-16 11:00 AM,2017,09,16,11,14.1,55,Moderate,7.0,UG/M3,1 Hr,Valid
Hyderabad,PM2.5 - Principal,2017-09-16 12:00 PM,2017,09,16,12,18.0,63,Moderate,21.0,UG/M3,1 Hr,Valid
Hyderabad,PM2.5 - Principal,2017-09-16 01:00 PM,2017,09,16,13,13.7,54,Moderate,10.0,UG/M3,1 Hr,Valid
Hyderabad,PM2.5 - Principal,2017-09-16 02:00 PM,2017,09,16,14,13.8,55,Moderate,14.0,UG/M3,1 Hr,Valid
Hyderabad,PM2.5 - Principal,2017-09-16 03:00 PM,2017,09,16,15,13.9,55,Moderate,14.0,UG/M3,1 Hr,Valid
Hyderabad,PM2.5 - Principal,2017-09-16 04:00 PM,2017,09,16,16,11.9,50,Good,10.0,UG/M3,1 Hr,Valid
Hyderabad,PM2.5 - Principal,2017-09-16 05:00 PM,2017,09,16,17,18.0,63,Moderate,24.0,UG/M3,1 Hr,Valid
Hyderabad,PM2.5 - Principal,2017-09-16 06:00 PM,2017,09,16,18,26.0,80,Moderate,34.0,UG/M3,1 Hr,Valid
Hyderabad,PM2.5 - Principal,2017-09-16 07:00 PM,2017,09,16,19,27.0,82,Moderate,28.0,UG/M3,1 Hr,Valid
Hyderabad,PM2.5 - Principal,2017-09-16 08:00 PM,2017,09,16,20,37.0,105,Unhealthy for Sensitive Groups,47.0,UG/M3,1 Hr,Valid
Hyderabad,PM2.5 - Principal,2017-09-16 09:00 PM,2017,09,16,21,40.0,112,Unhealthy for Sensitive Groups,43.0,UG/M3,1 Hr,Valid
Hyderabad,PM2.5 - Principal,2017-09-16 10:00 PM,2017,09,16,22,47.5,131,Unhealthy for Sensitive Groups,55.0,UG/M3,1 Hr,Valid
Hyderabad,PM2.5 - Principal,2017-09-16 11:00 PM,2017,09,16,23,47.5,131,Unhealthy for Sensitive Groups,-999.0,UG/M3,1 Hr,Missing
Hyderabad,PM2.5 - Principal,2017-09-17 12:00 AM,2017,09,17,00,55.1,149,Unhealthy for Sensitive Groups,59.0,UG/M3,1 Hr,Valid
Hyderabad,PM2.5 - Principal,2017-09-17 01:00 AM,2017,09,17,01,63.0,155,Unhealthy,69.0,UG/M3,1 Hr,Valid
Hyderabad,PM2.5 - Principal,2017-09-17 02:00 AM,2017,09,17,02,63.0,155,Unhealthy,-999.0,UG/M3,1 Hr,Missing
Hyderabad,PM2.5 - Principal,2017-09-17 03:00 AM,2017,09,17,03,30.3,89,Moderate,16.0,UG/M3,1 Hr,Valid
Hyderabad,PM2.5 - Principal,2017-09-17 04:00 AM,2017,09,17,04,24.9,78,Moderate,21.0,UG/M3,1 Hr,Valid
Hyderabad,PM2.5 - Principal,2017-09-17 05:00 AM,2017,09,17,05,23.8,76,Moderate,23.0,UG/M3,1 Hr,Valid
Hyderabad,PM2.5 - Principal,2017-09-17 06:00 AM,2017,09,17,06,23.8,76,Moderate,-999.0,UG/M3,1 Hr,Missing
Hyderabad,PM2.5 - Principal,2017-09-17 07:00 AM,2017,09,17,07,16.4,60,Moderate,13.0,UG/M3,1 Hr,Valid
Hyderabad,PM2.5 - Principal,2017-09-17 08:00 AM,2017,09,17,08,-999.0,-999,N/A,-999.0,UG/M3,1 Hr,Missing
Hyderabad,PM2.5 - Principal,2017-09-17 09:00 AM,2017,09,17,09,24.1,76,Moderate,27.0,UG/M3,1 Hr,Valid
Hyderabad,PM2.5 - Principal,2017-09-17 10:00 AM,2017,09,17,10,-999.0,-999,N/A,-999.0,UG/M3,1 Hr,Missing
Hyderabad,PM2.5 - Principal,2017-09-17 11:00 AM,2017,09,17,11,27.7,84,Moderate,29.0,UG/M3,1 Hr,Valid
Hyderabad,PM2.5 - Principal,2017-09-17 12:00 PM,2017,09,17,12,-999.0,-999,N/A,-999.0,UG/M3,1 Hr,Missing
Hyderabad,PM2.5 - Principal,2017-09-17 01:00 PM,2017,09,17,13,33.9,97,Moderate,36.0,UG/M3,1 Hr,Valid
Hyderabad,PM2.5 - Principal,2017-09-17 02:00 PM,2017,09,17,14,32.7,94,Moderate,32.0,UG/M3,1 Hr,Valid
Hyderabad,PM2.5 - Principal,2017-09-17 03:00 PM,2017,09,17,15,27.9,84,Moderate,24.0,UG/M3,1 Hr,Valid
Hyderabad,PM2.5 - Principal,2017-09-17 04:00 PM,2017,09,17,16,32.6,94,Moderate,37.0,UG/M3,1 Hr,Valid
Hyderabad,PM2.5 - Principal,2017-09-17 05:00 PM,2017,09,17,17,35.9,102,Unhealthy for Sensitive Groups,39.0,UG/M3,1 Hr,Valid
Hyderabad,PM2.5 - Principal,2017-09-17 06:00 PM,2017,09,17,18,27.3,83,Moderate,19.0,UG/M3,1 Hr,Valid
Hyderabad,PM2.5 - Principal,2017-09-17 07:00 PM,2017,09,17,19,30.2,89,Moderate,33.0,UG/M3,1 Hr,Valid
Hyderabad,PM2.5 - Principal,2017-09-17 08:00 PM,2017,09,17,20,30.1,89,Moderate,30.0,UG/M3,1 Hr,Valid
Hyderabad,PM2.5 - Principal,2017-09-17 09:00 PM,2017,09,17,21,34.0,97,Moderate,38.0,UG/M3,1 Hr,Valid
Hyderabad,PM2.5 - Principal,2017-09-17 10:00 PM,2017,09,17,22,36.5,103,Unhealthy for Sensitive Groups,39.0,UG/M3,1 Hr,Valid
Hyderabad,PM2.5 - Principal,2017-09-17 11:00 PM,2017,09,17,23,31.2,91,Moderate,26.0,UG/M3,1 Hr,Valid
Hyderabad,PM2.5 - Principal,2017-09-18 12:00 AM,2017,09,18,00,24.6,77,Moderate,18.0,UG/M3,1 Hr,Valid
Hyderabad,PM2.5 - Principal,2017-09-18 01:00 AM,2017,09,18,01,19.8,67,Moderate,15.0,UG/M3,1 Hr,Valid
Hyderabad,PM2.5 - Principal,2017-09-18 02:00 AM,2017,09,18,02,15.4,58,Moderate,11.0,UG/M3,1 Hr,Valid
Hyderabad,PM2.5 - Principal,2017-09-18 03:00 AM,2017,09,18,03,14.7,56,Moderate,14.0,UG/M3,1 Hr,Valid
Hyderabad,PM2.5 - Principal,2017-09-18 04:00 AM,2017,09,18,04,11.8,49,Good,9.0,UG/M3,1 Hr,Valid
Hyderabad,PM2.5 - Principal,2017-09-18 05:00 AM,2017,09,18,05,11.9,50,Good,12.0,UG/M3,1 Hr,Valid
Hyderabad,PM2.5 - Principal,2017-09-18 06:00 AM,2017,09,18,06,11.4,48,Good,11.0,UG/M3,1 Hr,Valid
Hyderabad,PM2.5 - Principal,2017-09-18 07:00 AM,2017,09,18,07,10.7,45,Good,10.0,UG/M3,1 Hr,Valid
Hyderabad,PM2.5 - Principal,2017-09-18 08:00 AM,2017,09,18,08,15.8,59,Moderate,21.0,UG/M3,1 Hr,Valid
Hyderabad,PM2.5 - Principal,2017-09-18 09:00 AM,2017,09,18,09,15.4,58,Moderate,15.0,UG/M3,1 Hr,Valid
Hyderabad,PM2.5 - Principal,2017-09-18 10:00 AM,2017,09,18,10,18.7,65,Moderate,22.0,UG/M3,1 Hr,Valid
Hyderabad,PM2.5 - Principal,2017-09-18 11:00 AM,2017,09,18,11,17.8,63,Moderate,17.0,UG/M3,1 Hr,Valid
Hyderabad,PM2.5 - Principal,2017-09-18 12:00 PM,2017,09,18,12,17.9,63,Moderate,18.0,UG/M3,1 Hr,Valid
Hyderabad,PM2.5 - Principal,2017-09-18 01:00 PM,2017,09,18,13,17.4,62,Moderate,17.0,UG/M3,1 Hr,Valid
Hyderabad,PM2.5 - Principal,2017-09-18 02:00 PM,2017,09,18,14,14.7,56,Moderate,12.0,UG/M3,1 Hr,Valid
Hyderabad,PM2.5 - Principal,2017-09-18 03:00 PM,2017,09,18,15,14.8,57,Moderate,15.0,UG/M3,1 Hr,Valid
Hyderabad,PM2.5 - Principal,2017-09-18 04:00 PM,2017,09,18,16,11.9,50,Good,9.0,UG/M3,1 Hr,Valid
Hyderabad,PM2.5 - Principal,2017-09-18 05:00 PM,2017,09,18,17,12.9,53,Moderate,14.0,UG/M3,1 Hr,Valid
Hyderabad,PM2.5 - Principal,2017-09-18 06:00 PM,2017,09,18,18,13.9,55,Moderate,15.0,UG/M3,1 Hr,Valid
Hyderabad,PM2.5 - Principal,2017-09-18 07:00 PM,2017,09,18,19,18.4,64,Moderate,23.0,UG/M3,1 Hr,Valid
Hyderabad,PM2.5 - Principal,2017-09-18 08:00 PM,2017,09,18,20,17.7,63,Moderate,17.0,UG/M3,1 Hr,Valid
Hyderabad,PM2.5 - Principal,2017-09-18 09:00 PM,2017,09,18,21,17.8,63,Moderate,18.0,UG/M3,1 Hr,Valid
Hyderabad,PM2.5 - Principal,2017-09-18 10:00 PM,2017,09,18,22,21.4,71,Moderate,25.0,UG/M3,1 Hr,Valid
Hyderabad,PM2.5 - Principal,2017-09-18 11:00 PM,2017,09,18,23,20.2,68,Moderate,19.0,UG/M3,1 Hr,Valid
Hyderabad,PM2.5 - Principal,2017-09-19 12:00 AM,2017,09,19,00,17.1,62,Moderate,14.0,UG/M3,1 Hr,Valid
Hyderabad,PM2.5 - Principal,2017-09-19 01:00 AM,2017,09,19,01,15.5,58,Moderate,14.0,UG/M3,1 Hr,Valid
Hyderabad,PM2.5 - Principal,2017-09-19 02:00 AM,2017,09,19,02,14.7,56,Moderate,14.0,UG/M3,1 Hr,Valid
Hyderabad,PM2.5 - Principal,2017-09-19 03:00 AM,2017,09,19,03,11.8,49,Good,9.0,UG/M3,1 Hr,Valid
Hyderabad,PM2.5 - Principal,2017-09-19 04:00 AM,2017,09,19,04,10.4,43,Good,9.0,UG/M3,1 Hr,Valid
Hyderabad,PM2.5 - Principal,2017-09-19 05:00 AM,2017,09,19,05,14.7,56,Moderate,19.0,UG/M3,1 Hr,Valid
Hyderabad,PM2.5 - Principal,2017-09-19 06:00 AM,2017,09,19,06,15.3,58,Moderate,16.0,UG/M3,1 Hr,Valid
Hyderabad,PM2.5 - Principal,2017-09-19 07:00 AM,2017,09,19,07,17.1,62,Moderate,19.0,UG/M3,1 Hr,Valid
Hyderabad,PM2.5 - Principal,2017-09-19 08:00 AM,2017,09,19,08,16.0,59,Moderate,15.0,UG/M3,1 Hr,Valid
Hyderabad,PM2.5 - Principal,2017-09-19 09:00 AM,2017,09,19,09,19.0,66,Moderate,22.0,UG/M3,1 Hr,Valid
Hyderabad,PM2.5 - Principal,2017-09-19 10:00 AM,2017,09,19,10,18.0,63,Moderate,17.0,UG/M3,1 Hr,Valid
Hyderabad,PM2.5 - Principal,2017-09-19 11:00 AM,2017,09,19,11,21.5,71,Moderate,25.0,UG/M3,1 Hr,Valid
Hyderabad,PM2.5 - Principal,2017-09-19 12:00 PM,2017,09,19,12,21.5,71,Moderate,-999.0,UG/M3,1 Hr,Missing
Hyderabad,PM2.5 - Principal,2017-09-19 01:00 PM,2017,09,19,13,13.1,53,Moderate,9.0,UG/M3,1 Hr,Valid
Hyderabad,PM2.5 - Principal,2017-09-19 02:00 PM,2017,09,19,14,15.9,59,Moderate,18.0,UG/M3,1 Hr,Valid
Hyderabad,PM2.5 - Principal,2017-09-19 03:00 PM,2017,09,19,15,16.5,60,Moderate,17.0,UG/M3,1 Hr,Valid
Hyderabad,PM2.5 - Principal,2017-09-19 04:00 PM,2017,09,19,16,12.1,51,Moderate,8.0,UG/M3,1 Hr,Valid
Hyderabad,PM2.5 - Principal,2017-09-19 05:00 PM,2017,09,19,17,12.0,50,Good,12.0,UG/M3,1 Hr,Valid
Hyderabad,PM2.5 - Principal,2017-09-19 06:00 PM,2017,09,19,18,17.0,61,Moderate,22.0,UG/M3,1 Hr,Valid
Hyderabad,PM2.5 - Principal,2017-09-19 07:00 PM,2017,09,19,19,17.0,61,Moderate,17.0,UG/M3,1 Hr,Valid
Hyderabad,PM2.5 - Principal,2017-09-19 08:00 PM,2017,09,19,20,19.5,67,Moderate,22.0,UG/M3,1 Hr,Valid
Hyderabad,PM2.5 - Principal,2017-09-19 09:00 PM,2017,09,19,21,16.7,61,Moderate,14.0,UG/M3,1 Hr,Valid
Hyderabad,PM2.5 - Principal,2017-09-19 10:00 PM,2017,09,19,22,17.8,63,Moderate,19.0,UG/M3,1 Hr,Valid
Hyderabad,PM2.5 - Principal,2017-09-19 11:00 PM,2017,09,19,23,14.9,57,Moderate,12.0,UG/M3,1 Hr,Valid
Hyderabad,PM2.5 - Principal,2017-09-20 12:00 AM,2017,09,20,00,15.9,59,Moderate,17.0,UG/M3,1 Hr,Valid
Hyderabad,PM2.5 - Principal,2017-09-20 01:00 AM,2017,09,20,01,17.9,63,Moderate,20.0,UG/M3,1 Hr,Valid
Hyderabad,PM2.5 - Principal,2017-09-20 02:00 AM,2017,09,20,02,17.9,63,Moderate,18.0,UG/M3,1 Hr,Valid
Hyderabad,PM2.5 - Principal,2017-09-20 03:00 AM,2017,09,20,03,18.9,65,Moderate,20.0,UG/M3,1 Hr,Valid
Hyderabad,PM2.5 - Principal,2017-09-20 04:00 AM,2017,09,20,04,18.0,63,Moderate,17.0,UG/M3,1 Hr,Valid
Hyderabad,PM2.5 - Principal,2017-09-20 05:00 AM,2017,09,20,05,18.4,64,Moderate,19.0,UG/M3,1 Hr,Valid
Hyderabad,PM2.5 - Principal,2017-09-20 06:00 AM,2017,09,20,06,15.5,58,Moderate,12.0,UG/M3,1 Hr,Valid
Hyderabad,PM2.5 - Principal,2017-09-20 07:00 AM,2017,09,20,07,15.7,59,Moderate,16.0,UG/M3,1 Hr,Valid
Hyderabad,PM2.5 - Principal,2017-09-20 08:00 AM,2017,09,20,08,17.1,62,Moderate,19.0,UG/M3,1 Hr,Valid
Hyderabad,PM2.5 - Principal,2017-09-20 09:00 AM,2017,09,20,09,17.0,61,Moderate,17.0,UG/M3,1 Hr,Valid
Hyderabad,PM2.5 - Principal,2017-09-20 10:00 AM,2017,09,20,10,22.0,72,Moderate,27.0,UG/M3,1 Hr,Valid
Hyderabad,PM2.5 - Principal,2017-09-20 11:00 AM,2017,09,20,11,20.5,69,Moderate,19.0,UG/M3,1 Hr,Valid
Hyderabad,PM2.5 - Principal,2017-09-20 12:00 PM,2017,09,20,12,22.7,73,Moderate,25.0,UG/M3,1 Hr,Valid
Hyderabad,PM2.5 - Principal,2017-09-20 01:00 PM,2017,09,20,13,24.8,78,Moderate,27.0,UG/M3,1 Hr,Valid
Hyderabad,PM2.5 - Principal,2017-09-20 02:00 PM,2017,09,20,14,25.4,79,Moderate,26.0,UG/M3,1 Hr,Valid
Hyderabad,PM2.5 - Principal,2017-09-20 03:00 PM,2017,09,20,15,25.7,80,Moderate,26.0,UG/M3,1 Hr,Valid
Hyderabad,PM2.5 - Principal,2017-09-20 04:00 PM,2017,09,20,16,22.3,72,Moderate,19.0,UG/M3,1 Hr,Valid
Hyderabad,PM2.5 - Principal,2017-09-20 05:00 PM,2017,09,20,17,20.6,69,Moderate,19.0,UG/M3,1 Hr,Valid
Hyderabad,PM2.5 - Principal,2017-09-20 06:00 PM,2017,09,20,18,21.1,70,Moderate,21.0,UG/M3,1 Hr,Valid
Hyderabad,PM2.5 - Principal,2017-09-20 07:00 PM,2017,09,20,19,24.9,78,Moderate,30.0,UG/M3,1 Hr,Valid
Hyderabad,PM2.5 - Principal,2017-09-20 08:00 PM,2017,09,20,20,26.2,81,Moderate,28.0,UG/M3,1 Hr,Valid
Hyderabad,PM2.5 - Principal,2017-09-20 09:00 PM,2017,09,20,21,25.5,79,Moderate,25.0,UG/M3,1 Hr,Valid
Hyderabad,PM2.5 - Principal,2017-09-20 10:00 PM,2017,09,20,22,22.5,73,Moderate,18.0,UG/M3,1 Hr,Valid
Hyderabad,PM2.5 - Principal,2017-09-20 11:00 PM,2017,09,20,23,20.7,69,Moderate,18.0,UG/M3,1 Hr,Valid
Hyderabad,PM2.5 - Principal,2017-09-21 12:00 AM,2017,09,21,00,20.8,69,Moderate,21.0,UG/M3,1 Hr,Valid
Hyderabad,PM2.5 - Principal,2017-09-21 01:00 AM,2017,09,21,01,18.4,64,Moderate,16.0,UG/M3,1 Hr,Valid
Hyderabad,PM2.5 - Principal,2017-09-21 02:00 AM,2017,09,21,02,21.5,71,Moderate,25.0,UG/M3,1 Hr,Valid
Hyderabad,PM2.5 - Principal,2017-09-21 03:00 AM,2017,09,21,03,21.2,70,Moderate,21.0,UG/M3,1 Hr,Valid
Hyderabad,PM2.5 - Principal,2017-09-21 04:00 AM,2017,09,21,04,20.2,68,Moderate,19.0,UG/M3,1 Hr,Valid
Hyderabad,PM2.5 - Principal,2017-09-21 05:00 AM,2017,09,21,05,16.0,59,Moderate,12.0,UG/M3,1 Hr,Valid
Hyderabad,PM2.5 - Principal,2017-09-21 06:00 AM,2017,09,21,06,14.5,56,Moderate,13.0,UG/M3,1 Hr,Valid
Hyderabad,PM2.5 - Principal,2017-09-21 07:00 AM,2017,09,21,07,12.7,52,Moderate,11.0,UG/M3,1 Hr,Valid
Hyderabad,PM2.5 - Principal,2017-09-21 08:00 AM,2017,09,21,08,15.8,59,Moderate,19.0,UG/M3,1 Hr,Valid
Hyderabad,PM2.5 - Principal,2017-09-21 09:00 AM,2017,09,21,09,19.9,67,Moderate,24.0,UG/M3,1 Hr,Valid
Hyderabad,PM2.5 - Principal,2017-09-21 10:00 AM,2017,09,21,10,21.4,71,Moderate,23.0,UG/M3,1 Hr,Valid
Hyderabad,PM2.5 - Principal,2017-09-21 11:00 AM,2017,09,21,11,24.2,76,Moderate,27.0,UG/M3,1 Hr,Valid
Hyderabad,PM2.5 - Principal,2017-09-21 12:00 PM,2017,09,21,12,24.2,76,Moderate,-999.0,UG/M3,1 Hr,Missing
Hyderabad,PM2.5 - Principal,2017-09-21 01:00 PM,2017,09,21,13,25.4,79,Moderate,26.0,UG/M3,1 Hr,Valid
Hyderabad,PM2.5 - Principal,2017-09-21 02:00 PM,2017,09,21,14,23.4,75,Moderate,22.0,UG/M3,1 Hr,Valid
Hyderabad,PM2.5 - Principal,2017-09-21 03:00 PM,2017,09,21,15,25.3,79,Moderate,27.0,UG/M3,1 Hr,Valid
Hyderabad,PM2.5 - Principal,2017-09-21 04:00 PM,2017,09,21,16,33.9,97,Moderate,42.0,UG/M3,1 Hr,Valid
Hyderabad,PM2.5 - Principal,2017-09-21 05:00 PM,2017,09,21,17,25.8,80,Moderate,18.0,UG/M3,1 Hr,Valid
Hyderabad,PM2.5 - Principal,2017-09-21 06:00 PM,2017,09,21,18,27.4,83,Moderate,29.0,UG/M3,1 Hr,Valid
Hyderabad,PM2.5 - Principal,2017-09-21 07:00 PM,2017,09,21,19,31.2,91,Moderate,35.0,UG/M3,1 Hr,Valid
Hyderabad,PM2.5 - Principal,2017-09-21 08:00 PM,2017,09,21,20,31.1,91,Moderate,31.0,UG/M3,1 Hr,Valid
Hyderabad,PM2.5 - Principal,2017-09-21 09:00 PM,2017,09,21,21,34.0,97,Moderate,37.0,UG/M3,1 Hr,Valid
Hyderabad,PM2.5 - Principal,2017-09-21 10:00 PM,2017,09,21,22,31.5,92,Moderate,29.0,UG/M3,1 Hr,Valid
Hyderabad,PM2.5 - Principal,2017-09-21 11:00 PM,2017,09,21,23,30.2,89,Moderate,29.0,UG/M3,1 Hr,Valid
Hyderabad,PM2.5 - Principal,2017-09-22 12:00 AM,2017,09,22,00,30.6,90,Moderate,31.0,UG/M3,1 Hr,Valid
Hyderabad,PM2.5 - Principal,2017-09-22 01:00 AM,2017,09,22,01,34.3,98,Moderate,38.0,UG/M3,1 Hr,Valid
Hyderabad,PM2.5 - Principal,2017-09-22 02:00 AM,2017,09,22,02,30.6,90,Moderate,27.0,UG/M3,1 Hr,Valid
Hyderabad,PM2.5 - Principal,2017-09-22 03:00 AM,2017,09,22,03,29.8,88,Moderate,29.0,UG/M3,1 Hr,Valid
Hyderabad,PM2.5 - Principal,2017-09-22 04:00 AM,2017,09,22,04,27.9,84,Moderate,26.0,UG/M3,1 Hr,Valid
Hyderabad,PM2.5 - Principal,2017-09-22 05:00 AM,2017,09,22,05,28.0,84,Moderate,26.0,UG/M3,1 Hr,Valid
Hyderabad,PM2.5 - Principal,2017-09-22 06:00 AM,2017,09,22,06,28.0,84,Moderate,28.0,UG/M3,1 Hr,Valid
Hyderabad,PM2.5 - Principal,2017-09-22 07:00 AM,2017,09,22,07,23.2,74,Moderate,19.0,UG/M3,1 Hr,Valid
Hyderabad,PM2.5 - Principal,2017-09-22 08:00 AM,2017,09,22,08,25.1,78,Moderate,27.0,UG/M3,1 Hr,Valid
Hyderabad,PM2.5 - Principal,2017-09-22 09:00 AM,2017,09,22,09,27.5,83,Moderate,30.0,UG/M3,1 Hr,Valid
Hyderabad,PM2.5 - Principal,2017-09-22 10:00 AM,2017,09,22,10,30.2,89,Moderate,33.0,UG/M3,1 Hr,Valid
Hyderabad,PM2.5 - Principal,2017-09-22 11:00 AM,2017,09,22,11,33.1,95,Moderate,36.0,UG/M3,1 Hr,Valid
Hyderabad,PM2.5 - Principal,2017-09-22 12:00 PM,2017,09,22,12,33.0,95,Moderate,33.0,UG/M3,1 Hr,Valid
Hyderabad,PM2.5 - Principal,2017-09-22 01:00 PM,2017,09,22,13,32.9,95,Moderate,33.0,UG/M3,1 Hr,Valid
Hyderabad,PM2.5 - Principal,2017-09-22 02:00 PM,2017,09,22,14,34.9,99,Moderate,37.0,UG/M3,1 Hr,Valid
Hyderabad,PM2.5 - Principal,2017-09-22 03:00 PM,2017,09,22,15,35.9,102,Unhealthy for Sensitive Groups,37.0,UG/M3,1 Hr,Valid
Hyderabad,PM2.5 - Principal,2017-09-22 04:00 PM,2017,09,22,16,36.4,103,Unhealthy for Sensitive Groups,37.0,UG/M3,1 Hr,Valid
Hyderabad,PM2.5 - Principal,2017-09-22 05:00 PM,2017,09,22,17,34.2,97,Moderate,32.0,UG/M3,1 Hr,Valid
Hyderabad,PM2.5 - Principal,2017-09-22 06:00 PM,2017,09,22,18,39.6,111,Unhealthy for Sensitive Groups,45.0,UG/M3,1 Hr,Valid
Hyderabad,PM2.5 - Principal,2017-09-22 07:00 PM,2017,09,22,19,39.2,110,Unhealthy for Sensitive Groups,40.0,UG/M3,1 Hr,Valid
Hyderabad,PM2.5 - Principal,2017-09-22 08:00 PM,2017,09,22,20,36.8,104,Unhealthy for Sensitive Groups,33.0,UG/M3,1 Hr,Valid
Hyderabad,PM2.5 - Principal,2017-09-22 09:00 PM,2017,09,22,21,43.7,121,Unhealthy for Sensitive Groups,54.0,UG/M3,1 Hr,Valid
Hyderabad,PM2.5 - Principal,2017-09-22 10:00 PM,2017,09,22,22,44.6,123,Unhealthy for Sensitive Groups,46.0,UG/M3,1 Hr,Valid
Hyderabad,PM2.5 - Principal,2017-09-22 11:00 PM,2017,09,22,23,41.9,117,Unhealthy for Sensitive Groups,38.0,UG/M3,1 Hr,Valid
Hyderabad,PM2.5 - Principal,2017-09-23 12:00 AM,2017,09,23,00,31.9,93,Moderate,22.0,UG/M3,1 Hr,Valid
Hyderabad,PM2.5 - Principal,2017-09-23 01:00 AM,2017,09,23,01,30.4,89,Moderate,29.0,UG/M3,1 Hr,Valid
Hyderabad,PM2.5 - Principal,2017-09-23 02:00 AM,2017,09,23,02,34.2,97,Moderate,38.0,UG/M3,1 Hr,Valid
Hyderabad,PM2.5 - Principal,2017-09-23 03:00 AM,2017,09,23,03,49.6,136,Unhealthy for Sensitive Groups,65.0,UG/M3,1 Hr,Valid
Hyderabad,PM2.5 - Principal,2017-09-23 04:00 AM,2017,09,23,04,62.8,155,Unhealthy,76.0,UG/M3,1 Hr,Valid
Hyderabad,PM2.5 - Principal,2017-09-23 05:00 AM,2017,09,23,05,53.4,145,Unhealthy for Sensitive Groups,44.0,UG/M3,1 Hr,Valid
Hyderabad,PM2.5 - Principal,2017-09-23 06:00 AM,2017,09,23,06,46.2,127,Unhealthy for Sensitive Groups,39.0,UG/M3,1 Hr,Valid
Hyderabad,PM2.5 - Principal,2017-09-23 07:00 AM,2017,09,23,07,59.1,153,Unhealthy,72.0,UG/M3,1 Hr,Valid
Hyderabad,PM2.5 - Principal,2017-09-23 08:00 AM,2017,09,23,08,70.5,159,Unhealthy,82.0,UG/M3,1 Hr,Valid
Hyderabad,PM2.5 - Principal,2017-09-23 09:00 AM,2017,09,23,09,64.7,156,Unhealthy,59.0,UG/M3,1 Hr,Valid
Hyderabad,PM2.5 - Principal,2017-09-23 10:00 AM,2017,09,23,10,74.3,161,Unhealthy,84.0,UG/M3,1 Hr,Valid
Hyderabad,PM2.5 - Principal,2017-09-23 11:00 AM,2017,09,23,11,49.6,136,Unhealthy for Sensitive Groups,25.0,UG/M3,1 Hr,Valid
Hyderabad,PM2.5 - Principal,2017-09-23 12:00 PM,2017,09,23,12,34.3,98,Moderate,19.0,UG/M3,1 Hr,Valid
Hyderabad,PM2.5 - Principal,2017-09-23 01:00 PM,2017,09,23,13,31.6,92,Moderate,29.0,UG/M3,1 Hr,Valid
Hyderabad,PM2.5 - Principal,2017-09-23 02:00 PM,2017,09,23,14,32.3,93,Moderate,33.0,UG/M3,1 Hr,Valid
Hyderabad,PM2.5 - Principal,2017-09-23 03:00 PM,2017,09,23,15,30.6,90,Moderate,29.0,UG/M3,1 Hr,Valid
Hyderabad,PM2.5 - Principal,2017-09-23 04:00 PM,2017,09,23,16,29.8,88,Moderate,29.0,UG/M3,1 Hr,Valid
Hyderabad,PM2.5 - Principal,2017-09-23 05:00 PM,2017,09,23,17,31.4,92,Moderate,33.0,UG/M3,1 Hr,Valid
Hyderabad,PM2.5 - Principal,2017-09-23 06:00 PM,2017,09,23,18,33.7,96,Moderate,36.0,UG/M3,1 Hr,Valid
Hyderabad,PM2.5 - Principal,2017-09-23 07:00 PM,2017,09,23,19,33.3,96,Moderate,33.0,UG/M3,1 Hr,Valid
Hyderabad,PM2.5 - Principal,2017-09-23 08:00 PM,2017,09,23,20,40.1,112,Unhealthy for Sensitive Groups,47.0,UG/M3,1 Hr,Valid
Hyderabad,PM2.5 - Principal,2017-09-23 09:00 PM,2017,09,23,21,48.5,133,Unhealthy for Sensitive Groups,57.0,UG/M3,1 Hr,Valid
Hyderabad,PM2.5 - Principal,2017-09-23 10:00 PM,2017,09,23,22,48.7,134,Unhealthy for Sensitive Groups,49.0,UG/M3,1 Hr,Valid
Hyderabad,PM2.5 - Principal,2017-09-23 11:00 PM,2017,09,23,23,48.3,133,Unhealthy for Sensitive Groups,48.0,UG/M3,1 Hr,Valid
Hyderabad,PM2.5 - Principal,2017-09-24 12:00 AM,2017,09,24,00,48.1,132,Unhealthy for Sensitive Groups,48.0,UG/M3,1 Hr,Valid
Hyderabad,PM2.5 - Principal,2017-09-24 01:00 AM,2017,09,24,01,49.5,135,Unhealthy for Sensitive Groups,51.0,UG/M3,1 Hr,Valid
Hyderabad,PM2.5 - Principal,2017-09-24 02:00 AM,2017,09,24,02,53.2,145,Unhealthy for Sensitive Groups,57.0,UG/M3,1 Hr,Valid
Hyderabad,PM2.5 - Principal,2017-09-24 03:00 AM,2017,09,24,03,53.2,145,Unhealthy for Sensitive Groups,-999.0,UG/M3,1 Hr,Missing
Hyderabad,PM2.5 - Principal,2017-09-24 04:00 AM,2017,09,24,04,55.7,151,Unhealthy,58.0,UG/M3,1 Hr,Valid
Hyderabad,PM2.5 - Principal,2017-09-24 05:00 AM,2017,09,24,05,58.6,153,Unhealthy,61.0,UG/M3,1 Hr,Valid
Hyderabad,PM2.5 - Principal,2017-09-24 06:00 AM,2017,09,24,06,118.2,183,Unhealthy,170.0,UG/M3,1 Hr,Valid
Hyderabad,PM2.5 - Principal,2017-09-24 07:00 AM,2017,09,24,07,97.9,173,Unhealthy,79.0,UG/M3,1 Hr,Valid
Hyderabad,PM2.5 - Principal,2017-09-24 08:00 AM,2017,09,24,08,106.1,177,Unhealthy,114.0,UG/M3,1 Hr,Valid
Hyderabad,PM2.5 - Principal,2017-09-24 09:00 AM,2017,09,24,09,90.9,169,Unhealthy,76.0,UG/M3,1 Hr,Valid
Hyderabad,PM2.5 - Principal,2017-09-24 10:00 AM,2017,09,24,10,63.3,155,Unhealthy,36.0,UG/M3,1 Hr,Valid
Hyderabad,PM2.5 - Principal,2017-09-24 11:00 AM,2017,09,24,11,46.6,128,Unhealthy for Sensitive Groups,30.0,UG/M3,1 Hr,Valid
Hyderabad,PM2.5 - Principal,2017-09-24 12:00 PM,2017,09,24,12,39.3,110,Unhealthy for Sensitive Groups,32.0,UG/M3,1 Hr,Valid
Hyderabad,PM2.5 - Principal,2017-09-24 01:00 PM,2017,09,24,13,35.6,101,Unhealthy for Sensitive Groups,32.0,UG/M3,1 Hr,Valid
Hyderabad,PM2.5 - Principal,2017-09-24 02:00 PM,2017,09,24,14,36.8,104,Unhealthy for Sensitive Groups,38.0,UG/M3,1 Hr,Valid
Hyderabad,PM2.5 - Principal,2017-09-24 03:00 PM,2017,09,24,15,37.4,106,Unhealthy for Sensitive Groups,38.0,UG/M3,1 Hr,Valid
Hyderabad,PM2.5 - Principal,2017-09-24 04:00 PM,2017,09,24,16,36.7,104,Unhealthy for Sensitive Groups,36.0,UG/M3,1 Hr,Valid
Hyderabad,PM2.5 - Principal,2017-09-24 05:00 PM,2017,09,24,17,34.8,99,Moderate,33.0,UG/M3,1 Hr,Valid
Hyderabad,PM2.5 - Principal,2017-09-24 06:00 PM,2017,09,24,18,37.4,106,Unhealthy for Sensitive Groups,40.0,UG/M3,1 Hr,Valid
Hyderabad,PM2.5 - Principal,2017-09-24 07:00 PM,2017,09,24,19,41.7,116,Unhealthy for Sensitive Groups,46.0,UG/M3,1 Hr,Valid
Hyderabad,PM2.5 - Principal,2017-09-24 08:00 PM,2017,09,24,20,39.8,112,Unhealthy for Sensitive Groups,38.0,UG/M3,1 Hr,Valid
Hyderabad,PM2.5 - Principal,2017-09-24 09:00 PM,2017,09,24,21,46.0,127,Unhealthy for Sensitive Groups,54.0,UG/M3,1 Hr,Valid
Hyderabad,PM2.5 - Principal,2017-09-24 10:00 PM,2017,09,24,22,48.7,134,Unhealthy for Sensitive Groups,52.0,UG/M3,1 Hr,Valid
Hyderabad,PM2.5 - Principal,2017-09-24 11:00 PM,2017,09,24,23,51.1,139,Unhealthy for Sensitive Groups,55.0,UG/M3,1 Hr,Valid
Hyderabad,PM2.5 - Principal,2017-09-25 12:00 AM,2017,09,25,00,57.4,152,Unhealthy,63.0,UG/M3,1 Hr,Valid
Hyderabad,PM2.5 - Principal,2017-09-25 01:00 AM,2017,09,25,01,58.0,152,Unhealthy,59.0,UG/M3,1 Hr,Valid
Hyderabad,PM2.5 - Principal,2017-09-25 02:00 AM,2017,09,25,02,53.7,146,Unhealthy for Sensitive Groups,49.0,UG/M3,1 Hr,Valid
Hyderabad,PM2.5 - Principal,2017-09-25 03:00 AM,2017,09,25,03,54.3,147,Unhealthy for Sensitive Groups,55.0,UG/M3,1 Hr,Valid
Hyderabad,PM2.5 - Principal,2017-09-25 04:00 AM,2017,09,25,04,56.0,151,Unhealthy,58.0,UG/M3,1 Hr,Valid
Hyderabad,PM2.5 - Principal,2017-09-25 05:00 AM,2017,09,25,05,58.2,152,Unhealthy,62.0,UG/M3,1 Hr,Valid
Hyderabad,PM2.5 - Principal,2017-09-25 06:00 AM,2017,09,25,06,55.4,150,Unhealthy for Sensitive Groups,51.0,UG/M3,1 Hr,Valid
Hyderabad,PM2.5 - Principal,2017-09-25 07:00 AM,2017,09,25,07,51.2,140,Unhealthy for Sensitive Groups,45.0,UG/M3,1 Hr,Valid
Hyderabad,PM2.5 - Principal,2017-09-25 08:00 AM,2017,09,25,08,54.7,148,Unhealthy for Sensitive Groups,60.0,UG/M3,1 Hr,Valid
Hyderabad,PM2.5 - Principal,2017-09-25 09:00 AM,2017,09,25,09,53.9,146,Unhealthy for Sensitive Groups,52.0,UG/M3,1 Hr,Valid
Hyderabad,PM2.5 - Principal,2017-09-25 10:00 AM,2017,09,25,10,48.6,133,Unhealthy for Sensitive Groups,40.0,UG/M3,1 Hr,Valid
Hyderabad,PM2.5 - Principal,2017-09-25 11:00 AM,2017,09,25,11,46.5,128,Unhealthy for Sensitive Groups,43.0,UG/M3,1 Hr,Valid
Hyderabad,PM2.5 - Principal,2017-09-25 12:00 PM,2017,09,25,12,44.6,123,Unhealthy for Sensitive Groups,41.0,UG/M3,1 Hr,Valid
Hyderabad,PM2.5 - Principal,2017-09-25 01:00 PM,2017,09,25,13,45.4,125,Unhealthy for Sensitive Groups,47.0,UG/M3,1 Hr,Valid
Hyderabad,PM2.5 - Principal,2017-09-25 02:00 PM,2017,09,25,14,43.5,121,Unhealthy for Sensitive Groups,40.0,UG/M3,1 Hr,Valid
Hyderabad,PM2.5 - Principal,2017-09-25 03:00 PM,2017,09,25,15,43.3,120,Unhealthy for Sensitive Groups,43.0,UG/M3,1 Hr,Valid
Hyderabad,PM2.5 - Principal,2017-09-25 04:00 PM,2017,09,25,16,47.0,129,Unhealthy for Sensitive Groups,54.0,UG/M3,1 Hr,Valid
Hyderabad,PM2.5 - Principal,2017-09-25 05:00 PM,2017,09,25,17,54.1,147,Unhealthy for Sensitive Groups,65.0,UG/M3,1 Hr,Valid
Hyderabad,PM2.5 - Principal,2017-09-25 06:00 PM,2017,09,25,18,66.2,157,Unhealthy,77.0,UG/M3,1 Hr,Valid
Hyderabad,PM2.5 - Principal,2017-09-25 07:00 PM,2017,09,25,19,61.3,154,Unhealthy,56.0,UG/M3,1 Hr,Valid
Hyderabad,PM2.5 - Principal,2017-09-25 08:00 PM,2017,09,25,20,53.9,146,Unhealthy for Sensitive Groups,46.0,UG/M3,1 Hr,Valid
Hyderabad,PM2.5 - Principal,2017-09-25 09:00 PM,2017,09,25,21,65.6,156,Unhealthy,78.0,UG/M3,1 Hr,Valid
Hyderabad,PM2.5 - Principal,2017-09-25 10:00 PM,2017,09,25,22,71.6,159,Unhealthy,78.0,UG/M3,1 Hr,Valid
Hyderabad,PM2.5 - Principal,2017-09-25 11:00 PM,2017,09,25,23,76.4,162,Unhealthy,81.0,UG/M3,1 Hr,Valid
Hyderabad,PM2.5 - Principal,2017-09-26 12:00 AM,2017,09,26,00,63.2,155,Unhealthy,50.0,UG/M3,1 Hr,Valid
Hyderabad,PM2.5 - Principal,2017-09-26 01:00 AM,2017,09,26,01,90.6,169,Unhealthy,118.0,UG/M3,1 Hr,Valid
Hyderabad,PM2.5 - Principal,2017-09-26 02:00 AM,2017,09,26,02,67.8,157,Unhealthy,45.0,UG/M3,1 Hr,Valid
Hyderabad,PM2.5 - Principal,2017-09-26 03:00 AM,2017,09,26,03,49.9,136,Unhealthy for Sensitive Groups,32.0,UG/M3,1 Hr,Valid
Hyderabad,PM2.5 - Principal,2017-09-26 04:00 AM,2017,09,26,04,48.9,134,Unhealthy for Sensitive Groups,48.0,UG/M3,1 Hr,Valid
Hyderabad,PM2.5 - Principal,2017-09-26 05:00 AM,2017,09,26,05,47.9,132,Unhealthy for Sensitive Groups,47.0,UG/M3,1 Hr,Valid
Hyderabad,PM2.5 - Principal,2017-09-26 06:00 AM,2017,09,26,06,52.4,143,Unhealthy for Sensitive Groups,57.0,UG/M3,1 Hr,Valid
Hyderabad,PM2.5 - Principal,2017-09-26 07:00 AM,2017,09,26,07,55.7,151,Unhealthy,59.0,UG/M3,1 Hr,Valid
Hyderabad,PM2.5 - Principal,2017-09-26 08:00 AM,2017,09,26,08,59.8,153,Unhealthy,64.0,UG/M3,1 Hr,Valid
Hyderabad,PM2.5 - Principal,2017-09-26 09:00 AM,2017,09,26,09,65.9,156,Unhealthy,72.0,UG/M3,1 Hr,Valid
Hyderabad,PM2.5 - Principal,2017-09-26 10:00 AM,2017,09,26,10,64.4,156,Unhealthy,63.0,UG/M3,1 Hr,Valid
Hyderabad,PM2.5 - Principal,2017-09-26 11:00 AM,2017,09,26,11,70.7,159,Unhealthy,77.0,UG/M3,1 Hr,Valid
Hyderabad,PM2.5 - Principal,2017-09-26 12:00 PM,2017,09,26,12,68.3,158,Unhealthy,66.0,UG/M3,1 Hr,Valid
Hyderabad,PM2.5 - Principal,2017-09-26 01:00 PM,2017,09,26,13,67.1,157,Unhealthy,66.0,UG/M3,1 Hr,Valid
Hyderabad,PM2.5 - Principal,2017-09-26 02:00 PM,2017,09,26,14,67.1,157,Unhealthy,-999.0,UG/M3,1 Hr,Missing
Hyderabad,PM2.5 - Principal,2017-09-26 03:00 PM,2017,09,26,15,55.9,151,Unhealthy,46.0,UG/M3,1 Hr,Valid
Hyderabad,PM2.5 - Principal,2017-09-26 04:00 PM,2017,09,26,16,50.4,138,Unhealthy for Sensitive Groups,45.0,UG/M3,1 Hr,Valid
Hyderabad,PM2.5 - Principal,2017-09-26 05:00 PM,2017,09,26,17,49.3,135,Unhealthy for Sensitive Groups,48.0,UG/M3,1 Hr,Valid
Hyderabad,PM2.5 - Principal,2017-09-26 06:00 PM,2017,09,26,18,49.3,135,Unhealthy for Sensitive Groups,-999.0,UG/M3,1 Hr,Missing
Hyderabad,PM2.5 - Principal,2017-09-26 07:00 PM,2017,09,26,19,49.6,136,Unhealthy for Sensitive Groups,50.0,UG/M3,1 Hr,Valid
Hyderabad,PM2.5 - Principal,2017-09-26 08:00 PM,2017,09,26,20,54.7,148,Unhealthy for Sensitive Groups,60.0,UG/M3,1 Hr,Valid
Hyderabad,PM2.5 - Principal,2017-09-26 09:00 PM,2017,09,26,21,54.7,148,Unhealthy for Sensitive Groups,-999.0,UG/M3,1 Hr,Missing
Hyderabad,PM2.5 - Principal,2017-09-26 10:00 PM,2017,09,26,22,67.3,157,Unhealthy,76.0,UG/M3,1 Hr,Valid
Hyderabad,PM2.5 - Principal,2017-09-26 11:00 PM,2017,09,26,23,70.0,158,Unhealthy,73.0,UG/M3,1 Hr,Valid
Hyderabad,PM2.5 - Principal,2017-09-27 12:00 AM,2017,09,27,00,69.5,158,Unhealthy,69.0,UG/M3,1 Hr,Valid
Hyderabad,PM2.5 - Principal,2017-09-27 01:00 AM,2017,09,27,01,71.0,159,Unhealthy,73.0,UG/M3,1 Hr,Valid
Hyderabad,PM2.5 - Principal,2017-09-27 02:00 AM,2017,09,27,02,71.0,159,Unhealthy,71.0,UG/M3,1 Hr,Valid
Hyderabad,PM2.5 - Principal,2017-09-27 03:00 AM,2017,09,27,03,68.9,158,Unhealthy,66.0,UG/M3,1 Hr,Valid
Hyderabad,PM2.5 - Principal,2017-09-27 04:00 AM,2017,09,27,04,71.6,159,Unhealthy,76.0,UG/M3,1 Hr,Valid
Hyderabad,PM2.5 - Principal,2017-09-27 05:00 AM,2017,09,27,05,70.6,159,Unhealthy,69.0,UG/M3,1 Hr,Valid
Hyderabad,PM2.5 - Principal,2017-09-27 06:00 AM,2017,09,27,06,84.7,166,Unhealthy,99.0,UG/M3,1 Hr,Valid
Hyderabad,PM2.5 - Principal,2017-09-27 07:00 AM,2017,09,27,07,85.9,167,Unhealthy,92.0,UG/M3,1 Hr,Valid
Hyderabad,PM2.5 - Principal,2017-09-27 08:00 AM,2017,09,27,08,79.8,164,Unhealthy,71.0,UG/M3,1 Hr,Valid
Hyderabad,PM2.5 - Principal,2017-09-27 09:00 AM,2017,09,27,09,80.2,164,Unhealthy,81.0,UG/M3,1 Hr,Valid
Hyderabad,PM2.5 - Principal,2017-09-27 10:00 AM,2017,09,27,10,71.7,159,Unhealthy,59.0,UG/M3,1 Hr,Valid
Hyderabad,PM2.5 - Principal,2017-09-27 11:00 AM,2017,09,27,11,66.5,157,Unhealthy,59.0,UG/M3,1 Hr,Valid
Hyderabad,PM2.5 - Principal,2017-09-27 12:00 PM,2017,09,27,12,57.2,152,Unhealthy,50.0,UG/M3,1 Hr,Valid
Hyderabad,PM2.5 - Principal,2017-09-27 01:00 PM,2017,09,27,13,57.2,152,Unhealthy,-999.0,UG/M3,1 Hr,Missing
Hyderabad,PM2.5 - Principal,2017-09-27 02:00 PM,2017,09,27,14,75.5,161,Unhealthy,85.0,UG/M3,1 Hr,Valid
Hyderabad,PM2.5 - Principal,2017-09-27 03:00 PM,2017,09,27,15,58.1,152,Unhealthy,45.0,UG/M3,1 Hr,Valid
Hyderabad,PM2.5 - Principal,2017-09-27 04:00 PM,2017,09,27,16,57.0,152,Unhealthy,56.0,UG/M3,1 Hr,Valid
Hyderabad,PM2.5 - Principal,2017-09-27 05:00 PM,2017,09,27,17,67.3,157,Unhealthy,77.0,UG/M3,1 Hr,Valid
Hyderabad,PM2.5 - Principal,2017-09-27 06:00 PM,2017,09,27,18,76.8,162,Unhealthy,86.0,UG/M3,1 Hr,Valid
Hyderabad,PM2.5 - Principal,2017-09-27 07:00 PM,2017,09,27,19,86.9,167,Unhealthy,97.0,UG/M3,1 Hr,Valid
Hyderabad,PM2.5 - Principal,2017-09-27 08:00 PM,2017,09,27,20,100.5,174,Unhealthy,114.0,UG/M3,1 Hr,Valid
Hyderabad,PM2.5 - Principal,2017-09-27 09:00 PM,2017,09,27,21,103.7,176,Unhealthy,107.0,UG/M3,1 Hr,Valid
Hyderabad,PM2.5 - Principal,2017-09-27 10:00 PM,2017,09,27,22,90.3,169,Unhealthy,77.0,UG/M3,1 Hr,Valid
Hyderabad,PM2.5 - Principal,2017-09-27 11:00 PM,2017,09,27,23,76.6,162,Unhealthy,63.0,UG/M3,1 Hr,Valid
Hyderabad,PM2.5 - Principal,2017-09-28 12:00 AM,2017,09,28,00,70.8,159,Unhealthy,65.0,UG/M3,1 Hr,Valid
Hyderabad,PM2.5 - Principal,2017-09-28 01:00 AM,2017,09,28,01,69.9,158,Unhealthy,69.0,UG/M3,1 Hr,Valid
Hyderabad,PM2.5 - Principal,2017-09-28 02:00 AM,2017,09,28,02,65.9,156,Unhealthy,62.0,UG/M3,1 Hr,Valid
Hyderabad,PM2.5 - Principal,2017-09-28 03:00 AM,2017,09,28,03,66.4,157,Unhealthy,67.0,UG/M3,1 Hr,Valid
Hyderabad,PM2.5 - Principal,2017-09-28 04:00 AM,2017,09,28,04,71.4,159,Unhealthy,77.0,UG/M3,1 Hr,Valid
Hyderabad,PM2.5 - Principal,2017-09-28 05:00 AM,2017,09,28,05,70.3,159,Unhealthy,69.0,UG/M3,1 Hr,Valid
Hyderabad,PM2.5 - Principal,2017-09-28 06:00 AM,2017,09,28,06,66.9,157,Unhealthy,63.0,UG/M3,1 Hr,Valid
Hyderabad,PM2.5 - Principal,2017-09-28 07:00 AM,2017,09,28,07,65.1,156,Unhealthy,63.0,UG/M3,1 Hr,Valid
Hyderabad,PM2.5 - Principal,2017-09-28 08:00 AM,2017,09,28,08,62.4,155,Unhealthy,59.0,UG/M3,1 Hr,Valid
Hyderabad,PM2.5 - Principal,2017-09-28 09:00 AM,2017,09,28,09,63.4,155,Unhealthy,60.0,UG/M3,1 Hr,Valid
Hyderabad,PM2.5 - Principal,2017-09-28 10:00 AM,2017,09,28,10,65.1,156,Unhealthy,71.0,UG/M3,1 Hr,Valid
Hyderabad,PM2.5 - Principal,2017-09-28 11:00 AM,2017,09,28,11,76.0,162,Unhealthy,94.0,UG/M3,1 Hr,Valid
Hyderabad,PM2.5 - Principal,2017-09-28 12:00 PM,2017,09,28,12,74.1,161,Unhealthy,71.0,UG/M3,1 Hr,Valid
Hyderabad,PM2.5 - Principal,2017-09-28 01:00 PM,2017,09,28,13,62.7,155,Unhealthy,49.0,UG/M3,1 Hr,Valid
Hyderabad,PM2.5 - Principal,2017-09-28 02:00 PM,2017,09,28,14,59.5,153,Unhealthy,56.0,UG/M3,1 Hr,Valid
Hyderabad,PM2.5 - Principal,2017-09-28 03:00 PM,2017,09,28,15,77.2,162,Unhealthy,96.0,UG/M3,1 Hr,Valid
Hyderabad,PM2.5 - Principal,2017-09-28 04:00 PM,2017,09,28,16,91.7,170,Unhealthy,106.0,UG/M3,1 Hr,Valid
Hyderabad,PM2.5 - Principal,2017-09-28 05:00 PM,2017,09,28,17,100.3,174,Unhealthy,109.0,UG/M3,1 Hr,Valid
Hyderabad,PM2.5 - Principal,2017-09-28 06:00 PM,2017,09,28,18,71.6,159,Unhealthy,43.0,UG/M3,1 Hr,Valid
Hyderabad,PM2.5 - Principal,2017-09-28 07:00 PM,2017,09,28,19,71.6,159,Unhealthy,-999.0,UG/M3,1 Hr,Missing
Hyderabad,PM2.5 - Principal,2017-09-28 08:00 PM,2017,09,28,20,50.5,138,Unhealthy for Sensitive Groups,40.0,UG/M3,1 Hr,Valid
Hyderabad,PM2.5 - Principal,2017-09-28 09:00 PM,2017,09,28,21,51.9,141,Unhealthy for Sensitive Groups,53.0,UG/M3,1 Hr,Valid
Hyderabad,PM2.5 - Principal,2017-09-28 10:00 PM,2017,09,28,22,51.9,141,Unhealthy for Sensitive Groups,-999.0,UG/M3,1 Hr,Missing
Hyderabad,PM2.5 - Principal,2017-09-28 11:00 PM,2017,09,28,23,46.4,128,Unhealthy for Sensitive Groups,44.0,UG/M3,1 Hr,Valid
Hyderabad,PM2.5 - Principal,2017-09-29 12:00 AM,2017,09,29,00,36.2,103,Unhealthy for Sensitive Groups,29.0,UG/M3,1 Hr,Valid
Hyderabad,PM2.5 - Principal,2017-09-29 01:00 AM,2017,09,29,01,33.9,97,Moderate,32.0,UG/M3,1 Hr,Valid
Hyderabad,PM2.5 - Principal,2017-09-29 02:00 AM,2017,09,29,02,33.9,97,Moderate,-999.0,UG/M3,1 Hr,Missing
Hyderabad,PM2.5 - Principal,2017-09-29 03:00 AM,2017,09,29,03,38.7,109,Unhealthy for Sensitive Groups,41.0,UG/M3,1 Hr,Valid
Hyderabad,PM2.5 - Principal,2017-09-29 04:00 AM,2017,09,29,04,42.9,119,Unhealthy for Sensitive Groups,46.0,UG/M3,1 Hr,Valid
Hyderabad,PM2.5 - Principal,2017-09-29 05:00 AM,2017,09,29,05,44.2,122,Unhealthy for Sensitive Groups,46.0,UG/M3,1 Hr,Valid
Hyderabad,PM2.5 - Principal,2017-09-29 06:00 AM,2017,09,29,06,50.2,137,Unhealthy for Sensitive Groups,56.0,UG/M3,1 Hr,Valid
Hyderabad,PM2.5 - Principal,2017-09-29 07:00 AM,2017,09,29,07,66.0,156,Unhealthy,81.0,UG/M3,1 Hr,Valid
Hyderabad,PM2.5 - Principal,2017-09-29 08:00 AM,2017,09,29,08,70.5,159,Unhealthy,75.0,UG/M3,1 Hr,Valid
Hyderabad,PM2.5 - Principal,2017-09-29 09:00 AM,2017,09,29,09,60.7,154,Unhealthy,51.0,UG/M3,1 Hr,Valid
Hyderabad,PM2.5 - Principal,2017-09-29 10:00 AM,2017,09,29,10,59.3,153,Unhealthy,58.0,UG/M3,1 Hr,Valid
Hyderabad,PM2.5 - Principal,2017-09-29 11:00 AM,2017,09,29,11,59.6,153,Unhealthy,60.0,UG/M3,1 Hr,Valid
Hyderabad,PM2.5 - Principal,2017-09-29 12:00 PM,2017,09,29,12,61.3,154,Unhealthy,63.0,UG/M3,1 Hr,Valid
Hyderabad,PM2.5 - Principal,2017-09-29 01:00 PM,2017,09,29,13,61.6,154,Unhealthy,62.0,UG/M3,1 Hr,Valid
Hyderabad,PM2.5 - Principal,2017-09-29 02:00 PM,2017,09,29,14,59.3,153,Unhealthy,57.0,UG/M3,1 Hr,Valid
Hyderabad,PM2.5 - Principal,2017-09-29 03:00 PM,2017,09,29,15,54.1,147,Unhealthy for Sensitive Groups,47.0,UG/M3,1 Hr,Valid
Hyderabad,PM2.5 - Principal,2017-09-29 04:00 PM,2017,09,29,16,57.5,152,Unhealthy,62.0,UG/M3,1 Hr,Valid
Hyderabad,PM2.5 - Principal,2017-09-29 05:00 PM,2017,09,29,17,55.6,151,Unhealthy,53.0,UG/M3,1 Hr,Valid
Hyderabad,PM2.5 - Principal,2017-09-29 06:00 PM,2017,09,29,18,42.6,118,Unhealthy for Sensitive Groups,30.0,UG/M3,1 Hr,Valid
Hyderabad,PM2.5 - Principal,2017-09-29 07:00 PM,2017,09,29,19,42.8,119,Unhealthy for Sensitive Groups,43.0,UG/M3,1 Hr,Valid
Hyderabad,PM2.5 - Principal,2017-09-29 08:00 PM,2017,09,29,20,55.9,151,Unhealthy,69.0,UG/M3,1 Hr,Valid
Hyderabad,PM2.5 - Principal,2017-09-29 09:00 PM,2017,09,29,21,60.4,154,Unhealthy,65.0,UG/M3,1 Hr,Valid
Hyderabad,PM2.5 - Principal,2017-09-29 10:00 PM,2017,09,29,22,56.7,152,Unhealthy,53.0,UG/M3,1 Hr,Valid
Hyderabad,PM2.5 - Principal,2017-09-29 11:00 PM,2017,09,29,23,40.3,113,Unhealthy for Sensitive Groups,24.0,UG/M3,1 Hr,Valid
Hyderabad,PM2.5 - Principal,2017-09-30 12:00 AM,2017,09,30,00,30.1,89,Moderate,20.0,UG/M3,1 Hr,Valid
Hyderabad,PM2.5 - Principal,2017-09-30 01:00 AM,2017,09,30,01,30.0,89,Moderate,30.0,UG/M3,1 Hr,Valid
Hyderabad,PM2.5 - Principal,2017-09-30 02:00 AM,2017,09,30,02,34.5,98,Moderate,39.0,UG/M3,1 Hr,Valid
Hyderabad,PM2.5 - Principal,2017-09-30 03:00 AM,2017,09,30,03,42.2,117,Unhealthy for Sensitive Groups,50.0,UG/M3,1 Hr,Valid
Hyderabad,PM2.5 - Principal,2017-09-30 04:00 AM,2017,09,30,04,50.1,137,Unhealthy for Sensitive Groups,58.0,UG/M3,1 Hr,Valid
Hyderabad,PM2.5 - Principal,2017-09-30 05:00 AM,2017,09,30,05,50.0,137,Unhealthy for Sensitive Groups,50.0,UG/M3,1 Hr,Valid
Hyderabad,PM2.5 - Principal,2017-09-30 06:00 AM,2017,09,30,06,56.0,151,Unhealthy,62.0,UG/M3,1 Hr,Valid
Hyderabad,PM2.5 - Principal,2017-09-30 07:00 AM,2017,09,30,07,61.5,154,Unhealthy,67.0,UG/M3,1 Hr,Valid
Hyderabad,PM2.5 - Principal,2017-09-30 08:00 AM,2017,09,30,08,73.2,160,Unhealthy,85.0,UG/M3,1 Hr,Valid
Hyderabad,PM2.5 - Principal,2017-09-30 09:00 AM,2017,09,30,09,81.6,164,Unhealthy,90.0,UG/M3,1 Hr,Valid
Hyderabad,PM2.5 - Principal,2017-09-30 10:00 AM,2017,09,30,10,93.8,171,Unhealthy,106.0,UG/M3,1 Hr,Valid
Hyderabad,PM2.5 - Principal,2017-09-30 11:00 AM,2017,09,30,11,81.4,164,Unhealthy,69.0,UG/M3,1 Hr,Valid
Hyderabad,PM2.5 - Principal,2017-09-30 12:00 PM,2017,09,30,12,64.7,156,Unhealthy,48.0,UG/M3,1 Hr,Valid
Hyderabad,PM2.5 - Principal,2017-09-30 01:00 PM,2017,09,30,13,53.3,145,Unhealthy for Sensitive Groups,42.0,UG/M3,1 Hr,Valid
Hyderabad,PM2.5 - Principal,2017-09-30 02:00 PM,2017,09,30,14,53.1,144,Unhealthy for Sensitive Groups,53.0,UG/M3,1 Hr,Valid
Hyderabad,PM2.5 - Principal,2017-09-30 03:00 PM,2017,09,30,15,50.5,138,Unhealthy for Sensitive Groups,48.0,UG/M3,1 Hr,Valid
Hyderabad,PM2.5 - Principal,2017-09-30 04:00 PM,2017,09,30,16,55.7,151,Unhealthy,61.0,UG/M3,1 Hr,Valid
Hyderabad,PM2.5 - Principal,2017-09-30 05:00 PM,2017,09,30,17,59.3,153,Unhealthy,63.0,UG/M3,1 Hr,Valid
Hyderabad,PM2.5 - Principal,2017-09-30 06:00 PM,2017,09,30,18,59.1,153,Unhealthy,59.0,UG/M3,1 Hr,Valid
Hyderabad,PM2.5 - Principal,2017-09-30 07:00 PM,2017,09,30,19,61.0,154,Unhealthy,63.0,UG/M3,1 Hr,Valid
Hyderabad,PM2.5 - Principal,2017-09-30 08:00 PM,2017,09,30,20,69.0,158,Unhealthy,77.0,UG/M3,1 Hr,Valid
Hyderabad,PM2.5 - Principal,2017-09-30 09:00 PM,2017,09,30,21,74.5,161,Unhealthy,80.0,UG/M3,1 Hr,Valid
Hyderabad,PM2.5 - Principal,2017-09-30 10:00 PM,2017,09,30,22,76.3,162,Unhealthy,79.0,UG/M3,1 Hr,Valid
Hyderabad,PM2.5 - Principal,2017-09-30 11:00 PM,2017,09,30,23,93.8,171,Unhealthy,111.0,UG/M3,1 Hr,Valid
Hyderabad,PM2.5 - Principal,2017-10-01 12:00 AM,2017,10,01,00,83.4,165,Unhealthy,73.0,UG/M3,1 Hr,Valid
Hyderabad,PM2.5 - Principal,2017-10-01 01:00 AM,2017,10,01,01,79.2,163,Unhealthy,75.0,UG/M3,1 Hr,Valid
Hyderabad,PM2.5 - Principal,2017-10-01 02:00 AM,2017,10,01,02,78.1,163,Unhealthy,77.0,UG/M3,1 Hr,Valid
Hyderabad,PM2.5 - Principal,2017-10-01 03:00 AM,2017,10,01,03,86.1,167,Unhealthy,95.0,UG/M3,1 Hr,Valid
Hyderabad,PM2.5 - Principal,2017-10-01 04:00 AM,2017,10,01,04,88.4,168,Unhealthy,91.0,UG/M3,1 Hr,Valid
Hyderabad,PM2.5 - Principal,2017-10-01 05:00 AM,2017,10,01,05,88.4,168,Unhealthy,-999.0,UG/M3,1 Hr,Missing
Hyderabad,PM2.5 - Principal,2017-10-01 06:00 AM,2017,10,01,06,84.0,166,Unhealthy,81.0,UG/M3,1 Hr,Valid
Hyderabad,PM2.5 - Principal,2017-10-01 07:00 AM,2017,10,01,07,87.4,167,Unhealthy,92.0,UG/M3,1 Hr,Valid
Hyderabad,PM2.5 - Principal,2017-10-01 08:00 AM,2017,10,01,08,98.1,173,Unhealthy,114.0,UG/M3,1 Hr,Valid
Hyderabad,PM2.5 - Principal,2017-10-01 09:00 AM,2017,10,01,09,104.2,176,Unhealthy,114.0,UG/M3,1 Hr,Valid
Hyderabad,PM2.5 - Principal,2017-10-01 10:00 AM,2017,10,01,10,96.3,172,Unhealthy,83.0,UG/M3,1 Hr,Valid
Hyderabad,PM2.5 - Principal,2017-10-01 11:00 AM,2017,10,01,11,90.2,169,Unhealthy,80.0,UG/M3,1 Hr,Valid
Hyderabad,PM2.5 - Principal,2017-10-01 12:00 PM,2017,10,01,12,85.8,167,Unhealthy,77.0,UG/M3,1 Hr,Valid
Hyderabad,PM2.5 - Principal,2017-10-01 01:00 PM,2017,10,01,13,74.2,161,Unhealthy,63.0,UG/M3,1 Hr,Valid
Hyderabad,PM2.5 - Principal,2017-10-01 02:00 PM,2017,10,01,14,67.0,157,Unhealthy,60.0,UG/M3,1 Hr,Valid
Hyderabad,PM2.5 - Principal,2017-10-01 03:00 PM,2017,10,01,15,57.1,152,Unhealthy,48.0,UG/M3,1 Hr,Valid
Hyderabad,PM2.5 - Principal,2017-10-01 04:00 PM,2017,10,01,16,56.0,151,Unhealthy,55.0,UG/M3,1 Hr,Valid
Hyderabad,PM2.5 - Principal,2017-10-01 05:00 PM,2017,10,01,17,53.5,145,Unhealthy for Sensitive Groups,51.0,UG/M3,1 Hr,Valid
Hyderabad,PM2.5 - Principal,2017-10-01 06:00 PM,2017,10,01,18,59.2,153,Unhealthy,65.0,UG/M3,1 Hr,Valid
Hyderabad,PM2.5 - Principal,2017-10-01 07:00 PM,2017,10,01,19,58.6,153,Unhealthy,58.0,UG/M3,1 Hr,Valid
Hyderabad,PM2.5 - Principal,2017-10-01 08:00 PM,2017,10,01,20,64.8,156,Unhealthy,71.0,UG/M3,1 Hr,Valid
Hyderabad,PM2.5 - Principal,2017-10-01 09:00 PM,2017,10,01,21,52.8,144,Unhealthy for Sensitive Groups,41.0,UG/M3,1 Hr,Valid
Hyderabad,PM2.5 - Principal,2017-10-01 10:00 PM,2017,10,01,22,52.0,142,Unhealthy for Sensitive Groups,51.0,UG/M3,1 Hr,Valid
Hyderabad,PM2.5 - Principal,2017-10-01 11:00 PM,2017,10,01,23,61.9,154,Unhealthy,73.0,UG/M3,1 Hr,Valid
Hyderabad,PM2.5 - Principal,2017-10-02 12:00 AM,2017,10,02,00,68.3,158,Unhealthy,76.0,UG/M3,1 Hr,Valid
Hyderabad,PM2.5 - Principal,2017-10-02 01:00 AM,2017,10,02,01,66.8,157,Unhealthy,65.0,UG/M3,1 Hr,Valid
Hyderabad,PM2.5 - Principal,2017-10-02 02:00 AM,2017,10,02,02,64.6,156,Unhealthy,62.0,UG/M3,1 Hr,Valid
Hyderabad,PM2.5 - Principal,2017-10-02 03:00 AM,2017,10,02,03,67.0,157,Unhealthy,70.0,UG/M3,1 Hr,Valid
Hyderabad,PM2.5 - Principal,2017-10-02 04:00 AM,2017,10,02,04,65.6,156,Unhealthy,64.0,UG/M3,1 Hr,Valid
Hyderabad,PM2.5 - Principal,2017-10-02 05:00 AM,2017,10,02,05,60.2,153,Unhealthy,54.0,UG/M3,1 Hr,Valid
Hyderabad,PM2.5 - Principal,2017-10-02 06:00 AM,2017,10,02,06,58.3,152,Unhealthy,56.0,UG/M3,1 Hr,Valid
Hyderabad,PM2.5 - Principal,2017-10-02 07:00 AM,2017,10,02,07,59.0,153,Unhealthy,60.0,UG/M3,1 Hr,Valid
Hyderabad,PM2.5 - Principal,2017-10-02 08:00 AM,2017,10,02,08,58.5,153,Unhealthy,58.0,UG/M3,1 Hr,Valid
Hyderabad,PM2.5 - Principal,2017-10-02 09:00 AM,2017,10,02,09,53.7,146,Unhealthy for Sensitive Groups,46.0,UG/M3,1 Hr,Valid
Hyderabad,PM2.5 - Principal,2017-10-02 10:00 AM,2017,10,02,10,40.6,114,Unhealthy for Sensitive Groups,29.0,UG/M3,1 Hr,Valid
Hyderabad,PM2.5 - Principal,2017-10-02 11:00 AM,2017,10,02,11,28.8,86,Moderate,17.0,UG/M3,1 Hr,Valid
Hyderabad,PM2.5 - Principal,2017-10-02 12:00 PM,2017,10,02,12,29.8,88,Moderate,31.0,UG/M3,1 Hr,Valid
Hyderabad,PM2.5 - Principal,2017-10-02 01:00 PM,2017,10,02,13,35.9,102,Unhealthy for Sensitive Groups,42.0,UG/M3,1 Hr,Valid
Hyderabad,PM2.5 - Principal,2017-10-02 02:00 PM,2017,10,02,14,48.4,133,Unhealthy for Sensitive Groups,61.0,UG/M3,1 Hr,Valid
Hyderabad,PM2.5 - Principal,2017-10-02 03:00 PM,2017,10,02,15,51.2,140,Unhealthy for Sensitive Groups,54.0,UG/M3,1 Hr,Valid
Hyderabad,PM2.5 - Principal,2017-10-02 04:00 PM,2017,10,02,16,49.6,136,Unhealthy for Sensitive Groups,48.0,UG/M3,1 Hr,Valid
Hyderabad,PM2.5 - Principal,2017-10-02 05:00 PM,2017,10,02,17,50.3,137,Unhealthy for Sensitive Groups,51.0,UG/M3,1 Hr,Valid
Hyderabad,PM2.5 - Principal,2017-10-02 06:00 PM,2017,10,02,18,56.1,151,Unhealthy,62.0,UG/M3,1 Hr,Valid
Hyderabad,PM2.5 - Principal,2017-10-02 07:00 PM,2017,10,02,19,48.5,133,Unhealthy for Sensitive Groups,41.0,UG/M3,1 Hr,Valid
Hyderabad,PM2.5 - Principal,2017-10-02 08:00 PM,2017,10,02,20,33.2,95,Moderate,18.0,UG/M3,1 Hr,Valid
Hyderabad,PM2.5 - Principal,2017-10-02 09:00 PM,2017,10,02,21,29.1,87,Moderate,25.0,UG/M3,1 Hr,Valid
Hyderabad,PM2.5 - Principal,2017-10-02 10:00 PM,2017,10,02,22,29.5,88,Moderate,30.0,UG/M3,1 Hr,Valid
Hyderabad,PM2.5 - Principal,2017-10-02 11:00 PM,2017,10,02,23,25.2,79,Moderate,21.0,UG/M3,1 Hr,Valid
Hyderabad,PM2.5 - Principal,2017-10-03 12:00 AM,2017,10,03,00,26.1,80,Moderate,27.0,UG/M3,1 Hr,Valid
Hyderabad,PM2.5 - Principal,2017-10-03 01:00 AM,2017,10,03,01,21.0,70,Moderate,16.0,UG/M3,1 Hr,Valid
Hyderabad,PM2.5 - Principal,2017-10-03 02:00 AM,2017,10,03,02,20.0,68,Moderate,19.0,UG/M3,1 Hr,Valid
Hyderabad,PM2.5 - Principal,2017-10-03 03:00 AM,2017,10,03,03,19.0,66,Moderate,18.0,UG/M3,1 Hr,Valid
Hyderabad,PM2.5 - Principal,2017-10-03 04:00 AM,2017,10,03,04,19.0,66,Moderate,19.0,UG/M3,1 Hr,Valid
Hyderabad,PM2.5 - Principal,2017-10-03 05:00 AM,2017,10,03,05,20.4,68,Moderate,22.0,UG/M3,1 Hr,Valid
Hyderabad,PM2.5 - Principal,2017-10-03 06:00 AM,2017,10,03,06,21.2,70,Moderate,22.0,UG/M3,1 Hr,Valid
Hyderabad,PM2.5 - Principal,2017-10-03 07:00 AM,2017,10,03,07,22.0,72,Moderate,23.0,UG/M3,1 Hr,Valid
Hyderabad,PM2.5 - Principal,2017-10-03 08:00 AM,2017,10,03,08,37.5,106,Unhealthy for Sensitive Groups,53.0,UG/M3,1 Hr,Valid
Hyderabad,PM2.5 - Principal,2017-10-03 09:00 AM,2017,10,03,09,49.7,136,Unhealthy for Sensitive Groups,62.0,UG/M3,1 Hr,Valid
Hyderabad,PM2.5 - Principal,2017-10-03 10:00 AM,2017,10,03,10,46.8,129,Unhealthy for Sensitive Groups,44.0,UG/M3,1 Hr,Valid
Hyderabad,PM2.5 - Principal,2017-10-03 11:00 AM,2017,10,03,11,42.9,119,Unhealthy for Sensitive Groups,39.0,UG/M3,1 Hr,Valid
Hyderabad,PM2.5 - Principal,2017-10-03 12:00 PM,2017,10,03,12,44.9,124,Unhealthy for Sensitive Groups,47.0,UG/M3,1 Hr,Valid
Hyderabad,PM2.5 - Principal,2017-10-03 01:00 PM,2017,10,03,13,49.4,135,Unhealthy for Sensitive Groups,54.0,UG/M3,1 Hr,Valid
Hyderabad,PM2.5 - Principal,2017-10-03 02:00 PM,2017,10,03,14,42.2,117,Unhealthy for Sensitive Groups,35.0,UG/M3,1 Hr,Valid
Hyderabad,PM2.5 - Principal,2017-10-03 03:00 PM,2017,10,03,15,38.6,109,Unhealthy for Sensitive Groups,35.0,UG/M3,1 Hr,Valid
Hyderabad,PM2.5 - Principal,2017-10-03 04:00 PM,2017,10,03,16,38.6,109,Unhealthy for Sensitive Groups,-999.0,UG/M3,1 Hr,Missing
Hyderabad,PM2.5 - Principal,2017-10-03 05:00 PM,2017,10,03,17,26.8,82,Moderate,21.0,UG/M3,1 Hr,Valid
Hyderabad,PM2.5 - Principal,2017-10-03 06:00 PM,2017,10,03,18,25.8,80,Moderate,25.0,UG/M3,1 Hr,Valid
Hyderabad,PM2.5 - Principal,2017-10-03 07:00 PM,2017,10,03,19,34.4,98,Moderate,42.0,UG/M3,1 Hr,Valid
Hyderabad,PM2.5 - Principal,2017-10-03 08:00 PM,2017,10,03,20,36.7,104,Unhealthy for Sensitive Groups,39.0,UG/M3,1 Hr,Valid
Hyderabad,PM2.5 - Principal,2017-10-03 09:00 PM,2017,10,03,21,39.9,112,Unhealthy for Sensitive Groups,43.0,UG/M3,1 Hr,Valid
Hyderabad,PM2.5 - Principal,2017-10-03 10:00 PM,2017,10,03,22,57.6,152,Unhealthy,75.0,UG/M3,1 Hr,Valid
Hyderabad,PM2.5 - Principal,2017-10-03 11:00 PM,2017,10,03,23,58.3,152,Unhealthy,59.0,UG/M3,1 Hr,Valid
Hyderabad,PM2.5 - Principal,2017-10-04 12:00 AM,2017,10,04,00,66.1,156,Unhealthy,74.0,UG/M3,1 Hr,Valid
Hyderabad,PM2.5 - Principal,2017-10-04 01:00 AM,2017,10,04,01,75.6,161,Unhealthy,85.0,UG/M3,1 Hr,Valid
Hyderabad,PM2.5 - Principal,2017-10-04 02:00 AM,2017,10,04,02,80.3,164,Unhealthy,85.0,UG/M3,1 Hr,Valid
Hyderabad,PM2.5 - Principal,2017-10-04 03:00 AM,2017,10,04,03,83.6,166,Unhealthy,87.0,UG/M3,1 Hr,Valid
Hyderabad,PM2.5 - Principal,2017-10-04 04:00 AM,2017,10,04,04,74.3,161,Unhealthy,65.0,UG/M3,1 Hr,Valid
Hyderabad,PM2.5 - Principal,2017-10-04 05:00 AM,2017,10,04,05,65.6,156,Unhealthy,57.0,UG/M3,1 Hr,Valid
Hyderabad,PM2.5 - Principal,2017-10-04 06:00 AM,2017,10,04,06,64.3,156,Unhealthy,63.0,UG/M3,1 Hr,Valid
Hyderabad,PM2.5 - Principal,2017-10-04 07:00 AM,2017,10,04,07,65.6,156,Unhealthy,67.0,UG/M3,1 Hr,Valid
Hyderabad,PM2.5 - Principal,2017-10-04 08:00 AM,2017,10,04,08,79.3,163,Unhealthy,93.0,UG/M3,1 Hr,Valid
Hyderabad,PM2.5 - Principal,2017-10-04 09:00 AM,2017,10,04,09,105.6,177,Unhealthy,132.0,UG/M3,1 Hr,Valid
Hyderabad,PM2.5 - Principal,2017-10-04 10:00 AM,2017,10,04,10,116.8,183,Unhealthy,128.0,UG/M3,1 Hr,Valid
Hyderabad,PM2.5 - Principal,2017-10-04 11:00 AM,2017,10,04,11,120.9,185,Unhealthy,125.0,UG/M3,1 Hr,Valid
Hyderabad,PM2.5 - Principal,2017-10-04 12:00 PM,2017,10,04,12,97.4,173,Unhealthy,74.0,UG/M3,1 Hr,Valid
Hyderabad,PM2.5 - Principal,2017-10-04 01:00 PM,2017,10,04,13,78.2,163,Unhealthy,59.0,UG/M3,1 Hr,Valid
Hyderabad,PM2.5 - Principal,2017-10-04 02:00 PM,2017,10,04,14,60.1,153,Unhealthy,42.0,UG/M3,1 Hr,Valid
Hyderabad,PM2.5 - Principal,2017-10-04 03:00 PM,2017,10,04,15,58.5,153,Unhealthy,57.0,UG/M3,1 Hr,Valid
Hyderabad,PM2.5 - Principal,2017-10-04 04:00 PM,2017,10,04,16,69.7,158,Unhealthy,81.0,UG/M3,1 Hr,Valid
Hyderabad,PM2.5 - Principal,2017-10-04 05:00 PM,2017,10,04,17,70.8,159,Unhealthy,72.0,UG/M3,1 Hr,Valid
Hyderabad,PM2.5 - Principal,2017-10-04 06:00 PM,2017,10,04,18,76.9,162,Unhealthy,83.0,UG/M3,1 Hr,Valid
Hyderabad,PM2.5 - Principal,2017-10-04 07:00 PM,2017,10,04,19,88.9,168,Unhealthy,101.0,UG/M3,1 Hr,Valid
Hyderabad,PM2.5 - Principal,2017-10-04 08:00 PM,2017,10,04,20,88.9,168,Unhealthy,-999.0,UG/M3,1 Hr,Missing
Hyderabad,PM2.5 - Principal,2017-10-04 09:00 PM,2017,10,04,21,-999.0,-999,N/A,-999.0,UG/M3,1 Hr,Missing
Hyderabad,PM2.5 - Principal,2017-10-04 10:00 PM,2017,10,04,22,-999.0,-999,N/A,-999.0,UG/M3,1 Hr,Missing
Hyderabad,PM2.5 - Principal,2017-10-04 11:00 PM,2017,10,04,23,-999.0,-999,N/A,-999.0,UG/M3,1 Hr,Missing
Hyderabad,PM2.5 - Principal,2017-10-05 12:00 AM,2017,10,05,00,-999.0,-999,N/A,172.0,UG/M3,1 Hr,Valid
Hyderabad,PM2.5 - Principal,2017-10-05 01:00 AM,2017,10,05,01,185.3,235,Very Unhealthy,195.0,UG/M3,1 Hr,Valid
Hyderabad,PM2.5 - Principal,2017-10-05 02:00 AM,2017,10,05,02,181.2,231,Very Unhealthy,178.0,UG/M3,1 Hr,Valid
Hyderabad,PM2.5 - Principal,2017-10-05 03:00 AM,2017,10,05,03,172.0,222,Very Unhealthy,164.0,UG/M3,1 Hr,Valid
Hyderabad,PM2.5 - Principal,2017-10-05 04:00 AM,2017,10,05,04,172.0,222,Very Unhealthy,172.0,UG/M3,1 Hr,Valid
Hyderabad,PM2.5 - Principal,2017-10-05 05:00 AM,2017,10,05,05,155.7,206,Very Unhealthy,140.0,UG/M3,1 Hr,Valid
Hyderabad,PM2.5 - Principal,2017-10-05 06:00 AM,2017,10,05,06,149.3,199,Unhealthy,142.0,UG/M3,1 Hr,Valid
Hyderabad,PM2.5 - Principal,2017-10-05 07:00 AM,2017,10,05,07,139.8,195,Unhealthy,120.0,UG/M3,1 Hr,Valid
Hyderabad,PM2.5 - Principal,2017-10-05 08:00 AM,2017,10,05,08,136.3,193,Unhealthy,131.0,UG/M3,1 Hr,Valid
Hyderabad,PM2.5 - Principal,2017-10-05 09:00 AM,2017,10,05,09,132.3,191,Unhealthy,126.0,UG/M3,1 Hr,Valid
Hyderabad,PM2.5 - Principal,2017-10-05 10:00 AM,2017,10,05,10,122.3,185,Unhealthy,111.0,UG/M3,1 Hr,Valid
Hyderabad,PM2.5 - Principal,2017-10-05 11:00 AM,2017,10,05,11,109.8,179,Unhealthy,99.0,UG/M3,1 Hr,Valid
Hyderabad,PM2.5 - Principal,2017-10-05 12:00 PM,2017,10,05,12,89.2,168,Unhealthy,69.0,UG/M3,1 Hr,Valid
Hyderabad,PM2.5 - Principal,2017-10-05 01:00 PM,2017,10,05,13,78.1,163,Unhealthy,67.0,UG/M3,1 Hr,Valid
Hyderabad,PM2.5 - Principal,2017-10-05 02:00 PM,2017,10,05,14,73.5,160,Unhealthy,69.0,UG/M3,1 Hr,Valid
Hyderabad,PM2.5 - Principal,2017-10-05 03:00 PM,2017,10,05,15,66.2,157,Unhealthy,59.0,UG/M3,1 Hr,Valid
Hyderabad,PM2.5 - Principal,2017-10-05 04:00 PM,2017,10,05,16,59.6,153,Unhealthy,53.0,UG/M3,1 Hr,Valid
Hyderabad,PM2.5 - Principal,2017-10-05 05:00 PM,2017,10,05,17,55.7,151,Unhealthy,52.0,UG/M3,1 Hr,Valid
Hyderabad,PM2.5 - Principal,2017-10-05 06:00 PM,2017,10,05,18,54.3,147,Unhealthy for Sensitive Groups,53.0,UG/M3,1 Hr,Valid
Hyderabad,PM2.5 - Principal,2017-10-05 07:00 PM,2017,10,05,19,52.6,143,Unhealthy for Sensitive Groups,51.0,UG/M3,1 Hr,Valid
Hyderabad,PM2.5 - Principal,2017-10-05 08:00 PM,2017,10,05,20,52.6,143,Unhealthy for Sensitive Groups,-999.0,UG/M3,1 Hr,Missing
Hyderabad,PM2.5 - Principal,2017-10-05 09:00 PM,2017,10,05,21,55.5,151,Unhealthy,57.0,UG/M3,1 Hr,Valid
Hyderabad,PM2.5 - Principal,2017-10-05 10:00 PM,2017,10,05,22,55.7,151,Unhealthy,56.0,UG/M3,1 Hr,Valid
Hyderabad,PM2.5 - Principal,2017-10-05 11:00 PM,2017,10,05,23,55.7,151,Unhealthy,-999.0,UG/M3,1 Hr,Missing
Hyderabad,PM2.5 - Principal,2017-10-06 12:00 AM,2017,10,06,00,65.8,156,Unhealthy,77.0,UG/M3,1 Hr,Valid
Hyderabad,PM2.5 - Principal,2017-10-06 01:00 AM,2017,10,06,01,83.4,165,Unhealthy,95.0,UG/M3,1 Hr,Valid
Hyderabad,PM2.5 - Principal,2017-10-06 02:00 AM,2017,10,06,02,72.1,160,Unhealthy,61.0,UG/M3,1 Hr,Valid
Hyderabad,PM2.5 - Principal,2017-10-06 03:00 AM,2017,10,06,03,47.6,131,Unhealthy for Sensitive Groups,25.0,UG/M3,1 Hr,Valid
Hyderabad,PM2.5 - Principal,2017-10-06 04:00 AM,2017,10,06,04,34.5,98,Moderate,22.0,UG/M3,1 Hr,Valid
Hyderabad,PM2.5 - Principal,2017-10-06 05:00 AM,2017,10,06,05,28.7,86,Moderate,23.0,UG/M3,1 Hr,Valid
Hyderabad,PM2.5 - Principal,2017-10-06 06:00 AM,2017,10,06,06,28.3,85,Moderate,28.0,UG/M3,1 Hr,Valid
Hyderabad,PM2.5 - Principal,2017-10-06 07:00 AM,2017,10,06,07,27.6,84,Moderate,27.0,UG/M3,1 Hr,Valid
Hyderabad,PM2.5 - Principal,2017-10-06 08:00 AM,2017,10,06,08,35.8,102,Unhealthy for Sensitive Groups,44.0,UG/M3,1 Hr,Valid
Hyderabad,PM2.5 - Principal,2017-10-06 09:00 AM,2017,10,06,09,51.4,140,Unhealthy for Sensitive Groups,67.0,UG/M3,1 Hr,Valid
Hyderabad,PM2.5 - Principal,2017-10-06 10:00 AM,2017,10,06,10,50.7,138,Unhealthy for Sensitive Groups,50.0,UG/M3,1 Hr,Valid
Hyderabad,PM2.5 - Principal,2017-10-06 11:00 AM,2017,10,06,11,42.8,119,Unhealthy for Sensitive Groups,35.0,UG/M3,1 Hr,Valid
Hyderabad,PM2.5 - Principal,2017-10-06 12:00 PM,2017,10,06,12,41.9,117,Unhealthy for Sensitive Groups,41.0,UG/M3,1 Hr,Valid
Hyderabad,PM2.5 - Principal,2017-10-06 01:00 PM,2017,10,06,13,41.9,117,Unhealthy for Sensitive Groups,-999.0,UG/M3,1 Hr,Missing
Hyderabad,PM2.5 - Principal,2017-10-06 02:00 PM,2017,10,06,14,34.6,98,Moderate,31.0,UG/M3,1 Hr,Valid
Hyderabad,PM2.5 - Principal,2017-10-06 03:00 PM,2017,10,06,15,31.4,92,Moderate,29.0,UG/M3,1 Hr,Valid
Hyderabad,PM2.5 - Principal,2017-10-06 04:00 PM,2017,10,06,16,26.3,81,Moderate,22.0,UG/M3,1 Hr,Valid
Hyderabad,PM2.5 - Principal,2017-10-06 05:00 PM,2017,10,06,17,26.7,82,Moderate,27.0,UG/M3,1 Hr,Valid
Hyderabad,PM2.5 - Principal,2017-10-06 06:00 PM,2017,10,06,18,30.9,91,Moderate,35.0,UG/M3,1 Hr,Valid
Hyderabad,PM2.5 - Principal,2017-10-06 07:00 PM,2017,10,06,19,37.0,105,Unhealthy for Sensitive Groups,43.0,UG/M3,1 Hr,Valid
Hyderabad,PM2.5 - Principal,2017-10-06 08:00 PM,2017,10,06,20,34.9,99,Moderate,33.0,UG/M3,1 Hr,Valid
Hyderabad,PM2.5 - Principal,2017-10-06 09:00 PM,2017,10,06,21,32.4,94,Moderate,30.0,UG/M3,1 Hr,Valid
Hyderabad,PM2.5 - Principal,2017-10-06 10:00 PM,2017,10,06,22,33.7,96,Moderate,35.0,UG/M3,1 Hr,Valid
Hyderabad,PM2.5 - Principal,2017-10-06 11:00 PM,2017,10,06,23,38.2,108,Unhealthy for Sensitive Groups,43.0,UG/M3,1 Hr,Valid
Hyderabad,PM2.5 - Principal,2017-10-07 12:00 AM,2017,10,07,00,37.6,106,Unhealthy for Sensitive Groups,37.0,UG/M3,1 Hr,Valid
Hyderabad,PM2.5 - Principal,2017-10-07 01:00 AM,2017,10,07,01,31.4,92,Moderate,25.0,UG/M3,1 Hr,Valid
Hyderabad,PM2.5 - Principal,2017-10-07 02:00 AM,2017,10,07,02,29.7,88,Moderate,28.0,UG/M3,1 Hr,Valid
Hyderabad,PM2.5 - Principal,2017-10-07 03:00 AM,2017,10,07,03,27.4,83,Moderate,25.0,UG/M3,1 Hr,Valid
Hyderabad,PM2.5 - Principal,2017-10-07 04:00 AM,2017,10,07,04,34.3,98,Moderate,43.0,UG/M3,1 Hr,Valid
Hyderabad,PM2.5 - Principal,2017-10-07 05:00 AM,2017,10,07,05,31.7,92,Moderate,28.0,UG/M3,1 Hr,Valid
Hyderabad,PM2.5 - Principal,2017-10-07 06:00 AM,2017,10,07,06,30.5,90,Moderate,29.0,UG/M3,1 Hr,Valid
Hyderabad,PM2.5 - Principal,2017-10-07 07:00 AM,2017,10,07,07,34.0,97,Moderate,39.0,UG/M3,1 Hr,Valid
Hyderabad,PM2.5 - Principal,2017-10-07 08:00 AM,2017,10,07,08,36.1,102,Unhealthy for Sensitive Groups,39.0,UG/M3,1 Hr,Valid
Hyderabad,PM2.5 - Principal,2017-10-07 09:00 AM,2017,10,07,09,35.6,101,Unhealthy for Sensitive Groups,35.0,UG/M3,1 Hr,Valid
Hyderabad,PM2.5 - Principal,2017-10-07 10:00 AM,2017,10,07,10,37.4,106,Unhealthy for Sensitive Groups,40.0,UG/M3,1 Hr,Valid
Hyderabad,PM2.5 - Principal,2017-10-07 11:00 AM,2017,10,07,11,38.1,107,Unhealthy for Sensitive Groups,39.0,UG/M3,1 Hr,Valid
Hyderabad,PM2.5 - Principal,2017-10-07 12:00 PM,2017,10,07,12,32.6,94,Moderate,25.0,UG/M3,1 Hr,Valid
Hyderabad,PM2.5 - Principal,2017-10-07 01:00 PM,2017,10,07,13,27.8,84,Moderate,23.0,UG/M3,1 Hr,Valid
Hyderabad,PM2.5 - Principal,2017-10-07 02:00 PM,2017,10,07,14,24.1,76,Moderate,21.0,UG/M3,1 Hr,Valid
Hyderabad,PM2.5 - Principal,2017-10-07 03:00 PM,2017,10,07,15,20.0,68,Moderate,16.0,UG/M3,1 Hr,Valid
Hyderabad,PM2.5 - Principal,2017-10-07 04:00 PM,2017,10,07,16,19.5,67,Moderate,19.0,UG/M3,1 Hr,Valid
Hyderabad,PM2.5 - Principal,2017-10-07 05:00 PM,2017,10,07,17,22.7,73,Moderate,26.0,UG/M3,1 Hr,Valid
Hyderabad,PM2.5 - Principal,2017-10-07 06:00 PM,2017,10,07,18,52.3,142,Unhealthy for Sensitive Groups,82.0,UG/M3,1 Hr,Valid
Hyderabad,PM2.5 - Principal,2017-10-07 07:00 PM,2017,10,07,19,39.6,111,Unhealthy for Sensitive Groups,27.0,UG/M3,1 Hr,Valid
Hyderabad,PM2.5 - Principal,2017-10-07 08:00 PM,2017,10,07,20,39.8,112,Unhealthy for Sensitive Groups,40.0,UG/M3,1 Hr,Valid
Hyderabad,PM2.5 - Principal,2017-10-07 09:00 PM,2017,10,07,21,38.9,109,Unhealthy for Sensitive Groups,38.0,UG/M3,1 Hr,Valid
Hyderabad,PM2.5 - Principal,2017-10-07 10:00 PM,2017,10,07,22,35.9,102,Unhealthy for Sensitive Groups,33.0,UG/M3,1 Hr,Valid
Hyderabad,PM2.5 - Principal,2017-10-07 11:00 PM,2017,10,07,23,31.9,93,Moderate,28.0,UG/M3,1 Hr,Valid
Hyderabad,PM2.5 - Principal,2017-10-08 12:00 AM,2017,10,08,00,26.9,82,Moderate,22.0,UG/M3,1 Hr,Valid
Hyderabad,PM2.5 - Principal,2017-10-08 01:00 AM,2017,10,08,01,25.9,80,Moderate,25.0,UG/M3,1 Hr,Valid
Hyderabad,PM2.5 - Principal,2017-10-08 02:00 AM,2017,10,08,02,22.4,73,Moderate,19.0,UG/M3,1 Hr,Valid
Hyderabad,PM2.5 - Principal,2017-10-08 03:00 AM,2017,10,08,03,26.2,81,Moderate,30.0,UG/M3,1 Hr,Valid
Hyderabad,PM2.5 - Principal,2017-10-08 04:00 AM,2017,10,08,04,27.6,84,Moderate,29.0,UG/M3,1 Hr,Valid
Hyderabad,PM2.5 - Principal,2017-10-08 05:00 AM,2017,10,08,05,30.3,89,Moderate,33.0,UG/M3,1 Hr,Valid
Hyderabad,PM2.5 - Principal,2017-10-08 06:00 AM,2017,10,08,06,37.1,105,Unhealthy for Sensitive Groups,44.0,UG/M3,1 Hr,Valid
Hyderabad,PM2.5 - Principal,2017-10-08 07:00 AM,2017,10,08,07,35.0,99,Moderate,33.0,UG/M3,1 Hr,Valid
Hyderabad,PM2.5 - Principal,2017-10-08 08:00 AM,2017,10,08,08,41.5,116,Unhealthy for Sensitive Groups,48.0,UG/M3,1 Hr,Valid
Hyderabad,PM2.5 - Principal,2017-10-08 09:00 AM,2017,10,08,09,42.7,119,Unhealthy for Sensitive Groups,44.0,UG/M3,1 Hr,Valid
Hyderabad,PM2.5 - Principal,2017-10-08 10:00 AM,2017,10,08,10,44.3,123,Unhealthy for Sensitive Groups,46.0,UG/M3,1 Hr,Valid
Hyderabad,PM2.5 - Principal,2017-10-08 11:00 AM,2017,10,08,11,49.1,134,Unhealthy for Sensitive Groups,54.0,UG/M3,1 Hr,Valid
Hyderabad,PM2.5 - Principal,2017-10-08 12:00 PM,2017,10,08,12,41.5,116,Unhealthy for Sensitive Groups,34.0,UG/M3,1 Hr,Valid
Hyderabad,PM2.5 - Principal,2017-10-08 01:00 PM,2017,10,08,13,41.8,117,Unhealthy for Sensitive Groups,42.0,UG/M3,1 Hr,Valid
Hyderabad,PM2.5 - Principal,2017-10-08 02:00 PM,2017,10,08,14,45.6,126,Unhealthy for Sensitive Groups,50.0,UG/M3,1 Hr,Valid
Hyderabad,PM2.5 - Principal,2017-10-08 03:00 PM,2017,10,08,15,41.1,115,Unhealthy for Sensitive Groups,36.0,UG/M3,1 Hr,Valid
Hyderabad,PM2.5 - Principal,2017-10-08 04:00 PM,2017,10,08,16,38.2,108,Unhealthy for Sensitive Groups,33.0,UG/M3,1 Hr,Valid
Hyderabad,PM2.5 - Principal,2017-10-08 05:00 PM,2017,10,08,17,29.9,88,Moderate,23.0,UG/M3,1 Hr,Valid
Hyderabad,PM2.5 - Principal,2017-10-08 06:00 PM,2017,10,08,18,28.4,85,Moderate,27.0,UG/M3,1 Hr,Valid
Hyderabad,PM2.5 - Principal,2017-10-08 07:00 PM,2017,10,08,19,43.7,121,Unhealthy for Sensitive Groups,59.0,UG/M3,1 Hr,Valid
Hyderabad,PM2.5 - Principal,2017-10-08 08:00 PM,2017,10,08,20,57.8,152,Unhealthy,72.0,UG/M3,1 Hr,Valid
Hyderabad,PM2.5 - Principal,2017-10-08 09:00 PM,2017,10,08,21,61.4,154,Unhealthy,65.0,UG/M3,1 Hr,Valid
Hyderabad,PM2.5 - Principal,2017-10-08 10:00 PM,2017,10,08,22,58.7,153,Unhealthy,56.0,UG/M3,1 Hr,Valid
Hyderabad,PM2.5 - Principal,2017-10-08 11:00 PM,2017,10,08,23,67.3,157,Unhealthy,76.0,UG/M3,1 Hr,Valid
Hyderabad,PM2.5 - Principal,2017-10-09 12:00 AM,2017,10,09,00,52.1,142,Unhealthy for Sensitive Groups,37.0,UG/M3,1 Hr,Valid
Hyderabad,PM2.5 - Principal,2017-10-09 01:00 AM,2017,10,09,01,44.5,123,Unhealthy for Sensitive Groups,37.0,UG/M3,1 Hr,Valid
Hyderabad,PM2.5 - Principal,2017-10-09 02:00 AM,2017,10,09,02,34.2,97,Moderate,24.0,UG/M3,1 Hr,Valid
Hyderabad,PM2.5 - Principal,2017-10-09 03:00 AM,2017,10,09,03,34.1,97,Moderate,34.0,UG/M3,1 Hr,Valid
Hyderabad,PM2.5 - Principal,2017-10-09 04:00 AM,2017,10,09,04,32.5,94,Moderate,31.0,UG/M3,1 Hr,Valid
Hyderabad,PM2.5 - Principal,2017-10-09 05:00 AM,2017,10,09,05,37.2,105,Unhealthy for Sensitive Groups,42.0,UG/M3,1 Hr,Valid
Hyderabad,PM2.5 - Principal,2017-10-09 06:00 AM,2017,10,09,06,35.1,99,Moderate,33.0,UG/M3,1 Hr,Valid
Hyderabad,PM2.5 - Principal,2017-10-09 07:00 AM,2017,10,09,07,33.5,96,Moderate,32.0,UG/M3,1 Hr,Valid
Hyderabad,PM2.5 - Principal,2017-10-09 08:00 AM,2017,10,09,08,38.7,109,Unhealthy for Sensitive Groups,44.0,UG/M3,1 Hr,Valid
Hyderabad,PM2.5 - Principal,2017-10-09 09:00 AM,2017,10,09,09,41.8,117,Unhealthy for Sensitive Groups,45.0,UG/M3,1 Hr,Valid
Hyderabad,PM2.5 - Principal,2017-10-09 10:00 AM,2017,10,09,10,41.9,117,Unhealthy for Sensitive Groups,42.0,UG/M3,1 Hr,Valid
Hyderabad,PM2.5 - Principal,2017-10-09 11:00 AM,2017,10,09,11,42.7,119,Unhealthy for Sensitive Groups,44.0,UG/M3,1 Hr,Valid
Hyderabad,PM2.5 - Principal,2017-10-09 12:00 PM,2017,10,09,12,41.9,117,Unhealthy for Sensitive Groups,41.0,UG/M3,1 Hr,Valid
Hyderabad,PM2.5 - Principal,2017-10-09 01:00 PM,2017,10,09,13,41.9,117,Unhealthy for Sensitive Groups,42.0,UG/M3,1 Hr,Valid
Hyderabad,PM2.5 - Principal,2017-10-09 02:00 PM,2017,10,09,14,41.4,116,Unhealthy for Sensitive Groups,41.0,UG/M3,1 Hr,Valid
Hyderabad,PM2.5 - Principal,2017-10-09 03:00 PM,2017,10,09,15,40.0,112,Unhealthy for Sensitive Groups,37.0,UG/M3,1 Hr,Valid
Hyderabad,PM2.5 - Principal,2017-10-09 04:00 PM,2017,10,09,16,42.7,119,Unhealthy for Sensitive Groups,48.0,UG/M3,1 Hr,Valid
Hyderabad,PM2.5 - Principal,2017-10-09 05:00 PM,2017,10,09,17,41.1,115,Unhealthy for Sensitive Groups,38.0,UG/M3,1 Hr,Valid
Hyderabad,PM2.5 - Principal,2017-10-09 06:00 PM,2017,10,09,18,40.4,113,Unhealthy for Sensitive Groups,39.0,UG/M3,1 Hr,Valid
Hyderabad,PM2.5 - Principal,2017-10-09 07:00 PM,2017,10,09,19,42.1,117,Unhealthy for Sensitive Groups,46.0,UG/M3,1 Hr,Valid
Hyderabad,PM2.5 - Principal,2017-10-09 08:00 PM,2017,10,09,20,37.1,105,Unhealthy for Sensitive Groups,29.0,UG/M3,1 Hr,Valid
Hyderabad,PM2.5 - Principal,2017-10-09 09:00 PM,2017,10,09,21,50.9,139,Unhealthy for Sensitive Groups,66.0,UG/M3,1 Hr,Valid
Hyderabad,PM2.5 - Principal,2017-10-09 10:00 PM,2017,10,09,22,30.4,89,Moderate,10.0,UG/M3,1 Hr,Valid
Hyderabad,PM2.5 - Principal,2017-10-09 11:00 PM,2017,10,09,23,23.7,75,Moderate,17.0,UG/M3,1 Hr,Valid
Hyderabad,PM2.5 - Principal,2017-10-10 12:00 AM,2017,10,10,00,21.3,70,Moderate,19.0,UG/M3,1 Hr,Valid
Hyderabad,PM2.5 - Principal,2017-10-10 01:00 AM,2017,10,10,01,21.6,71,Moderate,22.0,UG/M3,1 Hr,Valid
Hyderabad,PM2.5 - Principal,2017-10-10 02:00 AM,2017,10,10,02,17.8,63,Moderate,14.0,UG/M3,1 Hr,Valid
Hyderabad,PM2.5 - Principal,2017-10-10 03:00 AM,2017,10,10,03,19.9,67,Moderate,22.0,UG/M3,1 Hr,Valid
Hyderabad,PM2.5 - Principal,2017-10-10 04:00 AM,2017,10,10,04,24.9,78,Moderate,30.0,UG/M3,1 Hr,Valid
Hyderabad,PM2.5 - Principal,2017-10-10 05:00 AM,2017,10,10,05,20.9,70,Moderate,17.0,UG/M3,1 Hr,Valid
Hyderabad,PM2.5 - Principal,2017-10-10 06:00 AM,2017,10,10,06,18.4,64,Moderate,16.0,UG/M3,1 Hr,Valid
Hyderabad,PM2.5 - Principal,2017-10-10 07:00 AM,2017,10,10,07,20.2,68,Moderate,22.0,UG/M3,1 Hr,Valid
Hyderabad,PM2.5 - Principal,2017-10-10 08:00 AM,2017,10,10,08,22.6,73,Moderate,25.0,UG/M3,1 Hr,Valid
Hyderabad,PM2.5 - Principal,2017-10-10 09:00 AM,2017,10,10,09,22.8,74,Moderate,23.0,UG/M3,1 Hr,Valid
Hyderabad,PM2.5 - Principal,2017-10-10 10:00 AM,2017,10,10,10,33.4,96,Moderate,44.0,UG/M3,1 Hr,Valid
Hyderabad,PM2.5 - Principal,2017-10-10 11:00 AM,2017,10,10,11,45.2,125,Unhealthy for Sensitive Groups,57.0,UG/M3,1 Hr,Valid
Hyderabad,PM2.5 - Principal,2017-10-10 12:00 PM,2017,10,10,12,47.1,130,Unhealthy for Sensitive Groups,49.0,UG/M3,1 Hr,Valid
Hyderabad,PM2.5 - Principal,2017-10-10 01:00 PM,2017,10,10,13,42.0,117,Unhealthy for Sensitive Groups,37.0,UG/M3,1 Hr,Valid
Hyderabad,PM2.5 - Principal,2017-10-10 02:00 PM,2017,10,10,14,30.5,90,Moderate,19.0,UG/M3,1 Hr,Valid
Hyderabad,PM2.5 - Principal,2017-10-10 03:00 PM,2017,10,10,15,26.7,82,Moderate,23.0,UG/M3,1 Hr,Valid
Hyderabad,PM2.5 - Principal,2017-10-10 04:00 PM,2017,10,10,16,22.8,74,Moderate,19.0,UG/M3,1 Hr,Valid
Hyderabad,PM2.5 - Principal,2017-10-10 05:00 PM,2017,10,10,17,22.8,74,Moderate,-999.0,UG/M3,1 Hr,Missing
Hyderabad,PM2.5 - Principal,2017-10-10 06:00 PM,2017,10,10,18,28.9,86,Moderate,32.0,UG/M3,1 Hr,Valid
Hyderabad,PM2.5 - Principal,2017-10-10 07:00 PM,2017,10,10,19,30.7,90,Moderate,32.0,UG/M3,1 Hr,Valid
Hyderabad,PM2.5 - Principal,2017-10-10 08:00 PM,2017,10,10,20,30.7,90,Moderate,-999.0,UG/M3,1 Hr,Missing
Hyderabad,PM2.5 - Principal,2017-10-10 09:00 PM,2017,10,10,21,30.7,90,Moderate,-999.0,UG/M3,1 Hr,Missing
Hyderabad,PM2.5 - Principal,2017-10-10 10:00 PM,2017,10,10,22,30.7,90,Moderate,-999.0,UG/M3,1 Hr,Missing
Hyderabad,PM2.5 - Principal,2017-10-10 11:00 PM,2017,10,10,23,30.7,90,Moderate,-999.0,UG/M3,1 Hr,Missing
Hyderabad,PM2.5 - Principal,2017-10-11 12:00 AM,2017,10,11,00,-999.0,-999,N/A,-999.0,UG/M3,1 Hr,Missing
Hyderabad,PM2.5 - Principal,2017-10-11 01:00 AM,2017,10,11,01,-999.0,-999,N/A,-999.0,UG/M3,1 Hr,Missing
Hyderabad,PM2.5 - Principal,2017-10-11 02:00 AM,2017,10,11,02,-999.0,-999,N/A,-999.0,UG/M3,1 Hr,Missing
Hyderabad,PM2.5 - Principal,2017-10-11 03:00 AM,2017,10,11,03,-999.0,-999,N/A,-999.0,UG/M3,1 Hr,Missing
Hyderabad,PM2.5 - Principal,2017-10-11 04:00 AM,2017,10,11,04,-999.0,-999,N/A,-999.0,UG/M3,1 Hr,Missing
Hyderabad,PM2.5 - Principal,2017-10-11 05:00 AM,2017,10,11,05,-999.0,-999,N/A,-999.0,UG/M3,1 Hr,Missing
Hyderabad,PM2.5 - Principal,2017-10-11 06:00 AM,2017,10,11,06,-999.0,-999,N/A,-999.0,UG/M3,1 Hr,Missing
Hyderabad,PM2.5 - Principal,2017-10-11 07:00 AM,2017,10,11,07,-999.0,-999,N/A,-999.0,UG/M3,1 Hr,Missing
Hyderabad,PM2.5 - Principal,2017-10-11 08:00 AM,2017,10,11,08,-999.0,-999,N/A,-999.0,UG/M3,1 Hr,Missing
Hyderabad,PM2.5 - Principal,2017-10-11 09:00 AM,2017,10,11,09,-999.0,-999,N/A,-999.0,UG/M3,1 Hr,Missing
Hyderabad,PM2.5 - Principal,2017-10-11 10:00 AM,2017,10,11,10,-999.0,-999,N/A,-999.0,UG/M3,1 Hr,Missing
Hyderabad,PM2.5 - Principal,2017-10-11 11:00 AM,2017,10,11,11,-999.0,-999,N/A,-999.0,UG/M3,1 Hr,Missing
Hyderabad,PM2.5 - Principal,2017-10-11 12:00 PM,2017,10,11,12,-999.0,-999,N/A,-999.0,UG/M3,1 Hr,Missing
Hyderabad,PM2.5 - Principal,2017-10-11 01:00 PM,2017,10,11,13,-999.0,-999,N/A,-999.0,UG/M3,1 Hr,Missing
Hyderabad,PM2.5 - Principal,2017-10-11 02:00 PM,2017,10,11,14,-999.0,-999,N/A,-999.0,UG/M3,1 Hr,Missing
Hyderabad,PM2.5 - Principal,2017-10-11 03:00 PM,2017,10,11,15,-999.0,-999,N/A,-999.0,UG/M3,1 Hr,Missing
Hyderabad,PM2.5 - Principal,2017-10-11 04:00 PM,2017,10,11,16,-999.0,-999,N/A,-999.0,UG/M3,1 Hr,Missing
Hyderabad,PM2.5 - Principal,2017-10-11 05:00 PM,2017,10,11,17,-999.0,-999,N/A,31.0,UG/M3,1 Hr,Valid
Hyderabad,PM2.5 - Principal,2017-10-11 06:00 PM,2017,10,11,18,39.2,110,Unhealthy for Sensitive Groups,45.0,UG/M3,1 Hr,Valid
Hyderabad,PM2.5 - Principal,2017-10-11 07:00 PM,2017,10,11,19,38.6,109,Unhealthy for Sensitive Groups,38.0,UG/M3,1 Hr,Valid
Hyderabad,PM2.5 - Principal,2017-10-11 08:00 PM,2017,10,11,20,36.0,102,Unhealthy for Sensitive Groups,32.0,UG/M3,1 Hr,Valid
Hyderabad,PM2.5 - Principal,2017-10-11 09:00 PM,2017,10,11,21,34.8,99,Moderate,33.0,UG/M3,1 Hr,Valid
Hyderabad,PM2.5 - Principal,2017-10-11 10:00 PM,2017,10,11,22,35.6,101,Unhealthy for Sensitive Groups,37.0,UG/M3,1 Hr,Valid
Hyderabad,PM2.5 - Principal,2017-10-11 11:00 PM,2017,10,11,23,52.4,143,Unhealthy for Sensitive Groups,69.0,UG/M3,1 Hr,Valid
Hyderabad,PM2.5 - Principal,2017-10-12 12:00 AM,2017,10,12,00,57.2,152,Unhealthy,62.0,UG/M3,1 Hr,Valid
Hyderabad,PM2.5 - Principal,2017-10-12 01:00 AM,2017,10,12,01,55.6,151,Unhealthy,54.0,UG/M3,1 Hr,Valid
Hyderabad,PM2.5 - Principal,2017-10-12 02:00 AM,2017,10,12,02,53.3,145,Unhealthy for Sensitive Groups,51.0,UG/M3,1 Hr,Valid
Hyderabad,PM2.5 - Principal,2017-10-12 03:00 AM,2017,10,12,03,50.1,137,Unhealthy for Sensitive Groups,47.0,UG/M3,1 Hr,Valid
Hyderabad,PM2.5 - Principal,2017-10-12 04:00 AM,2017,10,12,04,45.0,124,Unhealthy for Sensitive Groups,40.0,UG/M3,1 Hr,Valid
Hyderabad,PM2.5 - Principal,2017-10-12 05:00 AM,2017,10,12,05,38.5,108,Unhealthy for Sensitive Groups,32.0,UG/M3,1 Hr,Valid
Hyderabad,PM2.5 - Principal,2017-10-12 06:00 AM,2017,10,12,06,38.7,109,Unhealthy for Sensitive Groups,39.0,UG/M3,1 Hr,Valid
Hyderabad,PM2.5 - Principal,2017-10-12 07:00 AM,2017,10,12,07,41.3,115,Unhealthy for Sensitive Groups,44.0,UG/M3,1 Hr,Valid
Hyderabad,PM2.5 - Principal,2017-10-12 08:00 AM,2017,10,12,08,51.1,139,Unhealthy for Sensitive Groups,61.0,UG/M3,1 Hr,Valid
Hyderabad,PM2.5 - Principal,2017-10-12 09:00 AM,2017,10,12,09,47.0,129,Unhealthy for Sensitive Groups,43.0,UG/M3,1 Hr,Valid
Hyderabad,PM2.5 - Principal,2017-10-12 10:00 AM,2017,10,12,10,47.1,130,Unhealthy for Sensitive Groups,-999.0,UG/M3,1 Hr,Missing
Hyderabad,PM2.5 - Principal,2017-10-12 11:00 AM,2017,10,12,11,39.9,112,Unhealthy for Sensitive Groups,36.0,UG/M3,1 Hr,Valid
Hyderabad,PM2.5 - Principal,2017-10-12 12:00 PM,2017,10,12,12,31.2,91,Moderate,25.0,UG/M3,1 Hr,Valid
Hyderabad,PM2.5 - Principal,2017-10-12 01:00 PM,2017,10,12,13,27.9,84,Moderate,25.0,UG/M3,1 Hr,Valid
Hyderabad,PM2.5 - Principal,2017-10-12 02:00 PM,2017,10,12,14,27.9,84,Moderate,-999.0,UG/M3,1 Hr,Missing
Hyderabad,PM2.5 - Principal,2017-10-12 03:00 PM,2017,10,12,15,30.6,90,Moderate,32.0,UG/M3,1 Hr,Valid
Hyderabad,PM2.5 - Principal,2017-10-12 04:00 PM,2017,10,12,16,29.7,88,Moderate,29.0,UG/M3,1 Hr,Valid
Hyderabad,PM2.5 - Principal,2017-10-12 05:00 PM,2017,10,12,17,30.4,89,Moderate,31.0,UG/M3,1 Hr,Valid
Hyderabad,PM2.5 - Principal,2017-10-12 06:00 PM,2017,10,12,18,42.6,118,Unhealthy for Sensitive Groups,54.0,UG/M3,1 Hr,Valid
Hyderabad,PM2.5 - Principal,2017-10-12 07:00 PM,2017,10,12,19,45.8,126,Unhealthy for Sensitive Groups,49.0,UG/M3,1 Hr,Valid
Hyderabad,PM2.5 - Principal,2017-10-12 08:00 PM,2017,10,12,20,32.8,95,Moderate,20.0,UG/M3,1 Hr,Valid
Hyderabad,PM2.5 - Principal,2017-10-12 09:00 PM,2017,10,12,21,30.3,89,Moderate,28.0,UG/M3,1 Hr,Valid
Hyderabad,PM2.5 - Principal,2017-10-12 10:00 PM,2017,10,12,22,33.7,96,Moderate,37.0,UG/M3,1 Hr,Valid
Hyderabad,PM2.5 - Principal,2017-10-12 11:00 PM,2017,10,12,23,36.3,103,Unhealthy for Sensitive Groups,39.0,UG/M3,1 Hr,Valid
Hyderabad,PM2.5 - Principal,2017-10-13 12:00 AM,2017,10,13,00,33.6,96,Moderate,31.0,UG/M3,1 Hr,Valid
Hyderabad,PM2.5 - Principal,2017-10-13 01:00 AM,2017,10,13,01,31.3,91,Moderate,29.0,UG/M3,1 Hr,Valid
Hyderabad,PM2.5 - Principal,2017-10-13 02:00 AM,2017,10,13,02,27.1,83,Moderate,23.0,UG/M3,1 Hr,Valid
Hyderabad,PM2.5 - Principal,2017-10-13 03:00 AM,2017,10,13,03,23.0,74,Moderate,19.0,UG/M3,1 Hr,Valid
Hyderabad,PM2.5 - Principal,2017-10-13 04:00 AM,2017,10,13,04,20.5,69,Moderate,18.0,UG/M3,1 Hr,Valid
Hyderabad,PM2.5 - Principal,2017-10-13 05:00 AM,2017,10,13,05,20.2,68,Moderate,20.0,UG/M3,1 Hr,Valid
Hyderabad,PM2.5 - Principal,2017-10-13 06:00 AM,2017,10,13,06,18.1,64,Moderate,16.0,UG/M3,1 Hr,Valid
Hyderabad,PM2.5 - Principal,2017-10-13 07:00 AM,2017,10,13,07,17.0,61,Moderate,16.0,UG/M3,1 Hr,Valid
Hyderabad,PM2.5 - Principal,2017-10-13 08:00 AM,2017,10,13,08,21.5,71,Moderate,26.0,UG/M3,1 Hr,Valid
Hyderabad,PM2.5 - Principal,2017-10-13 09:00 AM,2017,10,13,09,28.7,86,Moderate,36.0,UG/M3,1 Hr,Valid
Hyderabad,PM2.5 - Principal,2017-10-13 10:00 AM,2017,10,13,10,30.3,89,Moderate,32.0,UG/M3,1 Hr,Valid
Hyderabad,PM2.5 - Principal,2017-10-13 11:00 AM,2017,10,13,11,34.6,98,Moderate,39.0,UG/M3,1 Hr,Valid
Hyderabad,PM2.5 - Principal,2017-10-13 12:00 PM,2017,10,13,12,34.8,99,Moderate,35.0,UG/M3,1 Hr,Valid
Hyderabad,PM2.5 - Principal,2017-10-13 01:00 PM,2017,10,13,13,34.9,99,Moderate,35.0,UG/M3,1 Hr,Valid
Hyderabad,PM2.5 - Principal,2017-10-13 02:00 PM,2017,10,13,14,36.9,104,Unhealthy for Sensitive Groups,39.0,UG/M3,1 Hr,Valid
Hyderabad,PM2.5 - Principal,2017-10-13 03:00 PM,2017,10,13,15,39.4,111,Unhealthy for Sensitive Groups,42.0,UG/M3,1 Hr,Valid
Hyderabad,PM2.5 - Principal,2017-10-13 04:00 PM,2017,10,13,16,43.2,120,Unhealthy for Sensitive Groups,47.0,UG/M3,1 Hr,Valid
Hyderabad,PM2.5 - Principal,2017-10-13 05:00 PM,2017,10,13,17,45.6,126,Unhealthy for Sensitive Groups,48.0,UG/M3,1 Hr,Valid
Hyderabad,PM2.5 - Principal,2017-10-13 06:00 PM,2017,10,13,18,47.3,130,Unhealthy for Sensitive Groups,49.0,UG/M3,1 Hr,Valid
Hyderabad,PM2.5 - Principal,2017-10-13 07:00 PM,2017,10,13,19,43.2,120,Unhealthy for Sensitive Groups,39.0,UG/M3,1 Hr,Valid
Hyderabad,PM2.5 - Principal,2017-10-13 08:00 PM,2017,10,13,20,41.4,116,Unhealthy for Sensitive Groups,38.0,UG/M3,1 Hr,Valid
Hyderabad,PM2.5 - Principal,2017-10-13 09:00 PM,2017,10,13,21,41.6,116,Unhealthy for Sensitive Groups,42.0,UG/M3,1 Hr,Valid
Hyderabad,PM2.5 - Principal,2017-10-13 10:00 PM,2017,10,13,22,37.0,105,Unhealthy for Sensitive Groups,30.0,UG/M3,1 Hr,Valid
Hyderabad,PM2.5 - Principal,2017-10-13 11:00 PM,2017,10,13,23,33.6,96,Moderate,29.0,UG/M3,1 Hr,Valid
Hyderabad,PM2.5 - Principal,2017-10-14 12:00 AM,2017,10,14,00,26.6,81,Moderate,21.0,UG/M3,1 Hr,Valid
Hyderabad,PM2.5 - Principal,2017-10-14 01:00 AM,2017,10,14,01,26.8,82,Moderate,27.0,UG/M3,1 Hr,Valid
Hyderabad,PM2.5 - Principal,2017-10-14 02:00 AM,2017,10,14,02,26.9,82,Moderate,27.0,UG/M3,1 Hr,Valid
Hyderabad,PM2.5 - Principal,2017-10-14 03:00 AM,2017,10,14,03,32.4,94,Moderate,38.0,UG/M3,1 Hr,Valid
Hyderabad,PM2.5 - Principal,2017-10-14 04:00 AM,2017,10,14,04,34.2,97,Moderate,36.0,UG/M3,1 Hr,Valid
Hyderabad,PM2.5 - Principal,2017-10-14 05:00 AM,2017,10,14,05,32.6,94,Moderate,31.0,UG/M3,1 Hr,Valid
Hyderabad,PM2.5 - Principal,2017-10-14 06:00 AM,2017,10,14,06,32.3,93,Moderate,32.0,UG/M3,1 Hr,Valid
Hyderabad,PM2.5 - Principal,2017-10-14 07:00 AM,2017,10,14,07,32.1,93,Moderate,32.0,UG/M3,1 Hr,Valid
Hyderabad,PM2.5 - Principal,2017-10-14 08:00 AM,2017,10,14,08,38.0,107,Unhealthy for Sensitive Groups,44.0,UG/M3,1 Hr,Valid
Hyderabad,PM2.5 - Principal,2017-10-14 09:00 AM,2017,10,14,09,45.5,126,Unhealthy for Sensitive Groups,53.0,UG/M3,1 Hr,Valid
Hyderabad,PM2.5 - Principal,2017-10-14 10:00 AM,2017,10,14,10,52.7,143,Unhealthy for Sensitive Groups,60.0,UG/M3,1 Hr,Valid
Hyderabad,PM2.5 - Principal,2017-10-14 11:00 AM,2017,10,14,11,58.3,152,Unhealthy,64.0,UG/M3,1 Hr,Valid
Hyderabad,PM2.5 - Principal,2017-10-14 12:00 PM,2017,10,14,12,51.6,141,Unhealthy for Sensitive Groups,45.0,UG/M3,1 Hr,Valid
Hyderabad,PM2.5 - Principal,2017-10-14 01:00 PM,2017,10,14,13,43.8,121,Unhealthy for Sensitive Groups,36.0,UG/M3,1 Hr,Valid
Hyderabad,PM2.5 - Principal,2017-10-14 02:00 PM,2017,10,14,14,44.9,124,Unhealthy for Sensitive Groups,46.0,UG/M3,1 Hr,Valid
Hyderabad,PM2.5 - Principal,2017-10-14 03:00 PM,2017,10,14,15,47.9,132,Unhealthy for Sensitive Groups,51.0,UG/M3,1 Hr,Valid
Hyderabad,PM2.5 - Principal,2017-10-14 04:00 PM,2017,10,14,16,44.4,123,Unhealthy for Sensitive Groups,41.0,UG/M3,1 Hr,Valid
Hyderabad,PM2.5 - Principal,2017-10-14 05:00 PM,2017,10,14,17,36.7,104,Unhealthy for Sensitive Groups,29.0,UG/M3,1 Hr,Valid
Hyderabad,PM2.5 - Principal,2017-10-14 06:00 PM,2017,10,14,18,70.3,159,Unhealthy,104.0,UG/M3,1 Hr,Valid
Hyderabad,PM2.5 - Principal,2017-10-14 07:00 PM,2017,10,14,19,57.1,152,Unhealthy,44.0,UG/M3,1 Hr,Valid
Hyderabad,PM2.5 - Principal,2017-10-14 08:00 PM,2017,10,14,20,43.5,121,Unhealthy for Sensitive Groups,30.0,UG/M3,1 Hr,Valid
Hyderabad,PM2.5 - Principal,2017-10-14 09:00 PM,2017,10,14,21,37.7,106,Unhealthy for Sensitive Groups,32.0,UG/M3,1 Hr,Valid
Hyderabad,PM2.5 - Principal,2017-10-14 10:00 PM,2017,10,14,22,31.3,91,Moderate,25.0,UG/M3,1 Hr,Valid
Hyderabad,PM2.5 - Principal,2017-10-14 11:00 PM,2017,10,14,23,27.6,84,Moderate,24.0,UG/M3,1 Hr,Valid
Hyderabad,PM2.5 - Principal,2017-10-15 12:00 AM,2017,10,15,00,27.6,84,Moderate,-999.0,UG/M3,1 Hr,Missing
Hyderabad,PM2.5 - Principal,2017-10-15 01:00 AM,2017,10,15,01,31.2,91,Moderate,33.0,UG/M3,1 Hr,Valid
Hyderabad,PM2.5 - Principal,2017-10-15 02:00 AM,2017,10,15,02,32.2,93,Moderate,33.0,UG/M3,1 Hr,Valid
Hyderabad,PM2.5 - Principal,2017-10-15 03:00 AM,2017,10,15,03,33.1,95,Moderate,34.0,UG/M3,1 Hr,Valid
Hyderabad,PM2.5 - Principal,2017-10-15 04:00 AM,2017,10,15,04,43.4,120,Unhealthy for Sensitive Groups,53.0,UG/M3,1 Hr,Valid
Hyderabad,PM2.5 - Principal,2017-10-15 05:00 AM,2017,10,15,05,46.2,127,Unhealthy for Sensitive Groups,49.0,UG/M3,1 Hr,Valid
Hyderabad,PM2.5 - Principal,2017-10-15 06:00 AM,2017,10,15,06,45.6,126,Unhealthy for Sensitive Groups,45.0,UG/M3,1 Hr,Valid
Hyderabad,PM2.5 - Principal,2017-10-15 07:00 AM,2017,10,15,07,45.6,126,Unhealthy for Sensitive Groups,-999.0,UG/M3,1 Hr,Missing
Hyderabad,PM2.5 - Principal,2017-10-15 08:00 AM,2017,10,15,08,45.8,126,Unhealthy for Sensitive Groups,46.0,UG/M3,1 Hr,Valid
Hyderabad,PM2.5 - Principal,2017-10-15 09:00 AM,2017,10,15,09,65.9,156,Unhealthy,81.0,UG/M3,1 Hr,Valid
Hyderabad,PM2.5 - Principal,2017-10-15 10:00 AM,2017,10,15,10,67.5,157,Unhealthy,69.0,UG/M3,1 Hr,Valid
Hyderabad,PM2.5 - Principal,2017-10-15 11:00 AM,2017,10,15,11,67.8,157,Unhealthy,68.0,UG/M3,1 Hr,Valid
Hyderabad,PM2.5 - Principal,2017-10-15 12:00 PM,2017,10,15,12,76.5,162,Unhealthy,85.0,UG/M3,1 Hr,Valid
Hyderabad,PM2.5 - Principal,2017-10-15 01:00 PM,2017,10,15,13,63.1,155,Unhealthy,50.0,UG/M3,1 Hr,Valid
Hyderabad,PM2.5 - Principal,2017-10-15 02:00 PM,2017,10,15,14,50.5,138,Unhealthy for Sensitive Groups,38.0,UG/M3,1 Hr,Valid
Hyderabad,PM2.5 - Principal,2017-10-15 03:00 PM,2017,10,15,15,55.7,151,Unhealthy,61.0,UG/M3,1 Hr,Valid
Hyderabad,PM2.5 - Principal,2017-10-15 04:00 PM,2017,10,15,16,51.8,141,Unhealthy for Sensitive Groups,48.0,UG/M3,1 Hr,Valid
Hyderabad,PM2.5 - Principal,2017-10-15 05:00 PM,2017,10,15,17,36.4,103,Unhealthy for Sensitive Groups,21.0,UG/M3,1 Hr,Valid
Hyderabad,PM2.5 - Principal,2017-10-15 06:00 PM,2017,10,15,18,40.2,113,Unhealthy for Sensitive Groups,44.0,UG/M3,1 Hr,Valid
Hyderabad,PM2.5 - Principal,2017-10-15 07:00 PM,2017,10,15,19,44.1,122,Unhealthy for Sensitive Groups,48.0,UG/M3,1 Hr,Valid
Hyderabad,PM2.5 - Principal,2017-10-15 08:00 PM,2017,10,15,20,39.5,111,Unhealthy for Sensitive Groups,35.0,UG/M3,1 Hr,Valid
Hyderabad,PM2.5 - Principal,2017-10-15 09:00 PM,2017,10,15,21,36.2,103,Unhealthy for Sensitive Groups,33.0,UG/M3,1 Hr,Valid
Hyderabad,PM2.5 - Principal,2017-10-15 10:00 PM,2017,10,15,22,41.1,115,Unhealthy for Sensitive Groups,46.0,UG/M3,1 Hr,Valid
Hyderabad,PM2.5 - Principal,2017-10-15 11:00 PM,2017,10,15,23,42.5,118,Unhealthy for Sensitive Groups,44.0,UG/M3,1 Hr,Valid
Hyderabad,PM2.5 - Principal,2017-10-16 12:00 AM,2017,10,16,00,42.2,117,Unhealthy for Sensitive Groups,42.0,UG/M3,1 Hr,Valid
Hyderabad,PM2.5 - Principal,2017-10-16 01:00 AM,2017,10,16,01,41.1,115,Unhealthy for Sensitive Groups,40.0,UG/M3,1 Hr,Valid
Hyderabad,PM2.5 - Principal,2017-10-16 02:00 AM,2017,10,16,02,38.5,108,Unhealthy for Sensitive Groups,36.0,UG/M3,1 Hr,Valid
Hyderabad,PM2.5 - Principal,2017-10-16 03:00 AM,2017,10,16,03,40.7,114,Unhealthy for Sensitive Groups,43.0,UG/M3,1 Hr,Valid
Hyderabad,PM2.5 - Principal,2017-10-16 04:00 AM,2017,10,16,04,42.3,118,Unhealthy for Sensitive Groups,44.0,UG/M3,1 Hr,Valid
Hyderabad,PM2.5 - Principal,2017-10-16 05:00 AM,2017,10,16,05,41.7,116,Unhealthy for Sensitive Groups,-999.0,UG/M3,1 Hr,Missing
Hyderabad,PM2.5 - Principal,2017-10-16 06:00 AM,2017,10,16,06,47.4,130,Unhealthy for Sensitive Groups,53.0,UG/M3,1 Hr,Valid
Hyderabad,PM2.5 - Principal,2017-10-16 07:00 AM,2017,10,16,07,69.2,158,Unhealthy,84.0,UG/M3,1 Hr,Valid
Hyderabad,PM2.5 - Principal,2017-10-16 08:00 AM,2017,10,16,08,82.4,165,Unhealthy,94.0,UG/M3,1 Hr,Valid
Hyderabad,PM2.5 - Principal,2017-10-16 09:00 AM,2017,10,16,09,84.2,166,Unhealthy,86.0,UG/M3,1 Hr,Valid
Hyderabad,PM2.5 - Principal,2017-10-16 10:00 AM,2017,10,16,10,95.3,172,Unhealthy,106.0,UG/M3,1 Hr,Valid
Hyderabad,PM2.5 - Principal,2017-10-16 11:00 AM,2017,10,16,11,85.5,166,Unhealthy,76.0,UG/M3,1 Hr,Valid
Hyderabad,PM2.5 - Principal,2017-10-16 12:00 PM,2017,10,16,12,79.7,163,Unhealthy,74.0,UG/M3,1 Hr,Valid
Hyderabad,PM2.5 - Principal,2017-10-16 01:00 PM,2017,10,16,13,69.3,158,Unhealthy,59.0,UG/M3,1 Hr,Valid
Hyderabad,PM2.5 - Principal,2017-10-16 02:00 PM,2017,10,16,14,58.6,153,Unhealthy,48.0,UG/M3,1 Hr,Valid
Hyderabad,PM2.5 - Principal,2017-10-16 03:00 PM,2017,10,16,15,56.8,152,Unhealthy,55.0,UG/M3,1 Hr,Valid
Hyderabad,PM2.5 - Principal,2017-10-16 04:00 PM,2017,10,16,16,54.9,149,Unhealthy for Sensitive Groups,53.0,UG/M3,1 Hr,Valid
Hyderabad,PM2.5 - Principal,2017-10-16 05:00 PM,2017,10,16,17,50.4,138,Unhealthy for Sensitive Groups,46.0,UG/M3,1 Hr,Valid
Hyderabad,PM2.5 - Principal,2017-10-16 06:00 PM,2017,10,16,18,53.7,146,Unhealthy for Sensitive Groups,57.0,UG/M3,1 Hr,Valid
Hyderabad,PM2.5 - Principal,2017-10-16 07:00 PM,2017,10,16,19,59.8,153,Unhealthy,66.0,UG/M3,1 Hr,Valid
Hyderabad,PM2.5 - Principal,2017-10-16 08:00 PM,2017,10,16,20,71.4,159,Unhealthy,83.0,UG/M3,1 Hr,Valid
Hyderabad,PM2.5 - Principal,2017-10-16 09:00 PM,2017,10,16,21,74.7,161,Unhealthy,78.0,UG/M3,1 Hr,Valid
Hyderabad,PM2.5 - Principal,2017-10-16 10:00 PM,2017,10,16,22,81.4,164,Unhealthy,89.0,UG/M3,1 Hr,Valid
Hyderabad,PM2.5 - Principal,2017-10-16 11:00 PM,2017,10,16,23,110.9,180,Unhealthy,140.0,UG/M3,1 Hr,Valid
Hyderabad,PM2.5 - Principal,2017-10-17 12:00 AM,2017,10,17,00,132.4,191,Unhealthy,154.0,UG/M3,1 Hr,Valid
Hyderabad,PM2.5 - Principal,2017-10-17 01:00 AM,2017,10,17,01,160.2,211,Very Unhealthy,188.0,UG/M3,1 Hr,Valid
Hyderabad,PM2.5 - Principal,2017-10-17 02:00 AM,2017,10,17,02,165.6,216,Very Unhealthy,171.0,UG/M3,1 Hr,Valid
Hyderabad,PM2.5 - Principal,2017-10-17 03:00 AM,2017,10,17,03,170.3,221,Very Unhealthy,175.0,UG/M3,1 Hr,Valid
Hyderabad,PM2.5 - Principal,2017-10-17 04:00 AM,2017,10,17,04,158.6,209,Very Unhealthy,147.0,UG/M3,1 Hr,Valid
Hyderabad,PM2.5 - Principal,2017-10-17 05:00 AM,2017,10,17,05,145.3,197,Unhealthy,132.0,UG/M3,1 Hr,Valid
Hyderabad,PM2.5 - Principal,2017-10-17 06:00 AM,2017,10,17,06,118.6,184,Unhealthy,92.0,UG/M3,1 Hr,Valid
Hyderabad,PM2.5 - Principal,2017-10-17 07:00 AM,2017,10,17,07,107.8,178,Unhealthy,97.0,UG/M3,1 Hr,Valid
Hyderabad,PM2.5 - Principal,2017-10-17 08:00 AM,2017,10,17,08,104.9,177,Unhealthy,102.0,UG/M3,1 Hr,Valid
Hyderabad,PM2.5 - Principal,2017-10-17 09:00 AM,2017,10,17,09,112.4,180,Unhealthy,120.0,UG/M3,1 Hr,Valid
Hyderabad,PM2.5 - Principal,2017-10-17 10:00 AM,2017,10,17,10,116.2,182,Unhealthy,120.0,UG/M3,1 Hr,Valid
Hyderabad,PM2.5 - Principal,2017-10-17 11:00 AM,2017,10,17,11,99.1,174,Unhealthy,82.0,UG/M3,1 Hr,Valid
Hyderabad,PM2.5 - Principal,2017-10-17 12:00 PM,2017,10,17,12,77.5,162,Unhealthy,56.0,UG/M3,1 Hr,Valid
Hyderabad,PM2.5 - Principal,2017-10-17 01:00 PM,2017,10,17,13,66.7,157,Unhealthy,56.0,UG/M3,1 Hr,Valid
Hyderabad,PM2.5 - Principal,2017-10-17 02:00 PM,2017,10,17,14,60.3,153,Unhealthy,54.0,UG/M3,1 Hr,Valid
Hyderabad,PM2.5 - Principal,2017-10-17 03:00 PM,2017,10,17,15,54.6,148,Unhealthy for Sensitive Groups,49.0,UG/M3,1 Hr,Valid
Hyderabad,PM2.5 - Principal,2017-10-17 04:00 PM,2017,10,17,16,47.8,131,Unhealthy for Sensitive Groups,41.0,UG/M3,1 Hr,Valid
Hyderabad,PM2.5 - Principal,2017-10-17 05:00 PM,2017,10,17,17,47.3,130,Unhealthy for Sensitive Groups,47.0,UG/M3,1 Hr,Valid
Hyderabad,PM2.5 - Principal,2017-10-17 06:00 PM,2017,10,17,18,49.6,136,Unhealthy for Sensitive Groups,52.0,UG/M3,1 Hr,Valid
Hyderabad,PM2.5 - Principal,2017-10-17 07:00 PM,2017,10,17,19,56.8,152,Unhealthy,64.0,UG/M3,1 Hr,Valid
Hyderabad,PM2.5 - Principal,2017-10-17 08:00 PM,2017,10,17,20,66.9,157,Unhealthy,77.0,UG/M3,1 Hr,Valid
Hyderabad,PM2.5 - Principal,2017-10-17 09:00 PM,2017,10,17,21,80.9,164,Unhealthy,95.0,UG/M3,1 Hr,Valid
Hyderabad,PM2.5 - Principal,2017-10-17 10:00 PM,2017,10,17,22,98.9,173,Unhealthy,117.0,UG/M3,1 Hr,Valid
Hyderabad,PM2.5 - Principal,2017-10-17 11:00 PM,2017,10,17,23,104.9,177,Unhealthy,111.0,UG/M3,1 Hr,Valid
Hyderabad,PM2.5 - Principal,2017-10-18 12:00 AM,2017,10,18,00,129.5,189,Unhealthy,154.0,UG/M3,1 Hr,Valid
Hyderabad,PM2.5 - Principal,2017-10-18 01:00 AM,2017,10,18,01,143.7,197,Unhealthy,158.0,UG/M3,1 Hr,Valid
Hyderabad,PM2.5 - Principal,2017-10-18 02:00 AM,2017,10,18,02,150.8,201,Very Unhealthy,158.0,UG/M3,1 Hr,Valid
Hyderabad,PM2.5 - Principal,2017-10-18 03:00 AM,2017,10,18,03,165.9,216,Very Unhealthy,181.0,UG/M3,1 Hr,Valid
Hyderabad,PM2.5 - Principal,2017-10-18 04:00 AM,2017,10,18,04,144.4,197,Unhealthy,123.0,UG/M3,1 Hr,Valid
Hyderabad,PM2.5 - Principal,2017-10-18 05:00 AM,2017,10,18,05,142.7,196,Unhealthy,141.0,UG/M3,1 Hr,Valid
Hyderabad,PM2.5 - Principal,2017-10-18 06:00 AM,2017,10,18,06,132.8,191,Unhealthy,123.0,UG/M3,1 Hr,Valid
Hyderabad,PM2.5 - Principal,2017-10-18 07:00 AM,2017,10,18,07,115.9,182,Unhealthy,99.0,UG/M3,1 Hr,Valid
Hyderabad,PM2.5 - Principal,2017-10-18 08:00 AM,2017,10,18,08,111.3,180,Unhealthy,105.0,UG/M3,1 Hr,Valid
Hyderabad,PM2.5 - Principal,2017-10-18 09:00 AM,2017,10,18,09,113.9,181,Unhealthy,116.0,UG/M3,1 Hr,Valid
Hyderabad,PM2.5 - Principal,2017-10-18 10:00 AM,2017,10,18,10,112.1,180,Unhealthy,110.0,UG/M3,1 Hr,Valid
Hyderabad,PM2.5 - Principal,2017-10-18 11:00 AM,2017,10,18,11,112.0,180,Unhealthy,112.0,UG/M3,1 Hr,Valid
Hyderabad,PM2.5 - Principal,2017-10-18 12:00 PM,2017,10,18,12,83.3,165,Unhealthy,55.0,UG/M3,1 Hr,Valid
Hyderabad,PM2.5 - Principal,2017-10-18 01:00 PM,2017,10,18,13,62.6,155,Unhealthy,42.0,UG/M3,1 Hr,Valid
Hyderabad,PM2.5 - Principal,2017-10-18 02:00 PM,2017,10,18,14,56.3,151,Unhealthy,50.0,UG/M3,1 Hr,Valid
Hyderabad,PM2.5 - Principal,2017-10-18 03:00 PM,2017,10,18,15,49.6,136,Unhealthy for Sensitive Groups,43.0,UG/M3,1 Hr,Valid
Hyderabad,PM2.5 - Principal,2017-10-18 04:00 PM,2017,10,18,16,45.8,126,Unhealthy for Sensitive Groups,42.0,UG/M3,1 Hr,Valid
Hyderabad,PM2.5 - Principal,2017-10-18 05:00 PM,2017,10,18,17,44.8,124,Unhealthy for Sensitive Groups,44.0,UG/M3,1 Hr,Valid
Hyderabad,PM2.5 - Principal,2017-10-18 06:00 PM,2017,10,18,18,46.4,128,Unhealthy for Sensitive Groups,48.0,UG/M3,1 Hr,Valid
Hyderabad,PM2.5 - Principal,2017-10-18 07:00 PM,2017,10,18,19,51.2,140,Unhealthy for Sensitive Groups,56.0,UG/M3,1 Hr,Valid
Hyderabad,PM2.5 - Principal,2017-10-18 08:00 PM,2017,10,18,20,55.1,149,Unhealthy for Sensitive Groups,59.0,UG/M3,1 Hr,Valid
Hyderabad,PM2.5 - Principal,2017-10-18 09:00 PM,2017,10,18,21,76.0,162,Unhealthy,97.0,UG/M3,1 Hr,Valid
Hyderabad,PM2.5 - Principal,2017-10-18 10:00 PM,2017,10,18,22,108.0,178,Unhealthy,140.0,UG/M3,1 Hr,Valid
Hyderabad,PM2.5 - Principal,2017-10-18 11:00 PM,2017,10,18,23,115.0,182,Unhealthy,122.0,UG/M3,1 Hr,Valid
Hyderabad,PM2.5 - Principal,2017-10-19 12:00 AM,2017,10,19,00,109.0,179,Unhealthy,103.0,UG/M3,1 Hr,Valid
Hyderabad,PM2.5 - Principal,2017-10-19 01:00 AM,2017,10,19,01,90.5,169,Unhealthy,72.0,UG/M3,1 Hr,Valid
Hyderabad,PM2.5 - Principal,2017-10-19 02:00 AM,2017,10,19,02,78.7,163,Unhealthy,67.0,UG/M3,1 Hr,Valid
Hyderabad,PM2.5 - Principal,2017-10-19 03:00 AM,2017,10,19,03,73.8,160,Unhealthy,69.0,UG/M3,1 Hr,Valid
Hyderabad,PM2.5 - Principal,2017-10-19 04:00 AM,2017,10,19,04,84.4,166,Unhealthy,95.0,UG/M3,1 Hr,Valid
Hyderabad,PM2.5 - Principal,2017-10-19 05:00 AM,2017,10,19,05,90.2,169,Unhealthy,96.0,UG/M3,1 Hr,Valid
Hyderabad,PM2.5 - Principal,2017-10-19 06:00 AM,2017,10,19,06,94.6,171,Unhealthy,99.0,UG/M3,1 Hr,Valid
Hyderabad,PM2.5 - Principal,2017-10-19 07:00 AM,2017,10,19,07,103.3,176,Unhealthy,112.0,UG/M3,1 Hr,Valid
Hyderabad,PM2.5 - Principal,2017-10-19 08:00 AM,2017,10,19,08,114.1,181,Unhealthy,125.0,UG/M3,1 Hr,Valid
Hyderabad,PM2.5 - Principal,2017-10-19 09:00 AM,2017,10,19,09,123.0,186,Unhealthy,132.0,UG/M3,1 Hr,Valid
Hyderabad,PM2.5 - Principal,2017-10-19 10:00 AM,2017,10,19,10,111.0,180,Unhealthy,99.0,UG/M3,1 Hr,Valid
Hyderabad,PM2.5 - Principal,2017-10-19 11:00 AM,2017,10,19,11,96.2,172,Unhealthy,81.0,UG/M3,1 Hr,Valid
Hyderabad,PM2.5 - Principal,2017-10-19 12:00 PM,2017,10,19,12,84.3,166,Unhealthy,72.0,UG/M3,1 Hr,Valid
Hyderabad,PM2.5 - Principal,2017-10-19 01:00 PM,2017,10,19,13,73.0,160,Unhealthy,62.0,UG/M3,1 Hr,Valid
Hyderabad,PM2.5 - Principal,2017-10-19 02:00 PM,2017,10,19,14,65.9,156,Unhealthy,59.0,UG/M3,1 Hr,Valid
Hyderabad,PM2.5 - Principal,2017-10-19 03:00 PM,2017,10,19,15,61.9,154,Unhealthy,58.0,UG/M3,1 Hr,Valid
Hyderabad,PM2.5 - Principal,2017-10-19 04:00 PM,2017,10,19,16,60.4,154,Unhealthy,59.0,UG/M3,1 Hr,Valid
Hyderabad,PM2.5 - Principal,2017-10-19 05:00 PM,2017,10,19,17,60.2,153,Unhealthy,60.0,UG/M3,1 Hr,Valid
Hyderabad,PM2.5 - Principal,2017-10-19 06:00 PM,2017,10,19,18,57.1,152,Unhealthy,54.0,UG/M3,1 Hr,Valid
Hyderabad,PM2.5 - Principal,2017-10-19 07:00 PM,2017,10,19,19,67.0,157,Unhealthy,77.0,UG/M3,1 Hr,Valid
Hyderabad,PM2.5 - Principal,2017-10-19 08:00 PM,2017,10,19,20,128.5,189,Unhealthy,190.0,UG/M3,1 Hr,Valid
Hyderabad,PM2.5 - Principal,2017-10-19 09:00 PM,2017,10,19,21,335.8,386,Hazardous,543.0,UG/M3,1 Hr,Valid
Hyderabad,PM2.5 - Principal,2017-10-19 10:00 PM,2017,10,19,22,721.5,646,Hazardous,1107.0,UG/M3,1 Hr,Valid
Hyderabad,PM2.5 - Principal,2017-10-19 11:00 PM,2017,10,19,23,865.3,741,Hazardous,1009.0,UG/M3,1 Hr,Valid
Hyderabad,PM2.5 - Principal,2017-10-20 12:00 AM,2017,10,20,00,956.3,801,Hazardous,1047.0,UG/M3,1 Hr,Valid
Hyderabad,PM2.5 - Principal,2017-10-20 01:00 AM,2017,10,20,01,1024.7,846,Hazardous,1093.0,UG/M3,1 Hr,Valid
Hyderabad,PM2.5 - Principal,2017-10-20 02:00 AM,2017,10,20,02,802.4,699,Hazardous,580.0,UG/M3,1 Hr,Valid
Hyderabad,PM2.5 - Principal,2017-10-20 03:00 AM,2017,10,20,03,524.2,516,Hazardous,246.0,UG/M3,1 Hr,Valid
Hyderabad,PM2.5 - Principal,2017-10-20 04:00 AM,2017,10,20,04,331.1,381,Hazardous,138.0,UG/M3,1 Hr,Valid
Hyderabad,PM2.5 - Principal,2017-10-20 05:00 AM,2017,10,20,05,220.5,270,Very Unhealthy,110.0,UG/M3,1 Hr,Valid
Hyderabad,PM2.5 - Principal,2017-10-20 06:00 AM,2017,10,20,06,173.7,224,Very Unhealthy,127.0,UG/M3,1 Hr,Valid
Hyderabad,PM2.5 - Principal,2017-10-20 07:00 AM,2017,10,20,07,127.3,188,Unhealthy,81.0,UG/M3,1 Hr,Valid
Hyderabad,PM2.5 - Principal,2017-10-20 08:00 AM,2017,10,20,08,111.1,180,Unhealthy,95.0,UG/M3,1 Hr,Valid
Hyderabad,PM2.5 - Principal,2017-10-20 09:00 AM,2017,10,20,09,104.5,176,Unhealthy,98.0,UG/M3,1 Hr,Valid
Hyderabad,PM2.5 - Principal,2017-10-20 10:00 AM,2017,10,20,10,105.1,177,Unhealthy,106.0,UG/M3,1 Hr,Valid
Hyderabad,PM2.5 - Principal,2017-10-20 11:00 AM,2017,10,20,11,99.4,174,Unhealthy,94.0,UG/M3,1 Hr,Valid
Hyderabad,PM2.5 - Principal,2017-10-20 12:00 PM,2017,10,20,12,97.6,173,Unhealthy,96.0,UG/M3,1 Hr,Valid
Hyderabad,PM2.5 - Principal,2017-10-20 01:00 PM,2017,10,20,13,84.1,166,Unhealthy,71.0,UG/M3,1 Hr,Valid
Hyderabad,PM2.5 - Principal,2017-10-20 02:00 PM,2017,10,20,14,76.5,162,Unhealthy,69.0,UG/M3,1 Hr,Valid
Hyderabad,PM2.5 - Principal,2017-10-20 03:00 PM,2017,10,20,15,65.7,156,Unhealthy,55.0,UG/M3,1 Hr,Valid
Hyderabad,PM2.5 - Principal,2017-10-20 04:00 PM,2017,10,20,16,58.8,153,Unhealthy,52.0,UG/M3,1 Hr,Valid
Hyderabad,PM2.5 - Principal,2017-10-20 05:00 PM,2017,10,20,17,55.9,151,Unhealthy,53.0,UG/M3,1 Hr,Valid
Hyderabad,PM2.5 - Principal,2017-10-20 06:00 PM,2017,10,20,18,56.4,151,Unhealthy,57.0,UG/M3,1 Hr,Valid
Hyderabad,PM2.5 - Principal,2017-10-20 07:00 PM,2017,10,20,19,64.2,155,Unhealthy,72.0,UG/M3,1 Hr,Valid
Hyderabad,PM2.5 - Principal,2017-10-20 08:00 PM,2017,10,20,20,64.2,155,Unhealthy,-999.0,UG/M3,1 Hr,Missing
Hyderabad,PM2.5 - Principal,2017-10-20 09:00 PM,2017,10,20,21,131.4,190,Unhealthy,165.0,UG/M3,1 Hr,Valid
Hyderabad,PM2.5 - Principal,2017-10-20 10:00 PM,2017,10,20,22,-999.0,-999,N/A,-999.0,UG/M3,1 Hr,Missing
Hyderabad,PM2.5 - Principal,2017-10-20 11:00 PM,2017,10,20,23,147.1,198,Unhealthy,153.0,UG/M3,1 Hr,Valid
Hyderabad,PM2.5 - Principal,2017-10-21 12:00 AM,2017,10,21,00,125.7,187,Unhealthy,111.0,UG/M3,1 Hr,Valid
Hyderabad,PM2.5 - Principal,2017-10-21 01:00 AM,2017,10,21,01,101.4,175,Unhealthy,81.0,UG/M3,1 Hr,Valid
Hyderabad,PM2.5 - Principal,2017-10-21 02:00 AM,2017,10,21,02,81.4,164,Unhealthy,63.0,UG/M3,1 Hr,Valid
Hyderabad,PM2.5 - Principal,2017-10-21 03:00 AM,2017,10,21,03,82.2,165,Unhealthy,83.0,UG/M3,1 Hr,Valid
Hyderabad,PM2.5 - Principal,2017-10-21 04:00 AM,2017,10,21,04,79.5,163,Unhealthy,77.0,UG/M3,1 Hr,Valid
Hyderabad,PM2.5 - Principal,2017-10-21 05:00 AM,2017,10,21,05,70.2,159,Unhealthy,61.0,UG/M3,1 Hr,Valid
Hyderabad,PM2.5 - Principal,2017-10-21 06:00 AM,2017,10,21,06,67.6,157,Unhealthy,65.0,UG/M3,1 Hr,Valid
Hyderabad,PM2.5 - Principal,2017-10-21 07:00 AM,2017,10,21,07,64.8,156,Unhealthy,62.0,UG/M3,1 Hr,Valid
Hyderabad,PM2.5 - Principal,2017-10-21 08:00 AM,2017,10,21,08,66.9,157,Unhealthy,69.0,UG/M3,1 Hr,Valid
Hyderabad,PM2.5 - Principal,2017-10-21 09:00 AM,2017,10,21,09,66.9,157,Unhealthy,67.0,UG/M3,1 Hr,Valid
Hyderabad,PM2.5 - Principal,2017-10-21 10:00 AM,2017,10,21,10,72.9,160,Unhealthy,79.0,UG/M3,1 Hr,Valid
Hyderabad,PM2.5 - Principal,2017-10-21 11:00 AM,2017,10,21,11,71.3,159,Unhealthy,70.0,UG/M3,1 Hr,Valid
Hyderabad,PM2.5 - Principal,2017-10-21 12:00 PM,2017,10,21,12,70.4,159,Unhealthy,-999.0,UG/M3,1 Hr,Missing
Hyderabad,PM2.5 - Principal,2017-10-21 01:00 PM,2017,10,21,13,-999.0,-999,N/A,-999.0,UG/M3,1 Hr,Missing
Hyderabad,PM2.5 - Principal,2017-10-21 02:00 PM,2017,10,21,14,-999.0,-999,N/A,55.0,UG/M3,1 Hr,Valid
Hyderabad,PM2.5 - Principal,2017-10-21 03:00 PM,2017,10,21,15,60.0,153,Unhealthy,56.0,UG/M3,1 Hr,Valid
Hyderabad,PM2.5 - Principal,2017-10-21 04:00 PM,2017,10,21,16,61.0,154,Unhealthy,63.0,UG/M3,1 Hr,Valid
Hyderabad,PM2.5 - Principal,2017-10-21 05:00 PM,2017,10,21,17,61.3,154,Unhealthy,62.0,UG/M3,1 Hr,Valid
Hyderabad,PM2.5 - Principal,2017-10-21 06:00 PM,2017,10,21,18,64.9,156,Unhealthy,72.0,UG/M3,1 Hr,Valid
Hyderabad,PM2.5 - Principal,2017-10-21 07:00 PM,2017,10,21,19,68.9,158,Unhealthy,77.0,UG/M3,1 Hr,Valid
Hyderabad,PM2.5 - Principal,2017-10-21 08:00 PM,2017,10,21,20,73.6,160,Unhealthy,82.0,UG/M3,1 Hr,Valid
Hyderabad,PM2.5 - Principal,2017-10-21 09:00 PM,2017,10,21,21,83.2,165,Unhealthy,94.0,UG/M3,1 Hr,Valid
Hyderabad,PM2.5 - Principal,2017-10-21 10:00 PM,2017,10,21,22,84.7,166,Unhealthy,87.0,UG/M3,1 Hr,Valid
Hyderabad,PM2.5 - Principal,2017-10-21 11:00 PM,2017,10,21,23,87.3,167,Unhealthy,91.0,UG/M3,1 Hr,Valid
Hyderabad,PM2.5 - Principal,2017-10-22 12:00 AM,2017,10,22,00,84.7,166,Unhealthy,81.0,UG/M3,1 Hr,Valid
Hyderabad,PM2.5 - Principal,2017-10-22 01:00 AM,2017,10,22,01,81.1,164,Unhealthy,76.0,UG/M3,1 Hr,Valid
Hyderabad,PM2.5 - Principal,2017-10-22 02:00 AM,2017,10,22,02,76.6,162,Unhealthy,70.0,UG/M3,1 Hr,Valid
Hyderabad,PM2.5 - Principal,2017-10-22 03:00 AM,2017,10,22,03,74.6,161,Unhealthy,69.0,UG/M3,1 Hr,Valid
Hyderabad,PM2.5 - Principal,2017-10-22 04:00 AM,2017,10,22,04,74.4,161,Unhealthy,74.0,UG/M3,1 Hr,Valid
Hyderabad,PM2.5 - Principal,2017-10-22 05:00 AM,2017,10,22,05,73.7,160,Unhealthy,69.0,UG/M3,1 Hr,Valid
Hyderabad,PM2.5 - Principal,2017-10-22 06:00 AM,2017,10,22,06,67.8,157,Unhealthy,60.0,UG/M3,1 Hr,Valid
Hyderabad,PM2.5 - Principal,2017-10-22 07:00 AM,2017,10,22,07,66.0,156,Unhealthy,63.0,UG/M3,1 Hr,Valid
Hyderabad,PM2.5 - Principal,2017-10-22 08:00 AM,2017,10,22,08,67.8,157,Unhealthy,71.0,UG/M3,1 Hr,Valid
Hyderabad,PM2.5 - Principal,2017-10-22 09:00 AM,2017,10,22,09,70.3,159,Unhealthy,75.0,UG/M3,1 Hr,Valid
Hyderabad,PM2.5 - Principal,2017-10-22 10:00 AM,2017,10,22,10,71.5,159,Unhealthy,74.0,UG/M3,1 Hr,Valid
Hyderabad,PM2.5 - Principal,2017-10-22 11:00 AM,2017,10,22,11,71.2,159,Unhealthy,72.0,UG/M3,1 Hr,Valid
Hyderabad,PM2.5 - Principal,2017-10-22 12:00 PM,2017,10,22,12,71.1,159,Unhealthy,72.0,UG/M3,1 Hr,Valid
Hyderabad,PM2.5 - Principal,2017-10-22 01:00 PM,2017,10,22,13,70.1,159,Unhealthy,67.0,UG/M3,1 Hr,Valid
Hyderabad,PM2.5 - Principal,2017-10-22 02:00 PM,2017,10,22,14,69.0,158,Unhealthy,65.0,UG/M3,1 Hr,Valid
Hyderabad,PM2.5 - Principal,2017-10-22 03:00 PM,2017,10,22,15,69.4,158,Unhealthy,71.0,UG/M3,1 Hr,Valid
Hyderabad,PM2.5 - Principal,2017-10-22 04:00 PM,2017,10,22,16,68.0,157,Unhealthy,63.0,UG/M3,1 Hr,Valid
Hyderabad,PM2.5 - Principal,2017-10-22 05:00 PM,2017,10,22,17,65.0,156,Unhealthy,57.0,UG/M3,1 Hr,Valid
Hyderabad,PM2.5 - Principal,2017-10-22 06:00 PM,2017,10,22,18,65.1,156,Unhealthy,65.0,UG/M3,1 Hr,Valid
Hyderabad,PM2.5 - Principal,2017-10-22 07:00 PM,2017,10,22,19,72.5,160,Unhealthy,88.0,UG/M3,1 Hr,Valid
Hyderabad,PM2.5 - Principal,2017-10-22 08:00 PM,2017,10,22,20,70.9,159,Unhealthy,68.0,UG/M3,1 Hr,Valid
Hyderabad,PM2.5 - Principal,2017-10-22 09:00 PM,2017,10,22,21,66.3,157,Unhealthy,58.0,UG/M3,1 Hr,Valid
Hyderabad,PM2.5 - Principal,2017-10-22 10:00 PM,2017,10,22,22,67.6,157,Unhealthy,70.0,UG/M3,1 Hr,Valid
Hyderabad,PM2.5 - Principal,2017-10-22 11:00 PM,2017,10,22,23,59.2,153,Unhealthy,49.0,UG/M3,1 Hr,Valid
Hyderabad,PM2.5 - Principal,2017-10-23 12:00 AM,2017,10,23,00,62.7,155,Unhealthy,67.0,UG/M3,1 Hr,Valid
Hyderabad,PM2.5 - Principal,2017-10-23 01:00 AM,2017,10,23,01,71.7,159,Unhealthy,83.0,UG/M3,1 Hr,Valid
Hyderabad,PM2.5 - Principal,2017-10-23 02:00 AM,2017,10,23,02,73.1,160,Unhealthy,75.0,UG/M3,1 Hr,Valid
Hyderabad,PM2.5 - Principal,2017-10-23 03:00 AM,2017,10,23,03,66.4,157,Unhealthy,58.0,UG/M3,1 Hr,Valid
Hyderabad,PM2.5 - Principal,2017-10-23 04:00 AM,2017,10,23,04,60.9,154,Unhealthy,54.0,UG/M3,1 Hr,Valid
Hyderabad,PM2.5 - Principal,2017-10-23 05:00 AM,2017,10,23,05,54.2,147,Unhealthy for Sensitive Groups,47.0,UG/M3,1 Hr,Valid
Hyderabad,PM2.5 - Principal,2017-10-23 06:00 AM,2017,10,23,06,55.5,151,Unhealthy,57.0,UG/M3,1 Hr,Valid
Hyderabad,PM2.5 - Principal,2017-10-23 07:00 AM,2017,10,23,07,60.6,154,Unhealthy,67.0,UG/M3,1 Hr,Valid
Hyderabad,PM2.5 - Principal,2017-10-23 08:00 AM,2017,10,23,08,64.2,155,Unhealthy,69.0,UG/M3,1 Hr,Valid
Hyderabad,PM2.5 - Principal,2017-10-23 09:00 AM,2017,10,23,09,70.6,159,Unhealthy,79.0,UG/M3,1 Hr,Valid
Hyderabad,PM2.5 - Principal,2017-10-23 10:00 AM,2017,10,23,10,75.1,161,Unhealthy,81.0,UG/M3,1 Hr,Valid
Hyderabad,PM2.5 - Principal,2017-10-23 11:00 AM,2017,10,23,11,78.5,163,Unhealthy,83.0,UG/M3,1 Hr,Valid
Hyderabad,PM2.5 - Principal,2017-10-23 12:00 PM,2017,10,23,12,78.3,163,Unhealthy,78.0,UG/M3,1 Hr,Valid
Hyderabad,PM2.5 - Principal,2017-10-23 01:00 PM,2017,10,23,13,67.3,157,Unhealthy,53.0,UG/M3,1 Hr,Valid
Hyderabad,PM2.5 - Principal,2017-10-23 02:00 PM,2017,10,23,14,55.0,149,Unhealthy for Sensitive Groups,43.0,UG/M3,1 Hr,Valid
Hyderabad,PM2.5 - Principal,2017-10-23 03:00 PM,2017,10,23,15,49.2,135,Unhealthy for Sensitive Groups,43.0,UG/M3,1 Hr,Valid
Hyderabad,PM2.5 - Principal,2017-10-23 04:00 PM,2017,10,23,16,49.6,136,Unhealthy for Sensitive Groups,50.0,UG/M3,1 Hr,Valid
Hyderabad,PM2.5 - Principal,2017-10-23 05:00 PM,2017,10,23,17,47.3,130,Unhealthy for Sensitive Groups,45.0,UG/M3,1 Hr,Valid
Hyderabad,PM2.5 - Principal,2017-10-23 06:00 PM,2017,10,23,18,53.4,145,Unhealthy for Sensitive Groups,60.0,UG/M3,1 Hr,Valid
Hyderabad,PM2.5 - Principal,2017-10-23 07:00 PM,2017,10,23,19,69.0,158,Unhealthy,85.0,UG/M3,1 Hr,Valid
Hyderabad,PM2.5 - Principal,2017-10-23 08:00 PM,2017,10,23,20,87.1,167,Unhealthy,105.0,UG/M3,1 Hr,Valid
Hyderabad,PM2.5 - Principal,2017-10-23 09:00 PM,2017,10,23,21,85.5,166,Unhealthy,84.0,UG/M3,1 Hr,Valid
Hyderabad,PM2.5 - Principal,2017-10-23 10:00 PM,2017,10,23,22,85.7,167,Unhealthy,86.0,UG/M3,1 Hr,Valid
Hyderabad,PM2.5 - Principal,2017-10-23 11:00 PM,2017,10,23,23,72.8,160,Unhealthy,60.0,UG/M3,1 Hr,Valid
Hyderabad,PM2.5 - Principal,2017-10-24 12:00 AM,2017,10,24,00,66.9,157,Unhealthy,61.0,UG/M3,1 Hr,Valid
Hyderabad,PM2.5 - Principal,2017-10-24 01:00 AM,2017,10,24,01,66.9,157,Unhealthy,67.0,UG/M3,1 Hr,Valid
Hyderabad,PM2.5 - Principal,2017-10-24 02:00 AM,2017,10,24,02,68.9,158,Unhealthy,71.0,UG/M3,1 Hr,Valid
Hyderabad,PM2.5 - Principal,2017-10-24 03:00 AM,2017,10,24,03,72.9,160,Unhealthy,77.0,UG/M3,1 Hr,Valid
Hyderabad,PM2.5 - Principal,2017-10-24 04:00 AM,2017,10,24,04,76.5,162,Unhealthy,80.0,UG/M3,1 Hr,Valid
Hyderabad,PM2.5 - Principal,2017-10-24 05:00 AM,2017,10,24,05,81.8,165,Unhealthy,90.0,UG/M3,1 Hr,Valid
Hyderabad,PM2.5 - Principal,2017-10-24 06:00 AM,2017,10,24,06,107.1,178,Unhealthy,131.0,UG/M3,1 Hr,Valid
Hyderabad,PM2.5 - Principal,2017-10-24 07:00 AM,2017,10,24,07,121.0,185,Unhealthy,135.0,UG/M3,1 Hr,Valid
Hyderabad,PM2.5 - Principal,2017-10-24 08:00 AM,2017,10,24,08,136.0,193,Unhealthy,151.0,UG/M3,1 Hr,Valid
Hyderabad,PM2.5 - Principal,2017-10-24 09:00 AM,2017,10,24,09,130.0,189,Unhealthy,124.0,UG/M3,1 Hr,Valid
Hyderabad,PM2.5 - Principal,2017-10-24 10:00 AM,2017,10,24,10,120.0,184,Unhealthy,110.0,UG/M3,1 Hr,Valid
Hyderabad,PM2.5 - Principal,2017-10-24 11:00 AM,2017,10,24,11,103.0,176,Unhealthy,86.0,UG/M3,1 Hr,Valid
Hyderabad,PM2.5 - Principal,2017-10-24 12:00 PM,2017,10,24,12,86.0,167,Unhealthy,69.0,UG/M3,1 Hr,Valid
Hyderabad,PM2.5 - Principal,2017-10-24 01:00 PM,2017,10,24,13,69.5,158,Unhealthy,53.0,UG/M3,1 Hr,Valid
Hyderabad,PM2.5 - Principal,2017-10-24 02:00 PM,2017,10,24,14,59.2,153,Unhealthy,49.0,UG/M3,1 Hr,Valid
Hyderabad,PM2.5 - Principal,2017-10-24 03:00 PM,2017,10,24,15,53.1,144,Unhealthy for Sensitive Groups,47.0,UG/M3,1 Hr,Valid
Hyderabad,PM2.5 - Principal,2017-10-24 04:00 PM,2017,10,24,16,53.1,144,Unhealthy for Sensitive Groups,-999.0,UG/M3,1 Hr,Missing
Hyderabad,PM2.5 - Principal,2017-10-24 05:00 PM,2017,10,24,17,54.3,147,Unhealthy for Sensitive Groups,55.0,UG/M3,1 Hr,Valid
Hyderabad,PM2.5 - Principal,2017-10-24 06:00 PM,2017,10,24,18,60.4,154,Unhealthy,65.0,UG/M3,1 Hr,Valid
Hyderabad,PM2.5 - Principal,2017-10-24 07:00 PM,2017,10,24,19,66.0,156,Unhealthy,71.0,UG/M3,1 Hr,Valid
Hyderabad,PM2.5 - Principal,2017-10-24 08:00 PM,2017,10,24,20,73.7,160,Unhealthy,81.0,UG/M3,1 Hr,Valid
Hyderabad,PM2.5 - Principal,2017-10-24 09:00 PM,2017,10,24,21,86.5,167,Unhealthy,99.0,UG/M3,1 Hr,Valid
Hyderabad,PM2.5 - Principal,2017-10-24 10:00 PM,2017,10,24,22,84.7,166,Unhealthy,83.0,UG/M3,1 Hr,Valid
Hyderabad,PM2.5 - Principal,2017-10-24 11:00 PM,2017,10,24,23,88.9,168,Unhealthy,93.0,UG/M3,1 Hr,Valid
Hyderabad,PM2.5 - Principal,2017-10-25 12:00 AM,2017,10,25,00,102.9,175,Unhealthy,117.0,UG/M3,1 Hr,Valid
Hyderabad,PM2.5 - Principal,2017-10-25 01:00 AM,2017,10,25,01,93.9,171,Unhealthy,85.0,UG/M3,1 Hr,Valid
Hyderabad,PM2.5 - Principal,2017-10-25 02:00 AM,2017,10,25,02,87.9,168,Unhealthy,82.0,UG/M3,1 Hr,Valid
Hyderabad,PM2.5 - Principal,2017-10-25 03:00 AM,2017,10,25,03,91.5,170,Unhealthy,95.0,UG/M3,1 Hr,Valid
Hyderabad,PM2.5 - Principal,2017-10-25 04:00 AM,2017,10,25,04,94.2,171,Unhealthy,97.0,UG/M3,1 Hr,Valid
Hyderabad,PM2.5 - Principal,2017-10-25 05:00 AM,2017,10,25,05,85.0,166,Unhealthy,74.0,UG/M3,1 Hr,Valid
Hyderabad,PM2.5 - Principal,2017-10-25 06:00 AM,2017,10,25,06,80.0,164,Unhealthy,71.0,UG/M3,1 Hr,Valid
Hyderabad,PM2.5 - Principal,2017-10-25 07:00 AM,2017,10,25,07,82.4,165,Unhealthy,86.0,UG/M3,1 Hr,Valid
Hyderabad,PM2.5 - Principal,2017-10-25 08:00 AM,2017,10,25,08,84.2,166,Unhealthy,87.0,UG/M3,1 Hr,Valid
Hyderabad,PM2.5 - Principal,2017-10-25 09:00 AM,2017,10,25,09,88.4,168,Unhealthy,95.0,UG/M3,1 Hr,Valid
Hyderabad,PM2.5 - Principal,2017-10-25 10:00 AM,2017,10,25,10,80.5,164,Unhealthy,69.0,UG/M3,1 Hr,Valid
Hyderabad,PM2.5 - Principal,2017-10-25 11:00 AM,2017,10,25,11,62.1,154,Unhealthy,45.0,UG/M3,1 Hr,Valid
Hyderabad,PM2.5 - Principal,2017-10-25 12:00 PM,2017,10,25,12,55.0,149,Unhealthy for Sensitive Groups,48.0,UG/M3,1 Hr,Valid
Hyderabad,PM2.5 - Principal,2017-10-25 01:00 PM,2017,10,25,13,55.0,149,Unhealthy for Sensitive Groups,-999.0,UG/M3,1 Hr,Missing
Hyderabad,PM2.5 - Principal,2017-10-25 02:00 PM,2017,10,25,14,55.6,151,Unhealthy,56.0,UG/M3,1 Hr,Valid
Hyderabad,PM2.5 - Principal,2017-10-25 03:00 PM,2017,10,25,15,52.4,143,Unhealthy for Sensitive Groups,50.0,UG/M3,1 Hr,Valid
Hyderabad,PM2.5 - Principal,2017-10-25 04:00 PM,2017,10,25,16,53.7,146,Unhealthy for Sensitive Groups,55.0,UG/M3,1 Hr,Valid
Hyderabad,PM2.5 - Principal,2017-10-25 05:00 PM,2017,10,25,17,58.0,152,Unhealthy,62.0,UG/M3,1 Hr,Valid
Hyderabad,PM2.5 - Principal,2017-10-25 06:00 PM,2017,10,25,18,60.5,154,Unhealthy,63.0,UG/M3,1 Hr,Valid
Hyderabad,PM2.5 - Principal,2017-10-25 07:00 PM,2017,10,25,19,62.2,154,Unhealthy,64.0,UG/M3,1 Hr,Valid
Hyderabad,PM2.5 - Principal,2017-10-25 08:00 PM,2017,10,25,20,74.6,161,Unhealthy,87.0,UG/M3,1 Hr,Valid
Hyderabad,PM2.5 - Principal,2017-10-25 09:00 PM,2017,10,25,21,80.3,164,Unhealthy,87.0,UG/M3,1 Hr,Valid
Hyderabad,PM2.5 - Principal,2017-10-25 10:00 PM,2017,10,25,22,81.1,164,Unhealthy,82.0,UG/M3,1 Hr,Valid
Hyderabad,PM2.5 - Principal,2017-10-25 11:00 PM,2017,10,25,23,77.6,162,Unhealthy,74.0,UG/M3,1 Hr,Valid
Hyderabad,PM2.5 - Principal,2017-10-26 12:00 AM,2017,10,26,00,76.4,162,Unhealthy,75.0,UG/M3,1 Hr,Valid
Hyderabad,PM2.5 - Principal,2017-10-26 01:00 AM,2017,10,26,01,73.2,160,Unhealthy,69.0,UG/M3,1 Hr,Valid
Hyderabad,PM2.5 - Principal,2017-10-26 02:00 AM,2017,10,26,02,68.4,158,Unhealthy,62.0,UG/M3,1 Hr,Valid
Hyderabad,PM2.5 - Principal,2017-10-26 03:00 AM,2017,10,26,03,66.3,157,Unhealthy,61.0,UG/M3,1 Hr,Valid
Hyderabad,PM2.5 - Principal,2017-10-26 04:00 AM,2017,10,26,04,65.6,156,Unhealthy,61.0,UG/M3,1 Hr,Valid
Hyderabad,PM2.5 - Principal,2017-10-26 05:00 AM,2017,10,26,05,67.5,157,Unhealthy,72.0,UG/M3,1 Hr,Valid
Hyderabad,PM2.5 - Principal,2017-10-26 06:00 AM,2017,10,26,06,72.8,160,Unhealthy,85.0,UG/M3,1 Hr,Valid
Hyderabad,PM2.5 - Principal,2017-10-26 07:00 AM,2017,10,26,07,78.1,163,Unhealthy,89.0,UG/M3,1 Hr,Valid
Hyderabad,PM2.5 - Principal,2017-10-26 08:00 AM,2017,10,26,08,77.1,162,Unhealthy,75.0,UG/M3,1 Hr,Valid
Hyderabad,PM2.5 - Principal,2017-10-26 09:00 AM,2017,10,26,09,80.2,164,Unhealthy,87.0,UG/M3,1 Hr,Valid
Hyderabad,PM2.5 - Principal,2017-10-26 10:00 AM,2017,10,26,10,76.3,162,Unhealthy,68.0,UG/M3,1 Hr,Valid
Hyderabad,PM2.5 - Principal,2017-10-26 11:00 AM,2017,10,26,11,66.7,157,Unhealthy,53.0,UG/M3,1 Hr,Valid
Hyderabad,PM2.5 - Principal,2017-10-26 12:00 PM,2017,10,26,12,60.4,154,Unhealthy,52.0,UG/M3,1 Hr,Valid
Hyderabad,PM2.5 - Principal,2017-10-26 01:00 PM,2017,10,26,13,61.9,154,Unhealthy,64.0,UG/M3,1 Hr,Valid
Hyderabad,PM2.5 - Principal,2017-10-26 02:00 PM,2017,10,26,14,56.5,152,Unhealthy,50.0,UG/M3,1 Hr,Valid
Hyderabad,PM2.5 - Principal,2017-10-26 03:00 PM,2017,10,26,15,53.0,144,Unhealthy for Sensitive Groups,49.0,UG/M3,1 Hr,Valid
Hyderabad,PM2.5 - Principal,2017-10-26 04:00 PM,2017,10,26,16,46.1,127,Unhealthy for Sensitive Groups,40.0,UG/M3,1 Hr,Valid
Hyderabad,PM2.5 - Principal,2017-10-26 05:00 PM,2017,10,26,17,46.0,127,Unhealthy for Sensitive Groups,46.0,UG/M3,1 Hr,Valid
Hyderabad,PM2.5 - Principal,2017-10-26 06:00 PM,2017,10,26,18,44.5,123,Unhealthy for Sensitive Groups,43.0,UG/M3,1 Hr,Valid
Hyderabad,PM2.5 - Principal,2017-10-26 07:00 PM,2017,10,26,19,45.2,125,Unhealthy for Sensitive Groups,46.0,UG/M3,1 Hr,Valid
Hyderabad,PM2.5 - Principal,2017-10-26 08:00 PM,2017,10,26,20,48.6,133,Unhealthy for Sensitive Groups,52.0,UG/M3,1 Hr,Valid
Hyderabad,PM2.5 - Principal,2017-10-26 09:00 PM,2017,10,26,21,53.0,144,Unhealthy for Sensitive Groups,60.0,UG/M3,1 Hr,Valid
Hyderabad,PM2.5 - Principal,2017-10-26 10:00 PM,2017,10,26,22,55.3,150,Unhealthy for Sensitive Groups,60.0,UG/M3,1 Hr,Valid
Hyderabad,PM2.5 - Principal,2017-10-26 11:00 PM,2017,10,26,23,60.9,154,Unhealthy,68.0,UG/M3,1 Hr,Valid
Hyderabad,PM2.5 - Principal,2017-10-27 12:00 AM,2017,10,27,00,69.9,158,Unhealthy,78.0,UG/M3,1 Hr,Valid
Hyderabad,PM2.5 - Principal,2017-10-27 01:00 AM,2017,10,27,01,68.5,158,Unhealthy,67.0,UG/M3,1 Hr,Valid
Hyderabad,PM2.5 - Principal,2017-10-27 02:00 AM,2017,10,27,02,61.4,154,Unhealthy,54.0,UG/M3,1 Hr,Valid
Hyderabad,PM2.5 - Principal,2017-10-27 03:00 AM,2017,10,27,03,76.6,162,Unhealthy,92.0,UG/M3,1 Hr,Valid
Hyderabad,PM2.5 - Principal,2017-10-27 04:00 AM,2017,10,27,04,82.3,165,Unhealthy,88.0,UG/M3,1 Hr,Valid
Hyderabad,PM2.5 - Principal,2017-10-27 05:00 AM,2017,10,27,05,79.6,163,Unhealthy,77.0,UG/M3,1 Hr,Valid
Hyderabad,PM2.5 - Principal,2017-10-27 06:00 AM,2017,10,27,06,74.3,161,Unhealthy,69.0,UG/M3,1 Hr,Valid
Hyderabad,PM2.5 - Principal,2017-10-27 07:00 AM,2017,10,27,07,77.0,162,Unhealthy,80.0,UG/M3,1 Hr,Valid
Hyderabad,PM2.5 - Principal,2017-10-27 08:00 AM,2017,10,27,08,79.0,163,Unhealthy,82.0,UG/M3,1 Hr,Valid
Hyderabad,PM2.5 - Principal,2017-10-27 09:00 AM,2017,10,27,09,76.5,162,Unhealthy,73.0,UG/M3,1 Hr,Valid
Hyderabad,PM2.5 - Principal,2017-10-27 10:00 AM,2017,10,27,10,70.5,159,Unhealthy,62.0,UG/M3,1 Hr,Valid
Hyderabad,PM2.5 - Principal,2017-10-27 11:00 AM,2017,10,27,11,65.3,156,Unhealthy,58.0,UG/M3,1 Hr,Valid
Hyderabad,PM2.5 - Principal,2017-10-27 12:00 PM,2017,10,27,12,54.7,148,Unhealthy for Sensitive Groups,46.0,UG/M3,1 Hr,Valid
Hyderabad,PM2.5 - Principal,2017-10-27 01:00 PM,2017,10,27,13,49.8,136,Unhealthy for Sensitive Groups,45.0,UG/M3,1 Hr,Valid
Hyderabad,PM2.5 - Principal,2017-10-27 02:00 PM,2017,10,27,14,46.4,128,Unhealthy for Sensitive Groups,43.0,UG/M3,1 Hr,Valid
Hyderabad,PM2.5 - Principal,2017-10-27 03:00 PM,2017,10,27,15,42.2,117,Unhealthy for Sensitive Groups,38.0,UG/M3,1 Hr,Valid
Hyderabad,PM2.5 - Principal,2017-10-27 04:00 PM,2017,10,27,16,37.1,105,Unhealthy for Sensitive Groups,32.0,UG/M3,1 Hr,Valid
Hyderabad,PM2.5 - Principal,2017-10-27 05:00 PM,2017,10,27,17,40.5,113,Unhealthy for Sensitive Groups,44.0,UG/M3,1 Hr,Valid
Hyderabad,PM2.5 - Principal,2017-10-27 06:00 PM,2017,10,27,18,39.7,111,Unhealthy for Sensitive Groups,39.0,UG/M3,1 Hr,Valid
Hyderabad,PM2.5 - Principal,2017-10-27 07:00 PM,2017,10,27,19,41.8,117,Unhealthy for Sensitive Groups,44.0,UG/M3,1 Hr,Valid
Hyderabad,PM2.5 - Principal,2017-10-27 08:00 PM,2017,10,27,20,51.9,141,Unhealthy for Sensitive Groups,62.0,UG/M3,1 Hr,Valid
Hyderabad,PM2.5 - Principal,2017-10-27 09:00 PM,2017,10,27,21,60.9,154,Unhealthy,70.0,UG/M3,1 Hr,Valid
Hyderabad,PM2.5 - Principal,2017-10-27 10:00 PM,2017,10,27,22,64.4,156,Unhealthy,68.0,UG/M3,1 Hr,Valid
Hyderabad,PM2.5 - Principal,2017-10-27 11:00 PM,2017,10,27,23,66.7,157,Unhealthy,69.0,UG/M3,1 Hr,Valid
Hyderabad,PM2.5 - Principal,2017-10-28 12:00 AM,2017,10,28,00,71.8,159,Unhealthy,77.0,UG/M3,1 Hr,Valid
Hyderabad,PM2.5 - Principal,2017-10-28 01:00 AM,2017,10,28,01,72.4,160,Unhealthy,73.0,UG/M3,1 Hr,Valid
Hyderabad,PM2.5 - Principal,2017-10-28 02:00 AM,2017,10,28,02,67.7,157,Unhealthy,63.0,UG/M3,1 Hr,Valid
Hyderabad,PM2.5 - Principal,2017-10-28 03:00 AM,2017,10,28,03,60.3,153,Unhealthy,53.0,UG/M3,1 Hr,Valid
Hyderabad,PM2.5 - Principal,2017-10-28 04:00 AM,2017,10,28,04,58.2,152,Unhealthy,56.0,UG/M3,1 Hr,Valid
Hyderabad,PM2.5 - Principal,2017-10-28 05:00 AM,2017,10,28,05,74.5,161,Unhealthy,91.0,UG/M3,1 Hr,Valid
Hyderabad,PM2.5 - Principal,2017-10-28 06:00 AM,2017,10,28,06,81.8,165,Unhealthy,89.0,UG/M3,1 Hr,Valid
Hyderabad,PM2.5 - Principal,2017-10-28 07:00 AM,2017,10,28,07,84.9,166,Unhealthy,92.0,UG/M3,1 Hr,Valid
Hyderabad,PM2.5 - Principal,2017-10-28 08:00 AM,2017,10,28,08,94.5,171,Unhealthy,103.0,UG/M3,1 Hr,Valid
Hyderabad,PM2.5 - Principal,2017-10-28 09:00 AM,2017,10,28,09,93.3,171,Unhealthy,92.0,UG/M3,1 Hr,Valid
Hyderabad,PM2.5 - Principal,2017-10-28 10:00 AM,2017,10,28,10,88.3,168,Unhealthy,83.0,UG/M3,1 Hr,Valid
Hyderabad,PM2.5 - Principal,2017-10-28 11:00 AM,2017,10,28,11,82.3,165,Unhealthy,76.0,UG/M3,1 Hr,Valid
Hyderabad,PM2.5 - Principal,2017-10-28 12:00 PM,2017,10,28,12,75.8,161,Unhealthy,69.0,UG/M3,1 Hr,Valid
Hyderabad,PM2.5 - Principal,2017-10-28 01:00 PM,2017,10,28,13,66.2,157,Unhealthy,56.0,UG/M3,1 Hr,Valid
Hyderabad,PM2.5 - Principal,2017-10-28 02:00 PM,2017,10,28,14,56.8,152,Unhealthy,48.0,UG/M3,1 Hr,Valid
Hyderabad,PM2.5 - Principal,2017-10-28 03:00 PM,2017,10,28,15,56.8,152,Unhealthy,-999.0,UG/M3,1 Hr,Missing
Hyderabad,PM2.5 - Principal,2017-10-28 04:00 PM,2017,10,28,16,51.6,141,Unhealthy for Sensitive Groups,49.0,UG/M3,1 Hr,Valid
Hyderabad,PM2.5 - Principal,2017-10-28 05:00 PM,2017,10,28,17,51.2,140,Unhealthy for Sensitive Groups,51.0,UG/M3,1 Hr,Valid
Hyderabad,PM2.5 - Principal,2017-10-28 06:00 PM,2017,10,28,18,51.6,141,Unhealthy for Sensitive Groups,52.0,UG/M3,1 Hr,Valid
Hyderabad,PM2.5 - Principal,2017-10-28 07:00 PM,2017,10,28,19,61.1,154,Unhealthy,70.0,UG/M3,1 Hr,Valid
Hyderabad,PM2.5 - Principal,2017-10-28 08:00 PM,2017,10,28,20,70.6,159,Unhealthy,81.0,UG/M3,1 Hr,Valid
Hyderabad,PM2.5 - Principal,2017-10-28 09:00 PM,2017,10,28,21,76.3,162,Unhealthy,85.0,UG/M3,1 Hr,Valid
Hyderabad,PM2.5 - Principal,2017-10-28 10:00 PM,2017,10,28,22,81.3,164,Unhealthy,87.0,UG/M3,1 Hr,Valid
Hyderabad,PM2.5 - Principal,2017-10-28 11:00 PM,2017,10,28,23,83.0,165,Unhealthy,85.0,UG/M3,1 Hr,Valid
Hyderabad,PM2.5 - Principal,2017-10-29 12:00 AM,2017,10,29,00,81.2,164,Unhealthy,79.0,UG/M3,1 Hr,Valid
Hyderabad,PM2.5 - Principal,2017-10-29 01:00 AM,2017,10,29,01,82.0,165,Unhealthy,83.0,UG/M3,1 Hr,Valid
Hyderabad,PM2.5 - Principal,2017-10-29 02:00 AM,2017,10,29,02,94.6,171,Unhealthy,107.0,UG/M3,1 Hr,Valid
Hyderabad,PM2.5 - Principal,2017-10-29 03:00 AM,2017,10,29,03,102.8,175,Unhealthy,111.0,UG/M3,1 Hr,Valid
Hyderabad,PM2.5 - Principal,2017-10-29 04:00 AM,2017,10,29,04,97.9,173,Unhealthy,93.0,UG/M3,1 Hr,Valid
Hyderabad,PM2.5 - Principal,2017-10-29 05:00 AM,2017,10,29,05,92.4,170,Unhealthy,87.0,UG/M3,1 Hr,Valid
Hyderabad,PM2.5 - Principal,2017-10-29 06:00 AM,2017,10,29,06,92.3,170,Unhealthy,91.0,UG/M3,1 Hr,Valid
Hyderabad,PM2.5 - Principal,2017-10-29 07:00 AM,2017,10,29,07,91.1,169,Unhealthy,88.0,UG/M3,1 Hr,Valid
Hyderabad,PM2.5 - Principal,2017-10-29 08:00 AM,2017,10,29,08,93.8,171,Unhealthy,100.0,UG/M3,1 Hr,Valid
Hyderabad,PM2.5 - Principal,2017-10-29 09:00 AM,2017,10,29,09,90.6,169,Unhealthy,83.0,UG/M3,1 Hr,Valid
Hyderabad,PM2.5 - Principal,2017-10-29 10:00 AM,2017,10,29,10,76.5,162,Unhealthy,61.0,UG/M3,1 Hr,Valid
Hyderabad,PM2.5 - Principal,2017-10-29 11:00 AM,2017,10,29,11,64.9,156,Unhealthy,55.0,UG/M3,1 Hr,Valid
Hyderabad,PM2.5 - Principal,2017-10-29 12:00 PM,2017,10,29,12,56.9,152,Unhealthy,49.0,UG/M3,1 Hr,Valid
Hyderabad,PM2.5 - Principal,2017-10-29 01:00 PM,2017,10,29,13,52.4,143,Unhealthy for Sensitive Groups,48.0,UG/M3,1 Hr,Valid
Hyderabad,PM2.5 - Principal,2017-10-29 02:00 PM,2017,10,29,14,49.2,135,Unhealthy for Sensitive Groups,46.0,UG/M3,1 Hr,Valid
Hyderabad,PM2.5 - Principal,2017-10-29 03:00 PM,2017,10,29,15,48.6,133,Unhealthy for Sensitive Groups,48.0,UG/M3,1 Hr,Valid
Hyderabad,PM2.5 - Principal,2017-10-29 04:00 PM,2017,10,29,16,47.2,130,Unhealthy for Sensitive Groups,46.0,UG/M3,1 Hr,Valid
Hyderabad,PM2.5 - Principal,2017-10-29 05:00 PM,2017,10,29,17,45.1,125,Unhealthy for Sensitive Groups,43.0,UG/M3,1 Hr,Valid
Hyderabad,PM2.5 - Principal,2017-10-29 06:00 PM,2017,10,29,18,48.0,132,Unhealthy for Sensitive Groups,51.0,UG/M3,1 Hr,Valid
Hyderabad,PM2.5 - Principal,2017-10-29 07:00 PM,2017,10,29,19,50.5,138,Unhealthy for Sensitive Groups,53.0,UG/M3,1 Hr,Valid
Hyderabad,PM2.5 - Principal,2017-10-29 08:00 PM,2017,10,29,20,54.5,148,Unhealthy for Sensitive Groups,59.0,UG/M3,1 Hr,Valid
Hyderabad,PM2.5 - Principal,2017-10-29 09:00 PM,2017,10,29,21,58.6,153,Unhealthy,68.0,UG/M3,1 Hr,Valid
Hyderabad,PM2.5 - Principal,2017-10-29 10:00 PM,2017,10,29,22,81.1,164,Unhealthy,101.0,UG/M3,1 Hr,Valid
Hyderabad,PM2.5 - Principal,2017-10-29 11:00 PM,2017,10,29,23,80.0,164,Unhealthy,79.0,UG/M3,1 Hr,Valid
Hyderabad,PM2.5 - Principal,2017-10-30 12:00 AM,2017,10,30,00,81.0,164,Unhealthy,82.0,UG/M3,1 Hr,Valid
Hyderabad,PM2.5 - Principal,2017-10-30 01:00 AM,2017,10,30,01,82.5,165,Unhealthy,84.0,UG/M3,1 Hr,Valid
Hyderabad,PM2.5 - Principal,2017-10-30 02:00 AM,2017,10,30,02,73.2,160,Unhealthy,64.0,UG/M3,1 Hr,Valid
Hyderabad,PM2.5 - Principal,2017-10-30 03:00 AM,2017,10,30,03,69.6,158,Unhealthy,66.0,UG/M3,1 Hr,Valid
Hyderabad,PM2.5 - Principal,2017-10-30 04:00 AM,2017,10,30,04,63.8,155,Unhealthy,58.0,UG/M3,1 Hr,Valid
Hyderabad,PM2.5 - Principal,2017-10-30 05:00 AM,2017,10,30,05,58.0,152,Unhealthy,52.0,UG/M3,1 Hr,Valid
Hyderabad,PM2.5 - Principal,2017-10-30 06:00 AM,2017,10,30,06,58.6,153,Unhealthy,59.0,UG/M3,1 Hr,Valid
Hyderabad,PM2.5 - Principal,2017-10-30 07:00 AM,2017,10,30,07,64.1,155,Unhealthy,70.0,UG/M3,1 Hr,Valid
Hyderabad,PM2.5 - Principal,2017-10-30 08:00 AM,2017,10,30,08,70.3,159,Unhealthy,77.0,UG/M3,1 Hr,Valid
Hyderabad,PM2.5 - Principal,2017-10-30 09:00 AM,2017,10,30,09,78.9,163,Unhealthy,88.0,UG/M3,1 Hr,Valid
Hyderabad,PM2.5 - Principal,2017-10-30 10:00 AM,2017,10,30,10,74.8,161,Unhealthy,72.0,UG/M3,1 Hr,Valid
Hyderabad,PM2.5 - Principal,2017-10-30 11:00 AM,2017,10,30,11,66.7,157,Unhealthy,55.0,UG/M3,1 Hr,Valid
Hyderabad,PM2.5 - Principal,2017-10-30 12:00 PM,2017,10,30,12,56.2,151,Unhealthy,46.0,UG/M3,1 Hr,Valid
Hyderabad,PM2.5 - Principal,2017-10-30 01:00 PM,2017,10,30,13,49.3,135,Unhealthy for Sensitive Groups,43.0,UG/M3,1 Hr,Valid
Hyderabad,PM2.5 - Principal,2017-10-30 02:00 PM,2017,10,30,14,48.1,132,Unhealthy for Sensitive Groups,47.0,UG/M3,1 Hr,Valid
Hyderabad,PM2.5 - Principal,2017-10-30 03:00 PM,2017,10,30,15,49.0,134,Unhealthy for Sensitive Groups,50.0,UG/M3,1 Hr,Valid
Hyderabad,PM2.5 - Principal,2017-10-30 04:00 PM,2017,10,30,16,50.5,138,Unhealthy for Sensitive Groups,52.0,UG/M3,1 Hr,Valid
Hyderabad,PM2.5 - Principal,2017-10-30 05:00 PM,2017,10,30,17,49.2,135,Unhealthy for Sensitive Groups,48.0,UG/M3,1 Hr,Valid
Hyderabad,PM2.5 - Principal,2017-10-30 06:00 PM,2017,10,30,18,50.6,138,Unhealthy for Sensitive Groups,52.0,UG/M3,1 Hr,Valid
Hyderabad,PM2.5 - Principal,2017-10-30 07:00 PM,2017,10,30,19,58.3,152,Unhealthy,66.0,UG/M3,1 Hr,Valid
Hyderabad,PM2.5 - Principal,2017-10-30 08:00 PM,2017,10,30,20,71.1,159,Unhealthy,84.0,UG/M3,1 Hr,Valid
Hyderabad,PM2.5 - Principal,2017-10-30 09:00 PM,2017,10,30,21,81.0,164,Unhealthy,91.0,UG/M3,1 Hr,Valid
Hyderabad,PM2.5 - Principal,2017-10-30 10:00 PM,2017,10,30,22,81.0,164,Unhealthy,81.0,UG/M3,1 Hr,Valid
Hyderabad,PM2.5 - Principal,2017-10-30 11:00 PM,2017,10,30,23,80.0,164,Unhealthy,79.0,UG/M3,1 Hr,Valid
Hyderabad,PM2.5 - Principal,2017-10-31 12:00 AM,2017,10,31,00,78.0,163,Unhealthy,76.0,UG/M3,1 Hr,Valid
Hyderabad,PM2.5 - Principal,2017-10-31 01:00 AM,2017,10,31,01,75.5,161,Unhealthy,73.0,UG/M3,1 Hr,Valid
Hyderabad,PM2.5 - Principal,2017-10-31 02:00 AM,2017,10,31,02,72.5,160,Unhealthy,69.0,UG/M3,1 Hr,Valid
Hyderabad,PM2.5 - Principal,2017-10-31 03:00 AM,2017,10,31,03,71.8,159,Unhealthy,71.0,UG/M3,1 Hr,Valid
Hyderabad,PM2.5 - Principal,2017-10-31 04:00 AM,2017,10,31,04,68.1,158,Unhealthy,64.0,UG/M3,1 Hr,Valid
Hyderabad,PM2.5 - Principal,2017-10-31 05:00 AM,2017,10,31,05,67.5,157,Unhealthy,66.0,UG/M3,1 Hr,Valid
Hyderabad,PM2.5 - Principal,2017-10-31 06:00 AM,2017,10,31,06,64.5,156,Unhealthy,58.0,UG/M3,1 Hr,Valid
Hyderabad,PM2.5 - Principal,2017-10-31 07:00 AM,2017,10,31,07,80.0,164,Unhealthy,102.0,UG/M3,1 Hr,Valid
Hyderabad,PM2.5 - Principal,2017-10-31 08:00 AM,2017,10,31,08,83.0,165,Unhealthy,87.0,UG/M3,1 Hr,Valid
Hyderabad,PM2.5 - Principal,2017-10-31 09:00 AM,2017,10,31,09,89.9,169,Unhealthy,99.0,UG/M3,1 Hr,Valid
Hyderabad,PM2.5 - Principal,2017-10-31 10:00 AM,2017,10,31,10,80.9,164,Unhealthy,69.0,UG/M3,1 Hr,Valid
Hyderabad,PM2.5 - Principal,2017-10-31 11:00 AM,2017,10,31,11,67.3,157,Unhealthy,53.0,UG/M3,1 Hr,Valid
Hyderabad,PM2.5 - Principal,2017-10-31 12:00 PM,2017,10,31,12,60.4,154,Unhealthy,53.0,UG/M3,1 Hr,Valid
Hyderabad,PM2.5 - Principal,2017-10-31 01:00 PM,2017,10,31,13,55.4,150,Unhealthy for Sensitive Groups,51.0,UG/M3,1 Hr,Valid
Hyderabad,PM2.5 - Principal,2017-10-31 02:00 PM,2017,10,31,14,53.2,145,Unhealthy for Sensitive Groups,51.0,UG/M3,1 Hr,Valid
Hyderabad,PM2.5 - Principal,2017-10-31 03:00 PM,2017,10,31,15,49.1,134,Unhealthy for Sensitive Groups,45.0,UG/M3,1 Hr,Valid
Hyderabad,PM2.5 - Principal,2017-10-31 04:00 PM,2017,10,31,16,47.0,129,Unhealthy for Sensitive Groups,45.0,UG/M3,1 Hr,Valid
Hyderabad,PM2.5 - Principal,2017-10-31 05:00 PM,2017,10,31,17,47.5,131,Unhealthy for Sensitive Groups,48.0,UG/M3,1 Hr,Valid
Hyderabad,PM2.5 - Principal,2017-10-31 06:00 PM,2017,10,31,18,50.2,137,Unhealthy for Sensitive Groups,53.0,UG/M3,1 Hr,Valid
Hyderabad,PM2.5 - Principal,2017-10-31 07:00 PM,2017,10,31,19,56.1,151,Unhealthy,62.0,UG/M3,1 Hr,Valid
Hyderabad,PM2.5 - Principal,2017-10-31 08:00 PM,2017,10,31,20,62.5,155,Unhealthy,69.0,UG/M3,1 Hr,Valid
Hyderabad,PM2.5 - Principal,2017-10-31 09:00 PM,2017,10,31,21,79.2,163,Unhealthy,96.0,UG/M3,1 Hr,Valid
Hyderabad,PM2.5 - Principal,2017-10-31 10:00 PM,2017,10,31,22,84.6,166,Unhealthy,90.0,UG/M3,1 Hr,Valid
Hyderabad,PM2.5 - Principal,2017-10-31 11:00 PM,2017,10,31,23,77.8,163,Unhealthy,71.0,UG/M3,1 Hr,Valid
Hyderabad,PM2.5 - Principal,2017-11-01 12:00 AM,2017,11,01,00,77.9,163,Unhealthy,78.0,UG/M3,1 Hr,Valid
Hyderabad,PM2.5 - Principal,2017-11-01 01:00 AM,2017,11,01,01,78.9,163,Unhealthy,80.0,UG/M3,1 Hr,Valid
Hyderabad,PM2.5 - Principal,2017-11-01 02:00 AM,2017,11,01,02,75.9,162,Unhealthy,73.0,UG/M3,1 Hr,Valid
Hyderabad,PM2.5 - Principal,2017-11-01 03:00 AM,2017,11,01,03,76.4,162,Unhealthy,77.0,UG/M3,1 Hr,Valid
Hyderabad,PM2.5 - Principal,2017-11-01 04:00 AM,2017,11,01,04,73.2,160,Unhealthy,70.0,UG/M3,1 Hr,Valid
Hyderabad,PM2.5 - Principal,2017-11-01 05:00 AM,2017,11,01,05,71.5,159,Unhealthy,69.0,UG/M3,1 Hr,Valid
Hyderabad,PM2.5 - Principal,2017-11-01 06:00 AM,2017,11,01,06,73.3,160,Unhealthy,75.0,UG/M3,1 Hr,Valid
Hyderabad,PM2.5 - Principal,2017-11-01 07:00 AM,2017,11,01,07,75.9,162,Unhealthy,81.0,UG/M3,1 Hr,Valid
Hyderabad,PM2.5 - Principal,2017-11-01 08:00 AM,2017,11,01,08,86.6,167,Unhealthy,106.0,UG/M3,1 Hr,Valid
Hyderabad,PM2.5 - Principal,2017-11-01 09:00 AM,2017,11,01,09,90.5,169,Unhealthy,98.0,UG/M3,1 Hr,Valid
Hyderabad,PM2.5 - Principal,2017-11-01 10:00 AM,2017,11,01,10,89.6,169,Unhealthy,88.0,UG/M3,1 Hr,Valid
Hyderabad,PM2.5 - Principal,2017-11-01 11:00 AM,2017,11,01,11,85.6,167,Unhealthy,78.0,UG/M3,1 Hr,Valid
Hyderabad,PM2.5 - Principal,2017-11-01 12:00 PM,2017,11,01,12,81.2,164,Unhealthy,73.0,UG/M3,1 Hr,Valid
Hyderabad,PM2.5 - Principal,2017-11-01 01:00 PM,2017,11,01,13,75.8,161,Unhealthy,67.0,UG/M3,1 Hr,Valid
Hyderabad,PM2.5 - Principal,2017-11-01 02:00 PM,2017,11,01,14,68.7,158,Unhealthy,61.0,UG/M3,1 Hr,Valid
Hyderabad,PM2.5 - Principal,2017-11-01 03:00 PM,2017,11,01,15,68.7,158,Unhealthy,-999.0,UG/M3,1 Hr,Missing
Hyderabad,PM2.5 - Principal,2017-11-01 04:00 PM,2017,11,01,16,61.1,154,Unhealthy,57.0,UG/M3,1 Hr,Valid
Hyderabad,PM2.5 - Principal,2017-11-01 05:00 PM,2017,11,01,17,56.1,151,Unhealthy,53.0,UG/M3,1 Hr,Valid
Hyderabad,PM2.5 - Principal,2017-11-01 06:00 PM,2017,11,01,18,60.8,154,Unhealthy,65.0,UG/M3,1 Hr,Valid
Hyderabad,PM2.5 - Principal,2017-11-01 07:00 PM,2017,11,01,19,66.6,157,Unhealthy,72.0,UG/M3,1 Hr,Valid
Hyderabad,PM2.5 - Principal,2017-11-01 08:00 PM,2017,11,01,20,75.0,161,Unhealthy,85.0,UG/M3,1 Hr,Valid
Hyderabad,PM2.5 - Principal,2017-11-01 09:00 PM,2017,11,01,21,83.7,166,Unhealthy,95.0,UG/M3,1 Hr,Valid
Hyderabad,PM2.5 - Principal,2017-11-01 10:00 PM,2017,11,01,22,83.4,165,Unhealthy,83.0,UG/M3,1 Hr,Valid
Hyderabad,PM2.5 - Principal,2017-11-01 11:00 PM,2017,11,01,23,77.9,163,Unhealthy,71.0,UG/M3,1 Hr,Valid
Hyderabad,PM2.5 - Principal,2017-11-02 12:00 AM,2017,11,02,00,76.6,162,Unhealthy,75.0,UG/M3,1 Hr,Valid
Hyderabad,PM2.5 - Principal,2017-11-02 01:00 AM,2017,11,02,01,80.3,164,Unhealthy,85.0,UG/M3,1 Hr,Valid
Hyderabad,PM2.5 - Principal,2017-11-02 02:00 AM,2017,11,02,02,79.7,163,Unhealthy,79.0,UG/M3,1 Hr,Valid
Hyderabad,PM2.5 - Principal,2017-11-02 03:00 AM,2017,11,02,03,76.3,162,Unhealthy,72.0,UG/M3,1 Hr,Valid
Hyderabad,PM2.5 - Principal,2017-11-02 04:00 AM,2017,11,02,04,74.4,161,Unhealthy,72.0,UG/M3,1 Hr,Valid
Hyderabad,PM2.5 - Principal,2017-11-02 05:00 AM,2017,11,02,05,76.0,162,Unhealthy,77.0,UG/M3,1 Hr,Valid
Hyderabad,PM2.5 - Principal,2017-11-02 06:00 AM,2017,11,02,06,80.0,164,Unhealthy,90.0,UG/M3,1 Hr,Valid
Hyderabad,PM2.5 - Principal,2017-11-02 07:00 AM,2017,11,02,07,90.1,169,Unhealthy,108.0,UG/M3,1 Hr,Valid
Hyderabad,PM2.5 - Principal,2017-11-02 08:00 AM,2017,11,02,08,101.1,175,Unhealthy,116.0,UG/M3,1 Hr,Valid
Hyderabad,PM2.5 - Principal,2017-11-02 09:00 AM,2017,11,02,09,104.6,176,Unhealthy,110.0,UG/M3,1 Hr,Valid
Hyderabad,PM2.5 - Principal,2017-11-02 10:00 AM,2017,11,02,10,100.5,174,Unhealthy,94.0,UG/M3,1 Hr,Valid
Hyderabad,PM2.5 - Principal,2017-11-02 11:00 AM,2017,11,02,11,87.8,168,Unhealthy,69.0,UG/M3,1 Hr,Valid
Hyderabad,PM2.5 - Principal,2017-11-02 12:00 PM,2017,11,02,12,80.1,164,Unhealthy,69.0,UG/M3,1 Hr,Valid
Hyderabad,PM2.5 - Principal,2017-11-02 01:00 PM,2017,11,02,13,74.9,161,Unhealthy,68.0,UG/M3,1 Hr,Valid
Hyderabad,PM2.5 - Principal,2017-11-02 02:00 PM,2017,11,02,14,67.3,157,Unhealthy,61.0,UG/M3,1 Hr,Valid
Hyderabad,PM2.5 - Principal,2017-11-02 03:00 PM,2017,11,02,15,60.8,154,Unhealthy,55.0,UG/M3,1 Hr,Valid
Hyderabad,PM2.5 - Principal,2017-11-02 04:00 PM,2017,11,02,16,57.9,152,Unhealthy,55.0,UG/M3,1 Hr,Valid
Hyderabad,PM2.5 - Principal,2017-11-02 05:00 PM,2017,11,02,17,56.9,152,Unhealthy,56.0,UG/M3,1 Hr,Valid
Hyderabad,PM2.5 - Principal,2017-11-02 06:00 PM,2017,11,02,18,62.4,155,Unhealthy,68.0,UG/M3,1 Hr,Valid
Hyderabad,PM2.5 - Principal,2017-11-02 07:00 PM,2017,11,02,19,66.2,157,Unhealthy,70.0,UG/M3,1 Hr,Valid
Hyderabad,PM2.5 - Principal,2017-11-02 08:00 PM,2017,11,02,20,74.6,161,Unhealthy,83.0,UG/M3,1 Hr,Valid
Hyderabad,PM2.5 - Principal,2017-11-02 09:00 PM,2017,11,02,21,79.8,164,Unhealthy,90.0,UG/M3,1 Hr,Valid
Hyderabad,PM2.5 - Principal,2017-11-02 10:00 PM,2017,11,02,22,82.1,165,Unhealthy,87.0,UG/M3,1 Hr,Valid
Hyderabad,PM2.5 - Principal,2017-11-02 11:00 PM,2017,11,02,23,82.8,165,Unhealthy,84.0,UG/M3,1 Hr,Valid
Hyderabad,PM2.5 - Principal,2017-11-03 12:00 AM,2017,11,03,00,82.9,165,Unhealthy,83.0,UG/M3,1 Hr,Valid
Hyderabad,PM2.5 - Principal,2017-11-03 01:00 AM,2017,11,03,01,79.0,163,Unhealthy,73.0,UG/M3,1 Hr,Valid
Hyderabad,PM2.5 - Principal,2017-11-03 02:00 AM,2017,11,03,02,77.5,162,Unhealthy,75.0,UG/M3,1 Hr,Valid
Hyderabad,PM2.5 - Principal,2017-11-03 03:00 AM,2017,11,03,03,75.3,161,Unhealthy,72.0,UG/M3,1 Hr,Valid
Hyderabad,PM2.5 - Principal,2017-11-03 04:00 AM,2017,11,03,04,77.9,163,Unhealthy,82.0,UG/M3,1 Hr,Valid
Hyderabad,PM2.5 - Principal,2017-11-03 05:00 AM,2017,11,03,05,80.2,164,Unhealthy,86.0,UG/M3,1 Hr,Valid
Hyderabad,PM2.5 - Principal,2017-11-03 06:00 AM,2017,11,03,06,86.9,167,Unhealthy,101.0,UG/M3,1 Hr,Valid
Hyderabad,PM2.5 - Principal,2017-11-03 07:00 AM,2017,11,03,07,95.5,172,Unhealthy,110.0,UG/M3,1 Hr,Valid
Hyderabad,PM2.5 - Principal,2017-11-03 08:00 AM,2017,11,03,08,118.2,183,Unhealthy,138.0,UG/M3,1 Hr,Valid
Hyderabad,PM2.5 - Principal,2017-11-03 09:00 AM,2017,11,03,09,123.8,186,Unhealthy,130.0,UG/M3,1 Hr,Valid
Hyderabad,PM2.5 - Principal,2017-11-03 10:00 AM,2017,11,03,10,111.5,180,Unhealthy,98.0,UG/M3,1 Hr,Valid
Hyderabad,PM2.5 - Principal,2017-11-03 11:00 AM,2017,11,03,11,88.1,168,Unhealthy,65.0,UG/M3,1 Hr,Valid
Hyderabad,PM2.5 - Principal,2017-11-03 12:00 PM,2017,11,03,12,71.5,159,Unhealthy,55.0,UG/M3,1 Hr,Valid
Hyderabad,PM2.5 - Principal,2017-11-03 01:00 PM,2017,11,03,13,64.7,156,Unhealthy,58.0,UG/M3,1 Hr,Valid
Hyderabad,PM2.5 - Principal,2017-11-03 02:00 PM,2017,11,03,14,61.8,154,Unhealthy,59.0,UG/M3,1 Hr,Valid
Hyderabad,PM2.5 - Principal,2017-11-03 03:00 PM,2017,11,03,15,60.4,154,Unhealthy,59.0,UG/M3,1 Hr,Valid
Hyderabad,PM2.5 - Principal,2017-11-03 04:00 PM,2017,11,03,16,57.7,152,Unhealthy,55.0,UG/M3,1 Hr,Valid
Hyderabad,PM2.5 - Principal,2017-11-03 05:00 PM,2017,11,03,17,60.3,153,Unhealthy,63.0,UG/M3,1 Hr,Valid
Hyderabad,PM2.5 - Principal,2017-11-03 06:00 PM,2017,11,03,18,59.6,153,Unhealthy,59.0,UG/M3,1 Hr,Valid
Hyderabad,PM2.5 - Principal,2017-11-03 07:00 PM,2017,11,03,19,66.8,157,Unhealthy,74.0,UG/M3,1 Hr,Valid
Hyderabad,PM2.5 - Principal,2017-11-03 08:00 PM,2017,11,03,20,77.9,163,Unhealthy,89.0,UG/M3,1 Hr,Valid
Hyderabad,PM2.5 - Principal,2017-11-03 09:00 PM,2017,11,03,21,83.0,165,Unhealthy,92.0,UG/M3,1 Hr,Valid
Hyderabad,PM2.5 - Principal,2017-11-03 10:00 PM,2017,11,03,22,85.1,166,Unhealthy,90.0,UG/M3,1 Hr,Valid
Hyderabad,PM2.5 - Principal,2017-11-03 11:00 PM,2017,11,03,23,87.4,167,Unhealthy,91.0,UG/M3,1 Hr,Valid
Hyderabad,PM2.5 - Principal,2017-11-04 12:00 AM,2017,11,04,00,84.9,166,Unhealthy,81.0,UG/M3,1 Hr,Valid
Hyderabad,PM2.5 - Principal,2017-11-04 01:00 AM,2017,11,04,01,78.9,163,Unhealthy,70.0,UG/M3,1 Hr,Valid
Hyderabad,PM2.5 - Principal,2017-11-04 02:00 AM,2017,11,04,02,75.3,161,Unhealthy,70.0,UG/M3,1 Hr,Valid
Hyderabad,PM2.5 - Principal,2017-11-04 03:00 AM,2017,11,04,03,71.9,159,Unhealthy,67.0,UG/M3,1 Hr,Valid
Hyderabad,PM2.5 - Principal,2017-11-04 04:00 AM,2017,11,04,04,71.8,159,Unhealthy,70.0,UG/M3,1 Hr,Valid
Hyderabad,PM2.5 - Principal,2017-11-04 05:00 AM,2017,11,04,05,72.2,160,Unhealthy,73.0,UG/M3,1 Hr,Valid
Hyderabad,PM2.5 - Principal,2017-11-04 06:00 AM,2017,11,04,06,73.5,160,Unhealthy,74.0,UG/M3,1 Hr,Valid
Hyderabad,PM2.5 - Principal,2017-11-04 07:00 AM,2017,11,04,07,80.2,164,Unhealthy,96.0,UG/M3,1 Hr,Valid
Hyderabad,PM2.5 - Principal,2017-11-04 08:00 AM,2017,11,04,08,85.5,166,Unhealthy,97.0,UG/M3,1 Hr,Valid
Hyderabad,PM2.5 - Principal,2017-11-04 09:00 AM,2017,11,04,09,81.8,165,Unhealthy,74.0,UG/M3,1 Hr,Valid
Hyderabad,PM2.5 - Principal,2017-11-04 10:00 AM,2017,11,04,10,73.7,160,Unhealthy,60.0,UG/M3,1 Hr,Valid
Hyderabad,PM2.5 - Principal,2017-11-04 11:00 AM,2017,11,04,11,68.4,158,Unhealthy,60.0,UG/M3,1 Hr,Valid
Hyderabad,PM2.5 - Principal,2017-11-04 12:00 PM,2017,11,04,12,55.2,150,Unhealthy for Sensitive Groups,45.0,UG/M3,1 Hr,Valid
Hyderabad,PM2.5 - Principal,2017-11-04 01:00 PM,2017,11,04,13,55.1,149,Unhealthy for Sensitive Groups,55.0,UG/M3,1 Hr,Valid
Hyderabad,PM2.5 - Principal,2017-11-04 02:00 PM,2017,11,04,14,51.0,139,Unhealthy for Sensitive Groups,47.0,UG/M3,1 Hr,Valid
Hyderabad,PM2.5 - Principal,2017-11-04 03:00 PM,2017,11,04,15,48.0,132,Unhealthy for Sensitive Groups,45.0,UG/M3,1 Hr,Valid
Hyderabad,PM2.5 - Principal,2017-11-04 04:00 PM,2017,11,04,16,44.0,122,Unhealthy for Sensitive Groups,40.0,UG/M3,1 Hr,Valid
Hyderabad,PM2.5 - Principal,2017-11-04 05:00 PM,2017,11,04,17,46.0,127,Unhealthy for Sensitive Groups,48.0,UG/M3,1 Hr,Valid
Hyderabad,PM2.5 - Principal,2017-11-04 06:00 PM,2017,11,04,18,44.9,124,Unhealthy for Sensitive Groups,44.0,UG/M3,1 Hr,Valid
Hyderabad,PM2.5 - Principal,2017-11-04 07:00 PM,2017,11,04,19,62.4,155,Unhealthy,80.0,UG/M3,1 Hr,Valid
Hyderabad,PM2.5 - Principal,2017-11-04 08:00 PM,2017,11,04,20,73.2,160,Unhealthy,84.0,UG/M3,1 Hr,Valid
Hyderabad,PM2.5 - Principal,2017-11-04 09:00 PM,2017,11,04,21,93.1,170,Unhealthy,113.0,UG/M3,1 Hr,Valid
Hyderabad,PM2.5 - Principal,2017-11-04 10:00 PM,2017,11,04,22,111.0,180,Unhealthy,129.0,UG/M3,1 Hr,Valid
Hyderabad,PM2.5 - Principal,2017-11-04 11:00 PM,2017,11,04,23,102.0,175,Unhealthy,93.0,UG/M3,1 Hr,Valid
Hyderabad,PM2.5 - Principal,2017-11-05 12:00 AM,2017,11,05,00,90.0,169,Unhealthy,78.0,UG/M3,1 Hr,Valid
Hyderabad,PM2.5 - Principal,2017-11-05 01:00 AM,2017,11,05,01,79.0,163,Unhealthy,68.0,UG/M3,1 Hr,Valid
Hyderabad,PM2.5 - Principal,2017-11-05 02:00 AM,2017,11,05,02,66.0,156,Unhealthy,53.0,UG/M3,1 Hr,Valid
Hyderabad,PM2.5 - Principal,2017-11-05 03:00 AM,2017,11,05,03,54.0,147,Unhealthy for Sensitive Groups,42.0,UG/M3,1 Hr,Valid
Hyderabad,PM2.5 - Principal,2017-11-05 04:00 AM,2017,11,05,04,46.5,128,Unhealthy for Sensitive Groups,39.0,UG/M3,1 Hr,Valid
Hyderabad,PM2.5 - Principal,2017-11-05 05:00 AM,2017,11,05,05,47.2,130,Unhealthy for Sensitive Groups,48.0,UG/M3,1 Hr,Valid
Hyderabad,PM2.5 - Principal,2017-11-05 06:00 AM,2017,11,05,06,45.6,126,Unhealthy for Sensitive Groups,44.0,UG/M3,1 Hr,Valid
Hyderabad,PM2.5 - Principal,2017-11-05 07:00 AM,2017,11,05,07,48.3,133,Unhealthy for Sensitive Groups,51.0,UG/M3,1 Hr,Valid
Hyderabad,PM2.5 - Principal,2017-11-05 08:00 AM,2017,11,05,08,53.1,144,Unhealthy for Sensitive Groups,58.0,UG/M3,1 Hr,Valid
Hyderabad,PM2.5 - Principal,2017-11-05 09:00 AM,2017,11,05,09,56.0,151,Unhealthy,59.0,UG/M3,1 Hr,Valid
Hyderabad,PM2.5 - Principal,2017-11-05 10:00 AM,2017,11,05,10,56.0,151,Unhealthy,56.0,UG/M3,1 Hr,Valid
Hyderabad,PM2.5 - Principal,2017-11-05 11:00 AM,2017,11,05,11,57.5,152,Unhealthy,59.0,UG/M3,1 Hr,Valid
Hyderabad,PM2.5 - Principal,2017-11-05 12:00 PM,2017,11,05,12,51.0,139,Unhealthy for Sensitive Groups,43.0,UG/M3,1 Hr,Valid
Hyderabad,PM2.5 - Principal,2017-11-05 01:00 PM,2017,11,05,13,45.3,125,Unhealthy for Sensitive Groups,36.0,UG/M3,1 Hr,Valid
Hyderabad,PM2.5 - Principal,2017-11-05 02:00 PM,2017,11,05,14,40.9,114,Unhealthy for Sensitive Groups,35.0,UG/M3,1 Hr,Valid
Hyderabad,PM2.5 - Principal,2017-11-05 03:00 PM,2017,11,05,15,35.4,100,Moderate,31.0,UG/M3,1 Hr,Valid
Hyderabad,PM2.5 - Principal,2017-11-05 04:00 PM,2017,11,05,16,31.5,92,Moderate,28.0,UG/M3,1 Hr,Valid
Hyderabad,PM2.5 - Principal,2017-11-05 05:00 PM,2017,11,05,17,30.7,90,Moderate,30.0,UG/M3,1 Hr,Valid
Hyderabad,PM2.5 - Principal,2017-11-05 06:00 PM,2017,11,05,18,30.3,89,Moderate,30.0,UG/M3,1 Hr,Valid
Hyderabad,PM2.5 - Principal,2017-11-05 07:00 PM,2017,11,05,19,32.1,93,Moderate,34.0,UG/M3,1 Hr,Valid
Hyderabad,PM2.5 - Principal,2017-11-05 08:00 PM,2017,11,05,20,39.5,111,Unhealthy for Sensitive Groups,47.0,UG/M3,1 Hr,Valid
Hyderabad,PM2.5 - Principal,2017-11-05 09:00 PM,2017,11,05,21,48.7,134,Unhealthy for Sensitive Groups,58.0,UG/M3,1 Hr,Valid
Hyderabad,PM2.5 - Principal,2017-11-05 10:00 PM,2017,11,05,22,51.3,140,Unhealthy for Sensitive Groups,54.0,UG/M3,1 Hr,Valid
Hyderabad,PM2.5 - Principal,2017-11-05 11:00 PM,2017,11,05,23,50.1,137,Unhealthy for Sensitive Groups,49.0,UG/M3,1 Hr,Valid
Hyderabad,PM2.5 - Principal,2017-11-06 12:00 AM,2017,11,06,00,44.5,123,Unhealthy for Sensitive Groups,39.0,UG/M3,1 Hr,Valid
Hyderabad,PM2.5 - Principal,2017-11-06 01:00 AM,2017,11,06,01,41.7,116,Unhealthy for Sensitive Groups,39.0,UG/M3,1 Hr,Valid
Hyderabad,PM2.5 - Principal,2017-11-06 02:00 AM,2017,11,06,02,38.8,109,Unhealthy for Sensitive Groups,36.0,UG/M3,1 Hr,Valid
Hyderabad,PM2.5 - Principal,2017-11-06 03:00 AM,2017,11,06,03,35.9,102,Unhealthy for Sensitive Groups,33.0,UG/M3,1 Hr,Valid
Hyderabad,PM2.5 - Principal,2017-11-06 04:00 AM,2017,11,06,04,40.4,113,Unhealthy for Sensitive Groups,45.0,UG/M3,1 Hr,Valid
Hyderabad,PM2.5 - Principal,2017-11-06 05:00 AM,2017,11,06,05,43.6,121,Unhealthy for Sensitive Groups,47.0,UG/M3,1 Hr,Valid
Hyderabad,PM2.5 - Principal,2017-11-06 06:00 AM,2017,11,06,06,43.5,121,Unhealthy for Sensitive Groups,44.0,UG/M3,1 Hr,Valid
Hyderabad,PM2.5 - Principal,2017-11-06 07:00 AM,2017,11,06,07,43.7,121,Unhealthy for Sensitive Groups,44.0,UG/M3,1 Hr,Valid
Hyderabad,PM2.5 - Principal,2017-11-06 08:00 AM,2017,11,06,08,50.4,138,Unhealthy for Sensitive Groups,59.0,UG/M3,1 Hr,Valid
Hyderabad,PM2.5 - Principal,2017-11-06 09:00 AM,2017,11,06,09,54.8,149,Unhealthy for Sensitive Groups,60.0,UG/M3,1 Hr,Valid
Hyderabad,PM2.5 - Principal,2017-11-06 10:00 AM,2017,11,06,10,48.6,133,Unhealthy for Sensitive Groups,41.0,UG/M3,1 Hr,Valid
Hyderabad,PM2.5 - Principal,2017-11-06 11:00 AM,2017,11,06,11,44.2,122,Unhealthy for Sensitive Groups,39.0,UG/M3,1 Hr,Valid
Hyderabad,PM2.5 - Principal,2017-11-06 12:00 PM,2017,11,06,12,39.2,110,Unhealthy for Sensitive Groups,33.0,UG/M3,1 Hr,Valid
Hyderabad,PM2.5 - Principal,2017-11-06 01:00 PM,2017,11,06,13,36.8,104,Unhealthy for Sensitive Groups,34.0,UG/M3,1 Hr,Valid
Hyderabad,PM2.5 - Principal,2017-11-06 02:00 PM,2017,11,06,14,34.4,98,Moderate,32.0,UG/M3,1 Hr,Valid
Hyderabad,PM2.5 - Principal,2017-11-06 03:00 PM,2017,11,06,15,28.0,84,Moderate,22.0,UG/M3,1 Hr,Valid
Hyderabad,PM2.5 - Principal,2017-11-06 04:00 PM,2017,11,06,16,25.0,78,Moderate,22.0,UG/M3,1 Hr,Valid
Hyderabad,PM2.5 - Principal,2017-11-06 05:00 PM,2017,11,06,17,24.5,77,Moderate,24.0,UG/M3,1 Hr,Valid
Hyderabad,PM2.5 - Principal,2017-11-06 06:00 PM,2017,11,06,18,27.2,83,Moderate,30.0,UG/M3,1 Hr,Valid
Hyderabad,PM2.5 - Principal,2017-11-06 07:00 PM,2017,11,06,19,30.1,89,Moderate,33.0,UG/M3,1 Hr,Valid
Hyderabad,PM2.5 - Principal,2017-11-06 08:00 PM,2017,11,06,20,39.0,110,Unhealthy for Sensitive Groups,48.0,UG/M3,1 Hr,Valid
Hyderabad,PM2.5 - Principal,2017-11-06 09:00 PM,2017,11,06,21,51.5,140,Unhealthy for Sensitive Groups,64.0,UG/M3,1 Hr,Valid
Hyderabad,PM2.5 - Principal,2017-11-06 10:00 PM,2017,11,06,22,61.2,154,Unhealthy,71.0,UG/M3,1 Hr,Valid
Hyderabad,PM2.5 - Principal,2017-11-06 11:00 PM,2017,11,06,23,70.6,159,Unhealthy,80.0,UG/M3,1 Hr,Valid
Hyderabad,PM2.5 - Principal,2017-11-07 12:00 AM,2017,11,07,00,58.8,153,Unhealthy,47.0,UG/M3,1 Hr,Valid
Hyderabad,PM2.5 - Principal,2017-11-07 01:00 AM,2017,11,07,01,53.9,146,Unhealthy for Sensitive Groups,49.0,UG/M3,1 Hr,Valid
Hyderabad,PM2.5 - Principal,2017-11-07 02:00 AM,2017,11,07,02,50.9,139,Unhealthy for Sensitive Groups,48.0,UG/M3,1 Hr,Valid
Hyderabad,PM2.5 - Principal,2017-11-07 03:00 AM,2017,11,07,03,50.4,138,Unhealthy for Sensitive Groups,50.0,UG/M3,1 Hr,Valid
Hyderabad,PM2.5 - Principal,2017-11-07 04:00 AM,2017,11,07,04,49.2,135,Unhealthy for Sensitive Groups,48.0,UG/M3,1 Hr,Valid
Hyderabad,PM2.5 - Principal,2017-11-07 05:00 AM,2017,11,07,05,52.1,142,Unhealthy for Sensitive Groups,55.0,UG/M3,1 Hr,Valid
Hyderabad,PM2.5 - Principal,2017-11-07 06:00 AM,2017,11,07,06,55.0,149,Unhealthy for Sensitive Groups,58.0,UG/M3,1 Hr,Valid
Hyderabad,PM2.5 - Principal,2017-11-07 07:00 AM,2017,11,07,07,53.8,146,Unhealthy for Sensitive Groups,53.0,UG/M3,1 Hr,Valid
Hyderabad,PM2.5 - Principal,2017-11-07 08:00 AM,2017,11,07,08,61.7,154,Unhealthy,73.0,UG/M3,1 Hr,Valid
Hyderabad,PM2.5 - Principal,2017-11-07 09:00 AM,2017,11,07,09,79.7,163,Unhealthy,96.0,UG/M3,1 Hr,Valid
Hyderabad,PM2.5 - Principal,2017-11-07 10:00 AM,2017,11,07,10,70.3,159,Unhealthy,61.0,UG/M3,1 Hr,Valid
Hyderabad,PM2.5 - Principal,2017-11-07 11:00 AM,2017,11,07,11,55.6,151,Unhealthy,41.0,UG/M3,1 Hr,Valid
Hyderabad,PM2.5 - Principal,2017-11-07 12:00 PM,2017,11,07,12,40.3,113,Unhealthy for Sensitive Groups,25.0,UG/M3,1 Hr,Valid
Hyderabad,PM2.5 - Principal,2017-11-07 01:00 PM,2017,11,07,13,34.1,97,Moderate,28.0,UG/M3,1 Hr,Valid
Hyderabad,PM2.5 - Principal,2017-11-07 02:00 PM,2017,11,07,14,34.1,97,Moderate,-999.0,UG/M3,1 Hr,Missing
Hyderabad,PM2.5 - Principal,2017-11-07 03:00 PM,2017,11,07,15,35.3,100,Moderate,36.0,UG/M3,1 Hr,Valid
Hyderabad,PM2.5 - Principal,2017-11-07 04:00 PM,2017,11,07,16,33.4,96,Moderate,32.0,UG/M3,1 Hr,Valid
Hyderabad,PM2.5 - Principal,2017-11-07 05:00 PM,2017,11,07,17,31.6,92,Moderate,30.0,UG/M3,1 Hr,Valid
Hyderabad,PM2.5 - Principal,2017-11-07 06:00 PM,2017,11,07,18,30.7,90,Moderate,30.0,UG/M3,1 Hr,Valid
Hyderabad,PM2.5 - Principal,2017-11-07 07:00 PM,2017,11,07,19,39.5,111,Unhealthy for Sensitive Groups,48.0,UG/M3,1 Hr,Valid
Hyderabad,PM2.5 - Principal,2017-11-07 08:00 PM,2017,11,07,20,54.8,149,Unhealthy for Sensitive Groups,70.0,UG/M3,1 Hr,Valid
Hyderabad,PM2.5 - Principal,2017-11-07 09:00 PM,2017,11,07,21,61.4,154,Unhealthy,68.0,UG/M3,1 Hr,Valid
Hyderabad,PM2.5 - Principal,2017-11-07 10:00 PM,2017,11,07,22,64.2,155,Unhealthy,67.0,UG/M3,1 Hr,Valid
Hyderabad,PM2.5 - Principal,2017-11-07 11:00 PM,2017,11,07,23,67.1,157,Unhealthy,70.0,UG/M3,1 Hr,Valid
Hyderabad,PM2.5 - Principal,2017-11-08 12:00 AM,2017,11,08,00,58.5,153,Unhealthy,50.0,UG/M3,1 Hr,Valid
Hyderabad,PM2.5 - Principal,2017-11-08 01:00 AM,2017,11,08,01,54.7,148,Unhealthy for Sensitive Groups,51.0,UG/M3,1 Hr,Valid
Hyderabad,PM2.5 - Principal,2017-11-08 02:00 AM,2017,11,08,02,51.3,140,Unhealthy for Sensitive Groups,48.0,UG/M3,1 Hr,Valid
Hyderabad,PM2.5 - Principal,2017-11-08 03:00 AM,2017,11,08,03,52.1,142,Unhealthy for Sensitive Groups,53.0,UG/M3,1 Hr,Valid
Hyderabad,PM2.5 - Principal,2017-11-08 04:00 AM,2017,11,08,04,46.5,128,Unhealthy for Sensitive Groups,41.0,UG/M3,1 Hr,Valid
Hyderabad,PM2.5 - Principal,2017-11-08 05:00 AM,2017,11,08,05,47.8,131,Unhealthy for Sensitive Groups,49.0,UG/M3,1 Hr,Valid
Hyderabad,PM2.5 - Principal,2017-11-08 06:00 AM,2017,11,08,06,54.8,149,Unhealthy for Sensitive Groups,64.0,UG/M3,1 Hr,Valid
Hyderabad,PM2.5 - Principal,2017-11-08 07:00 AM,2017,11,08,07,57.8,152,Unhealthy,62.0,UG/M3,1 Hr,Valid
Hyderabad,PM2.5 - Principal,2017-11-08 08:00 AM,2017,11,08,08,62.4,155,Unhealthy,69.0,UG/M3,1 Hr,Valid
Hyderabad,PM2.5 - Principal,2017-11-08 09:00 AM,2017,11,08,09,69.1,158,Unhealthy,76.0,UG/M3,1 Hr,Valid
Hyderabad,PM2.5 - Principal,2017-11-08 10:00 AM,2017,11,08,10,62.1,154,Unhealthy,54.0,UG/M3,1 Hr,Valid
Hyderabad,PM2.5 - Principal,2017-11-08 11:00 AM,2017,11,08,11,49.9,136,Unhealthy for Sensitive Groups,38.0,UG/M3,1 Hr,Valid
Hyderabad,PM2.5 - Principal,2017-11-08 12:00 PM,2017,11,08,12,48.4,133,Unhealthy for Sensitive Groups,47.0,UG/M3,1 Hr,Valid
Hyderabad,PM2.5 - Principal,2017-11-08 01:00 PM,2017,11,08,13,48.4,133,Unhealthy for Sensitive Groups,-999.0,UG/M3,1 Hr,Missing
Hyderabad,PM2.5 - Principal,2017-11-08 02:00 PM,2017,11,08,14,43.4,120,Unhealthy for Sensitive Groups,41.0,UG/M3,1 Hr,Valid
Hyderabad,PM2.5 - Principal,2017-11-08 03:00 PM,2017,11,08,15,41.4,116,Unhealthy for Sensitive Groups,40.0,UG/M3,1 Hr,Valid
Hyderabad,PM2.5 - Principal,2017-11-08 04:00 PM,2017,11,08,16,39.0,110,Unhealthy for Sensitive Groups,37.0,UG/M3,1 Hr,Valid
Hyderabad,PM2.5 - Principal,2017-11-08 05:00 PM,2017,11,08,17,38.5,108,Unhealthy for Sensitive Groups,38.0,UG/M3,1 Hr,Valid
Hyderabad,PM2.5 - Principal,2017-11-08 06:00 PM,2017,11,08,18,37.2,105,Unhealthy for Sensitive Groups,36.0,UG/M3,1 Hr,Valid
Hyderabad,PM2.5 - Principal,2017-11-08 07:00 PM,2017,11,08,19,47.1,130,Unhealthy for Sensitive Groups,57.0,UG/M3,1 Hr,Valid
Hyderabad,PM2.5 - Principal,2017-11-08 08:00 PM,2017,11,08,20,62.1,154,Unhealthy,77.0,UG/M3,1 Hr,Valid
Hyderabad,PM2.5 - Principal,2017-11-08 09:00 PM,2017,11,08,21,81.1,164,Unhealthy,100.0,UG/M3,1 Hr,Valid
Hyderabad,PM2.5 - Principal,2017-11-08 10:00 PM,2017,11,08,22,81.0,164,Unhealthy,81.0,UG/M3,1 Hr,Valid
Hyderabad,PM2.5 - Principal,2017-11-08 11:00 PM,2017,11,08,23,80.0,164,Unhealthy,79.0,UG/M3,1 Hr,Valid
Hyderabad,PM2.5 - Principal,2017-11-09 12:00 AM,2017,11,09,00,78.5,163,Unhealthy,77.0,UG/M3,1 Hr,Valid
Hyderabad,PM2.5 - Principal,2017-11-09 01:00 AM,2017,11,09,01,71.7,159,Unhealthy,65.0,UG/M3,1 Hr,Valid
Hyderabad,PM2.5 - Principal,2017-11-09 02:00 AM,2017,11,09,02,62.8,155,Unhealthy,54.0,UG/M3,1 Hr,Valid
Hyderabad,PM2.5 - Principal,2017-11-09 03:00 AM,2017,11,09,03,51.9,141,Unhealthy for Sensitive Groups,41.0,UG/M3,1 Hr,Valid
Hyderabad,PM2.5 - Principal,2017-11-09 04:00 AM,2017,11,09,04,48.4,133,Unhealthy for Sensitive Groups,45.0,UG/M3,1 Hr,Valid
Hyderabad,PM2.5 - Principal,2017-11-09 05:00 AM,2017,11,09,05,45.2,125,Unhealthy for Sensitive Groups,42.0,UG/M3,1 Hr,Valid
Hyderabad,PM2.5 - Principal,2017-11-09 06:00 AM,2017,11,09,06,40.6,114,Unhealthy for Sensitive Groups,36.0,UG/M3,1 Hr,Valid
Hyderabad,PM2.5 - Principal,2017-11-09 07:00 AM,2017,11,09,07,43.3,120,Unhealthy for Sensitive Groups,46.0,UG/M3,1 Hr,Valid
Hyderabad,PM2.5 - Principal,2017-11-09 08:00 AM,2017,11,09,08,52.1,142,Unhealthy for Sensitive Groups,61.0,UG/M3,1 Hr,Valid
Hyderabad,PM2.5 - Principal,2017-11-09 09:00 AM,2017,11,09,09,68.0,157,Unhealthy,84.0,UG/M3,1 Hr,Valid
Hyderabad,PM2.5 - Principal,2017-11-09 10:00 AM,2017,11,09,10,63.0,155,Unhealthy,58.0,UG/M3,1 Hr,Valid
Hyderabad,PM2.5 - Principal,2017-11-09 11:00 AM,2017,11,09,11,49.5,135,Unhealthy for Sensitive Groups,36.0,UG/M3,1 Hr,Valid
Hyderabad,PM2.5 - Principal,2017-11-09 12:00 PM,2017,11,09,12,45.2,125,Unhealthy for Sensitive Groups,41.0,UG/M3,1 Hr,Valid
Hyderabad,PM2.5 - Principal,2017-11-09 01:00 PM,2017,11,09,13,44.6,123,Unhealthy for Sensitive Groups,44.0,UG/M3,1 Hr,Valid
Hyderabad,PM2.5 - Principal,2017-11-09 02:00 PM,2017,11,09,14,41.8,117,Unhealthy for Sensitive Groups,39.0,UG/M3,1 Hr,Valid
Hyderabad,PM2.5 - Principal,2017-11-09 03:00 PM,2017,11,09,15,38.4,108,Unhealthy for Sensitive Groups,35.0,UG/M3,1 Hr,Valid
Hyderabad,PM2.5 - Principal,2017-11-09 04:00 PM,2017,11,09,16,35.7,101,Unhealthy for Sensitive Groups,33.0,UG/M3,1 Hr,Valid
Hyderabad,PM2.5 - Principal,2017-11-09 05:00 PM,2017,11,09,17,33.8,97,Moderate,32.0,UG/M3,1 Hr,Valid
Hyderabad,PM2.5 - Principal,2017-11-09 06:00 PM,2017,11,09,18,35.9,102,Unhealthy for Sensitive Groups,38.0,UG/M3,1 Hr,Valid
Hyderabad,PM2.5 - Principal,2017-11-09 07:00 PM,2017,11,09,19,44.9,124,Unhealthy for Sensitive Groups,54.0,UG/M3,1 Hr,Valid
Hyderabad,PM2.5 - Principal,2017-11-09 08:00 PM,2017,11,09,20,54.4,148,Unhealthy for Sensitive Groups,64.0,UG/M3,1 Hr,Valid
Hyderabad,PM2.5 - Principal,2017-11-09 09:00 PM,2017,11,09,21,60.7,154,Unhealthy,67.0,UG/M3,1 Hr,Valid
Hyderabad,PM2.5 - Principal,2017-11-09 10:00 PM,2017,11,09,22,63.3,155,Unhealthy,66.0,UG/M3,1 Hr,Valid
Hyderabad,PM2.5 - Principal,2017-11-09 11:00 PM,2017,11,09,23,61.1,154,Unhealthy,59.0,UG/M3,1 Hr,Valid
Hyderabad,PM2.5 - Principal,2017-11-10 12:00 AM,2017,11,10,00,59.5,153,Unhealthy,58.0,UG/M3,1 Hr,Valid
Hyderabad,PM2.5 - Principal,2017-11-10 01:00 AM,2017,11,10,01,52.7,143,Unhealthy for Sensitive Groups,46.0,UG/M3,1 Hr,Valid
Hyderabad,PM2.5 - Principal,2017-11-10 02:00 AM,2017,11,10,02,50.9,139,Unhealthy for Sensitive Groups,49.0,UG/M3,1 Hr,Valid
Hyderabad,PM2.5 - Principal,2017-11-10 03:00 AM,2017,11,10,03,47.9,132,Unhealthy for Sensitive Groups,45.0,UG/M3,1 Hr,Valid
Hyderabad,PM2.5 - Principal,2017-11-10 04:00 AM,2017,11,10,04,44.9,124,Unhealthy for Sensitive Groups,42.0,UG/M3,1 Hr,Valid
Hyderabad,PM2.5 - Principal,2017-11-10 05:00 AM,2017,11,10,05,47.2,130,Unhealthy for Sensitive Groups,49.0,UG/M3,1 Hr,Valid
Hyderabad,PM2.5 - Principal,2017-11-10 06:00 AM,2017,11,10,06,47.7,131,Unhealthy for Sensitive Groups,48.0,UG/M3,1 Hr,Valid
Hyderabad,PM2.5 - Principal,2017-11-10 07:00 AM,2017,11,10,07,57.7,152,Unhealthy,72.0,UG/M3,1 Hr,Valid
Hyderabad,PM2.5 - Principal,2017-11-10 08:00 AM,2017,11,10,08,69.0,158,Unhealthy,80.0,UG/M3,1 Hr,Valid
Hyderabad,PM2.5 - Principal,2017-11-10 09:00 AM,2017,11,10,09,85.9,167,Unhealthy,102.0,UG/M3,1 Hr,Valid
Hyderabad,PM2.5 - Principal,2017-11-10 10:00 AM,2017,11,10,10,78.4,163,Unhealthy,71.0,UG/M3,1 Hr,Valid
Hyderabad,PM2.5 - Principal,2017-11-10 11:00 AM,2017,11,10,11,68.7,158,Unhealthy,59.0,UG/M3,1 Hr,Valid
Hyderabad,PM2.5 - Principal,2017-11-10 12:00 PM,2017,11,10,12,59.8,153,Unhealthy,51.0,UG/M3,1 Hr,Valid
Hyderabad,PM2.5 - Principal,2017-11-10 01:00 PM,2017,11,10,13,44.9,124,Unhealthy for Sensitive Groups,30.0,UG/M3,1 Hr,Valid
Hyderabad,PM2.5 - Principal,2017-11-10 02:00 PM,2017,11,10,14,39.4,111,Unhealthy for Sensitive Groups,34.0,UG/M3,1 Hr,Valid
Hyderabad,PM2.5 - Principal,2017-11-10 03:00 PM,2017,11,10,15,37.2,105,Unhealthy for Sensitive Groups,35.0,UG/M3,1 Hr,Valid
Hyderabad,PM2.5 - Principal,2017-11-10 04:00 PM,2017,11,10,16,39.1,110,Unhealthy for Sensitive Groups,41.0,UG/M3,1 Hr,Valid
Hyderabad,PM2.5 - Principal,2017-11-10 05:00 PM,2017,11,10,17,39.0,110,Unhealthy for Sensitive Groups,39.0,UG/M3,1 Hr,Valid
Hyderabad,PM2.5 - Principal,2017-11-10 06:00 PM,2017,11,10,18,40.5,113,Unhealthy for Sensitive Groups,42.0,UG/M3,1 Hr,Valid
Hyderabad,PM2.5 - Principal,2017-11-10 07:00 PM,2017,11,10,19,50.7,138,Unhealthy for Sensitive Groups,61.0,UG/M3,1 Hr,Valid
Hyderabad,PM2.5 - Principal,2017-11-10 08:00 PM,2017,11,10,20,60.3,153,Unhealthy,70.0,UG/M3,1 Hr,Valid
Hyderabad,PM2.5 - Principal,2017-11-10 09:00 PM,2017,11,10,21,73.6,160,Unhealthy,87.0,UG/M3,1 Hr,Valid
Hyderabad,PM2.5 - Principal,2017-11-10 10:00 PM,2017,11,10,22,81.8,165,Unhealthy,90.0,UG/M3,1 Hr,Valid
Hyderabad,PM2.5 - Principal,2017-11-10 11:00 PM,2017,11,10,23,88.9,168,Unhealthy,96.0,UG/M3,1 Hr,Valid
Hyderabad,PM2.5 - Principal,2017-11-11 12:00 AM,2017,11,11,00,88.9,168,Unhealthy,89.0,UG/M3,1 Hr,Valid
Hyderabad,PM2.5 - Principal,2017-11-11 01:00 AM,2017,11,11,01,86.9,167,Unhealthy,85.0,UG/M3,1 Hr,Valid
Hyderabad,PM2.5 - Principal,2017-11-11 02:00 AM,2017,11,11,02,86.0,167,Unhealthy,85.0,UG/M3,1 Hr,Valid
Hyderabad,PM2.5 - Principal,2017-11-11 03:00 AM,2017,11,11,03,83.5,165,Unhealthy,81.0,UG/M3,1 Hr,Valid
Hyderabad,PM2.5 - Principal,2017-11-11 04:00 AM,2017,11,11,04,81.2,164,Unhealthy,79.0,UG/M3,1 Hr,Valid
Hyderabad,PM2.5 - Principal,2017-11-11 05:00 AM,2017,11,11,05,79.1,163,Unhealthy,77.0,UG/M3,1 Hr,Valid
Hyderabad,PM2.5 - Principal,2017-11-11 06:00 AM,2017,11,11,06,83.9,166,Unhealthy,90.0,UG/M3,1 Hr,Valid
Hyderabad,PM2.5 - Principal,2017-11-11 07:00 AM,2017,11,11,07,140.3,195,Unhealthy,196.0,UG/M3,1 Hr,Valid
Hyderabad,PM2.5 - Principal,2017-11-11 08:00 AM,2017,11,11,08,148.6,199,Unhealthy,157.0,UG/M3,1 Hr,Valid
Hyderabad,PM2.5 - Principal,2017-11-11 09:00 AM,2017,11,11,09,153.8,204,Very Unhealthy,159.0,UG/M3,1 Hr,Valid
Hyderabad,PM2.5 - Principal,2017-11-11 10:00 AM,2017,11,11,10,142.9,196,Unhealthy,132.0,UG/M3,1 Hr,Valid
Hyderabad,PM2.5 - Principal,2017-11-11 11:00 AM,2017,11,11,11,111.4,180,Unhealthy,80.0,UG/M3,1 Hr,Valid
Hyderabad,PM2.5 - Principal,2017-11-11 12:00 PM,2017,11,11,12,91.2,169,Unhealthy,71.0,UG/M3,1 Hr,Valid
Hyderabad,PM2.5 - Principal,2017-11-11 01:00 PM,2017,11,11,13,79.1,163,Unhealthy,67.0,UG/M3,1 Hr,Valid
Hyderabad,PM2.5 - Principal,2017-11-11 02:00 PM,2017,11,11,14,73.5,160,Unhealthy,68.0,UG/M3,1 Hr,Valid
Hyderabad,PM2.5 - Principal,2017-11-11 03:00 PM,2017,11,11,15,69.2,158,Unhealthy,65.0,UG/M3,1 Hr,Valid
Hyderabad,PM2.5 - Principal,2017-11-11 04:00 PM,2017,11,11,16,68.6,158,Unhealthy,68.0,UG/M3,1 Hr,Valid
Hyderabad,PM2.5 - Principal,2017-11-11 05:00 PM,2017,11,11,17,65.3,156,Unhealthy,62.0,UG/M3,1 Hr,Valid
Hyderabad,PM2.5 - Principal,2017-11-11 06:00 PM,2017,11,11,18,69.1,158,Unhealthy,73.0,UG/M3,1 Hr,Valid
Hyderabad,PM2.5 - Principal,2017-11-11 07:00 PM,2017,11,11,19,87.0,167,Unhealthy,105.0,UG/M3,1 Hr,Valid
Hyderabad,PM2.5 - Principal,2017-11-11 08:00 PM,2017,11,11,20,94.0,171,Unhealthy,101.0,UG/M3,1 Hr,Valid
Hyderabad,PM2.5 - Principal,2017-11-11 09:00 PM,2017,11,11,21,95.0,171,Unhealthy,96.0,UG/M3,1 Hr,Valid
Hyderabad,PM2.5 - Principal,2017-11-11 10:00 PM,2017,11,11,22,93.3,171,Unhealthy,94.0,UG/M3,1 Hr,Valid
Hyderabad,PM2.5 - Principal,2017-11-11 11:00 PM,2017,11,11,23,92.8,170,Unhealthy,92.0,UG/M3,1 Hr,Valid
Hyderabad,PM2.5 - Principal,2017-11-12 12:00 AM,2017,11,12,00,97.4,173,Unhealthy,104.0,UG/M3,1 Hr,Valid
Hyderabad,PM2.5 - Principal,2017-11-12 01:00 AM,2017,11,12,01,100.5,174,Unhealthy,105.0,UG/M3,1 Hr,Valid
Hyderabad,PM2.5 - Principal,2017-11-12 02:00 AM,2017,11,12,02,99.5,174,Unhealthy,98.0,UG/M3,1 Hr,Valid
Hyderabad,PM2.5 - Principal,2017-11-12 03:00 AM,2017,11,12,03,101.7,175,Unhealthy,105.0,UG/M3,1 Hr,Valid
Hyderabad,PM2.5 - Principal,2017-11-12 04:00 AM,2017,11,12,04,102.3,175,Unhealthy,103.0,UG/M3,1 Hr,Valid
Hyderabad,PM2.5 - Principal,2017-11-12 05:00 AM,2017,11,12,05,111.8,180,Unhealthy,125.0,UG/M3,1 Hr,Valid
Hyderabad,PM2.5 - Principal,2017-11-12 06:00 AM,2017,11,12,06,110.1,179,Unhealthy,116.0,UG/M3,1 Hr,Valid
Hyderabad,PM2.5 - Principal,2017-11-12 07:00 AM,2017,11,12,07,118.5,184,Unhealthy,134.0,UG/M3,1 Hr,Valid
Hyderabad,PM2.5 - Principal,2017-11-12 08:00 AM,2017,11,12,08,122.5,186,Unhealthy,131.0,UG/M3,1 Hr,Valid
Hyderabad,PM2.5 - Principal,2017-11-12 09:00 AM,2017,11,12,09,121.5,185,Unhealthy,119.0,UG/M3,1 Hr,Valid
Hyderabad,PM2.5 - Principal,2017-11-12 10:00 AM,2017,11,12,10,120.5,185,Unhealthy,118.0,UG/M3,1 Hr,Valid
Hyderabad,PM2.5 - Principal,2017-11-12 11:00 AM,2017,11,12,11,105.8,177,Unhealthy,82.0,UG/M3,1 Hr,Valid
Hyderabad,PM2.5 - Principal,2017-11-12 12:00 PM,2017,11,12,12,85.9,167,Unhealthy,69.0,UG/M3,1 Hr,Valid
Hyderabad,PM2.5 - Principal,2017-11-12 01:00 PM,2017,11,12,13,74.0,161,Unhealthy,63.0,UG/M3,1 Hr,Valid
Hyderabad,PM2.5 - Principal,2017-11-12 02:00 PM,2017,11,12,14,63.5,155,Unhealthy,53.0,UG/M3,1 Hr,Valid
Hyderabad,PM2.5 - Principal,2017-11-12 03:00 PM,2017,11,12,15,57.7,152,Unhealthy,52.0,UG/M3,1 Hr,Valid
Hyderabad,PM2.5 - Principal,2017-11-12 04:00 PM,2017,11,12,16,52.3,142,Unhealthy for Sensitive Groups,47.0,UG/M3,1 Hr,Valid
Hyderabad,PM2.5 - Principal,2017-11-12 05:00 PM,2017,11,12,17,48.1,132,Unhealthy for Sensitive Groups,44.0,UG/M3,1 Hr,Valid
Hyderabad,PM2.5 - Principal,2017-11-12 06:00 PM,2017,11,12,18,46.5,128,Unhealthy for Sensitive Groups,45.0,UG/M3,1 Hr,Valid
Hyderabad,PM2.5 - Principal,2017-11-12 07:00 PM,2017,11,12,19,51.2,140,Unhealthy for Sensitive Groups,56.0,UG/M3,1 Hr,Valid
Hyderabad,PM2.5 - Principal,2017-11-12 08:00 PM,2017,11,12,20,65.1,156,Unhealthy,79.0,UG/M3,1 Hr,Valid
Hyderabad,PM2.5 - Principal,2017-11-12 09:00 PM,2017,11,12,21,80.5,164,Unhealthy,96.0,UG/M3,1 Hr,Valid
Hyderabad,PM2.5 - Principal,2017-11-12 10:00 PM,2017,11,12,22,81.7,165,Unhealthy,83.0,UG/M3,1 Hr,Valid
Hyderabad,PM2.5 - Principal,2017-11-12 11:00 PM,2017,11,12,23,81.3,164,Unhealthy,81.0,UG/M3,1 Hr,Valid
Hyderabad,PM2.5 - Principal,2017-11-13 12:00 AM,2017,11,13,00,75.1,161,Unhealthy,69.0,UG/M3,1 Hr,Valid
Hyderabad,PM2.5 - Principal,2017-11-13 01:00 AM,2017,11,13,01,75.0,161,Unhealthy,75.0,UG/M3,1 Hr,Valid
Hyderabad,PM2.5 - Principal,2017-11-13 02:00 AM,2017,11,13,02,74.5,161,Unhealthy,74.0,UG/M3,1 Hr,Valid
Hyderabad,PM2.5 - Principal,2017-11-13 03:00 AM,2017,11,13,03,68.2,158,Unhealthy,62.0,UG/M3,1 Hr,Valid
Hyderabad,PM2.5 - Principal,2017-11-13 04:00 AM,2017,11,13,04,69.6,158,Unhealthy,71.0,UG/M3,1 Hr,Valid
Hyderabad,PM2.5 - Principal,2017-11-13 05:00 AM,2017,11,13,05,70.3,159,Unhealthy,71.0,UG/M3,1 Hr,Valid
Hyderabad,PM2.5 - Principal,2017-11-13 06:00 AM,2017,11,13,06,75.7,161,Unhealthy,83.0,UG/M3,1 Hr,Valid
Hyderabad,PM2.5 - Principal,2017-11-13 07:00 AM,2017,11,13,07,80.8,164,Unhealthy,91.0,UG/M3,1 Hr,Valid
Hyderabad,PM2.5 - Principal,2017-11-13 08:00 AM,2017,11,13,08,86.2,167,Unhealthy,96.0,UG/M3,1 Hr,Valid
Hyderabad,PM2.5 - Principal,2017-11-13 09:00 AM,2017,11,13,09,102.9,175,Unhealthy,118.0,UG/M3,1 Hr,Valid
Hyderabad,PM2.5 - Principal,2017-11-13 10:00 AM,2017,11,13,10,101.0,174,Unhealthy,99.0,UG/M3,1 Hr,Valid
Hyderabad,PM2.5 - Principal,2017-11-13 11:00 AM,2017,11,13,11,90.1,169,Unhealthy,78.0,UG/M3,1 Hr,Valid
Hyderabad,PM2.5 - Principal,2017-11-13 12:00 PM,2017,11,13,12,80.0,164,Unhealthy,69.0,UG/M3,1 Hr,Valid
Hyderabad,PM2.5 - Principal,2017-11-13 01:00 PM,2017,11,13,13,68.6,158,Unhealthy,58.0,UG/M3,1 Hr,Valid
Hyderabad,PM2.5 - Principal,2017-11-13 02:00 PM,2017,11,13,14,57.3,152,Unhealthy,46.0,UG/M3,1 Hr,Valid
Hyderabad,PM2.5 - Principal,2017-11-13 03:00 PM,2017,11,13,15,50.6,138,Unhealthy for Sensitive Groups,44.0,UG/M3,1 Hr,Valid
Hyderabad,PM2.5 - Principal,2017-11-13 04:00 PM,2017,11,13,16,47.8,131,Unhealthy for Sensitive Groups,45.0,UG/M3,1 Hr,Valid
Hyderabad,PM2.5 - Principal,2017-11-13 05:00 PM,2017,11,13,17,47.9,132,Unhealthy for Sensitive Groups,48.0,UG/M3,1 Hr,Valid
Hyderabad,PM2.5 - Principal,2017-11-13 06:00 PM,2017,11,13,18,47.9,132,Unhealthy for Sensitive Groups,48.0,UG/M3,1 Hr,Valid
Hyderabad,PM2.5 - Principal,2017-11-13 07:00 PM,2017,11,13,19,56.9,152,Unhealthy,66.0,UG/M3,1 Hr,Valid
Hyderabad,PM2.5 - Principal,2017-11-13 08:00 PM,2017,11,13,20,68.9,158,Unhealthy,81.0,UG/M3,1 Hr,Valid
Hyderabad,PM2.5 - Principal,2017-11-13 09:00 PM,2017,11,13,21,80.4,164,Unhealthy,92.0,UG/M3,1 Hr,Valid
Hyderabad,PM2.5 - Principal,2017-11-13 10:00 PM,2017,11,13,22,78.7,163,Unhealthy,77.0,UG/M3,1 Hr,Valid
Hyderabad,PM2.5 - Principal,2017-11-13 11:00 PM,2017,11,13,23,82.3,165,Unhealthy,86.0,UG/M3,1 Hr,Valid
Hyderabad,PM2.5 - Principal,2017-11-14 12:00 AM,2017,11,14,00,82.1,165,Unhealthy,82.0,UG/M3,1 Hr,Valid
Hyderabad,PM2.5 - Principal,2017-11-14 01:00 AM,2017,11,14,01,76.0,162,Unhealthy,70.0,UG/M3,1 Hr,Valid
Hyderabad,PM2.5 - Principal,2017-11-14 02:00 AM,2017,11,14,02,79.5,163,Unhealthy,83.0,UG/M3,1 Hr,Valid
Hyderabad,PM2.5 - Principal,2017-11-14 03:00 AM,2017,11,14,03,75.7,161,Unhealthy,72.0,UG/M3,1 Hr,Valid
Hyderabad,PM2.5 - Principal,2017-11-14 04:00 AM,2017,11,14,04,74.0,161,Unhealthy,72.0,UG/M3,1 Hr,Valid
Hyderabad,PM2.5 - Principal,2017-11-14 05:00 AM,2017,11,14,05,68.7,158,Unhealthy,63.0,UG/M3,1 Hr,Valid
Hyderabad,PM2.5 - Principal,2017-11-14 06:00 AM,2017,11,14,06,72.6,160,Unhealthy,75.0,UG/M3,1 Hr,Valid
Hyderabad,PM2.5 - Principal,2017-11-14 07:00 AM,2017,11,14,07,71.1,159,Unhealthy,68.0,UG/M3,1 Hr,Valid
Hyderabad,PM2.5 - Principal,2017-11-14 08:00 AM,2017,11,14,08,72.0,160,Unhealthy,74.0,UG/M3,1 Hr,Valid
Hyderabad,PM2.5 - Principal,2017-11-14 09:00 AM,2017,11,14,09,72.9,160,Unhealthy,75.0,UG/M3,1 Hr,Valid
Hyderabad,PM2.5 - Principal,2017-11-14 10:00 AM,2017,11,14,10,71.0,159,Unhealthy,66.0,UG/M3,1 Hr,Valid
Hyderabad,PM2.5 - Principal,2017-11-14 11:00 AM,2017,11,14,11,65.2,156,Unhealthy,55.0,UG/M3,1 Hr,Valid
Hyderabad,PM2.5 - Principal,2017-11-14 12:00 PM,2017,11,14,12,109.6,179,Unhealthy,157.0,UG/M3,1 Hr,Valid
Hyderabad,PM2.5 - Principal,2017-11-14 01:00 PM,2017,11,14,13,75.8,161,Unhealthy,42.0,UG/M3,1 Hr,Valid
Hyderabad,PM2.5 - Principal,2017-11-14 02:00 PM,2017,11,14,14,58.9,153,Unhealthy,42.0,UG/M3,1 Hr,Valid
Hyderabad,PM2.5 - Principal,2017-11-14 03:00 PM,2017,11,14,15,55.9,151,Unhealthy,53.0,UG/M3,1 Hr,Valid
Hyderabad,PM2.5 - Principal,2017-11-14 04:00 PM,2017,11,14,16,72.9,160,Unhealthy,90.0,UG/M3,1 Hr,Valid
Hyderabad,PM2.5 - Principal,2017-11-14 05:00 PM,2017,11,14,17,63.4,155,Unhealthy,54.0,UG/M3,1 Hr,Valid
Hyderabad,PM2.5 - Principal,2017-11-14 06:00 PM,2017,11,14,18,59.2,153,Unhealthy,55.0,UG/M3,1 Hr,Valid
Hyderabad,PM2.5 - Principal,2017-11-14 07:00 PM,2017,11,14,19,64.1,155,Unhealthy,69.0,UG/M3,1 Hr,Valid
Hyderabad,PM2.5 - Principal,2017-11-14 08:00 PM,2017,11,14,20,76.0,162,Unhealthy,88.0,UG/M3,1 Hr,Valid
Hyderabad,PM2.5 - Principal,2017-11-14 09:00 PM,2017,11,14,21,86.0,167,Unhealthy,96.0,UG/M3,1 Hr,Valid
Hyderabad,PM2.5 - Principal,2017-11-14 10:00 PM,2017,11,14,22,102.5,175,Unhealthy,119.0,UG/M3,1 Hr,Valid
Hyderabad,PM2.5 - Principal,2017-11-14 11:00 PM,2017,11,14,23,108.7,178,Unhealthy,115.0,UG/M3,1 Hr,Valid
Hyderabad,PM2.5 - Principal,2017-11-15 12:00 AM,2017,11,15,00,111.8,180,Unhealthy,115.0,UG/M3,1 Hr,Valid
Hyderabad,PM2.5 - Principal,2017-11-15 01:00 AM,2017,11,15,01,99.4,174,Unhealthy,87.0,UG/M3,1 Hr,Valid
Hyderabad,PM2.5 - Principal,2017-11-15 02:00 AM,2017,11,15,02,104.2,176,Unhealthy,109.0,UG/M3,1 Hr,Valid
Hyderabad,PM2.5 - Principal,2017-11-15 03:00 AM,2017,11,15,03,94.1,171,Unhealthy,84.0,UG/M3,1 Hr,Valid
Hyderabad,PM2.5 - Principal,2017-11-15 04:00 AM,2017,11,15,04,94.5,171,Unhealthy,95.0,UG/M3,1 Hr,Valid
Hyderabad,PM2.5 - Principal,2017-11-15 05:00 AM,2017,11,15,05,92.2,170,Unhealthy,90.0,UG/M3,1 Hr,Valid
Hyderabad,PM2.5 - Principal,2017-11-15 06:00 AM,2017,11,15,06,85.0,166,Unhealthy,74.0,UG/M3,1 Hr,Valid
Hyderabad,PM2.5 - Principal,2017-11-15 07:00 AM,2017,11,15,07,74.0,161,Unhealthy,63.0,UG/M3,1 Hr,Valid
Hyderabad,PM2.5 - Principal,2017-11-15 08:00 AM,2017,11,15,08,77.3,162,Unhealthy,81.0,UG/M3,1 Hr,Valid
Hyderabad,PM2.5 - Principal,2017-11-15 09:00 AM,2017,11,15,09,80.9,164,Unhealthy,85.0,UG/M3,1 Hr,Valid
Hyderabad,PM2.5 - Principal,2017-11-15 10:00 AM,2017,11,15,10,78.2,163,Unhealthy,75.0,UG/M3,1 Hr,Valid
Hyderabad,PM2.5 - Principal,2017-11-15 11:00 AM,2017,11,15,11,69.4,158,Unhealthy,60.0,UG/M3,1 Hr,Valid
Hyderabad,PM2.5 - Principal,2017-11-15 12:00 PM,2017,11,15,12,56.4,151,Unhealthy,44.0,UG/M3,1 Hr,Valid
Hyderabad,PM2.5 - Principal,2017-11-15 01:00 PM,2017,11,15,13,52.2,142,Unhealthy for Sensitive Groups,48.0,UG/M3,1 Hr,Valid
Hyderabad,PM2.5 - Principal,2017-11-15 02:00 PM,2017,11,15,14,45.6,126,Unhealthy for Sensitive Groups,39.0,UG/M3,1 Hr,Valid
Hyderabad,PM2.5 - Principal,2017-11-15 03:00 PM,2017,11,15,15,41.2,115,Unhealthy for Sensitive Groups,37.0,UG/M3,1 Hr,Valid
Hyderabad,PM2.5 - Principal,2017-11-15 04:00 PM,2017,11,15,16,39.6,111,Unhealthy for Sensitive Groups,38.0,UG/M3,1 Hr,Valid
Hyderabad,PM2.5 - Principal,2017-11-15 05:00 PM,2017,11,15,17,36.8,104,Unhealthy for Sensitive Groups,34.0,UG/M3,1 Hr,Valid
Hyderabad,PM2.5 - Principal,2017-11-15 06:00 PM,2017,11,15,18,40.4,113,Unhealthy for Sensitive Groups,44.0,UG/M3,1 Hr,Valid
Hyderabad,PM2.5 - Principal,2017-11-15 07:00 PM,2017,11,15,19,45.7,126,Unhealthy for Sensitive Groups,51.0,UG/M3,1 Hr,Valid
Hyderabad,PM2.5 - Principal,2017-11-15 08:00 PM,2017,11,15,20,49.8,136,Unhealthy for Sensitive Groups,54.0,UG/M3,1 Hr,Valid
Hyderabad,PM2.5 - Principal,2017-11-15 09:00 PM,2017,11,15,21,50.9,139,Unhealthy for Sensitive Groups,52.0,UG/M3,1 Hr,Valid
Hyderabad,PM2.5 - Principal,2017-11-15 10:00 PM,2017,11,15,22,47.9,132,Unhealthy for Sensitive Groups,45.0,UG/M3,1 Hr,Valid
Hyderabad,PM2.5 - Principal,2017-11-15 11:00 PM,2017,11,15,23,49.6,136,Unhealthy for Sensitive Groups,53.0,UG/M3,1 Hr,Valid
Hyderabad,PM2.5 - Principal,2017-11-16 12:00 AM,2017,11,16,00,52.8,144,Unhealthy for Sensitive Groups,57.0,UG/M3,1 Hr,Valid
Hyderabad,PM2.5 - Principal,2017-11-16 01:00 AM,2017,11,16,01,57.2,152,Unhealthy,62.0,UG/M3,1 Hr,Valid
Hyderabad,PM2.5 - Principal,2017-11-16 02:00 AM,2017,11,16,02,69.4,158,Unhealthy,81.0,UG/M3,1 Hr,Valid
Hyderabad,PM2.5 - Principal,2017-11-16 03:00 AM,2017,11,16,03,67.7,157,Unhealthy,66.0,UG/M3,1 Hr,Valid
Hyderabad,PM2.5 - Principal,2017-11-16 04:00 AM,2017,11,16,04,63.3,155,Unhealthy,59.0,UG/M3,1 Hr,Valid
Hyderabad,PM2.5 - Principal,2017-11-16 05:00 AM,2017,11,16,05,60.0,153,Unhealthy,56.0,UG/M3,1 Hr,Valid
Hyderabad,PM2.5 - Principal,2017-11-16 06:00 AM,2017,11,16,06,62.7,155,Unhealthy,66.0,UG/M3,1 Hr,Valid
Hyderabad,PM2.5 - Principal,2017-11-16 07:00 AM,2017,11,16,07,64.2,155,Unhealthy,66.0,UG/M3,1 Hr,Valid
Hyderabad,PM2.5 - Principal,2017-11-16 08:00 AM,2017,11,16,08,62.7,155,Unhealthy,61.0,UG/M3,1 Hr,Valid
Hyderabad,PM2.5 - Principal,2017-11-16 09:00 AM,2017,11,16,09,65.9,156,Unhealthy,70.0,UG/M3,1 Hr,Valid
Hyderabad,PM2.5 - Principal,2017-11-16 10:00 AM,2017,11,16,10,66.3,157,Unhealthy,68.0,UG/M3,1 Hr,Valid
Hyderabad,PM2.5 - Principal,2017-11-16 11:00 AM,2017,11,16,11,58.4,152,Unhealthy,47.0,UG/M3,1 Hr,Valid
Hyderabad,PM2.5 - Principal,2017-11-16 12:00 PM,2017,11,16,12,50.7,138,Unhealthy for Sensitive Groups,43.0,UG/M3,1 Hr,Valid
Hyderabad,PM2.5 - Principal,2017-11-16 01:00 PM,2017,11,16,13,43.0,119,Unhealthy for Sensitive Groups,36.0,UG/M3,1 Hr,Valid
Hyderabad,PM2.5 - Principal,2017-11-16 02:00 PM,2017,11,16,14,36.0,102,Unhealthy for Sensitive Groups,29.0,UG/M3,1 Hr,Valid
Hyderabad,PM2.5 - Principal,2017-11-16 03:00 PM,2017,11,16,15,31.9,93,Moderate,28.0,UG/M3,1 Hr,Valid
Hyderabad,PM2.5 - Principal,2017-11-16 04:00 PM,2017,11,16,16,24.4,77,Moderate,17.0,UG/M3,1 Hr,Valid
Hyderabad,PM2.5 - Principal,2017-11-16 05:00 PM,2017,11,16,17,24.4,77,Moderate,-999.0,UG/M3,1 Hr,Missing
Hyderabad,PM2.5 - Principal,2017-11-16 06:00 PM,2017,11,16,18,30.1,89,Moderate,33.0,UG/M3,1 Hr,Valid
Hyderabad,PM2.5 - Principal,2017-11-16 07:00 PM,2017,11,16,19,31.2,91,Moderate,32.0,UG/M3,1 Hr,Valid
Hyderabad,PM2.5 - Principal,2017-11-16 08:00 PM,2017,11,16,20,36.4,103,Unhealthy for Sensitive Groups,41.0,UG/M3,1 Hr,Valid
Hyderabad,PM2.5 - Principal,2017-11-16 09:00 PM,2017,11,16,21,38.2,108,Unhealthy for Sensitive Groups,40.0,UG/M3,1 Hr,Valid
Hyderabad,PM2.5 - Principal,2017-11-16 10:00 PM,2017,11,16,22,42.1,117,Unhealthy for Sensitive Groups,46.0,UG/M3,1 Hr,Valid
Hyderabad,PM2.5 - Principal,2017-11-16 11:00 PM,2017,11,16,23,43.6,121,Unhealthy for Sensitive Groups,45.0,UG/M3,1 Hr,Valid
Hyderabad,PM2.5 - Principal,2017-11-17 12:00 AM,2017,11,17,00,44.3,123,Unhealthy for Sensitive Groups,45.0,UG/M3,1 Hr,Valid
Hyderabad,PM2.5 - Principal,2017-11-17 01:00 AM,2017,11,17,01,44.1,122,Unhealthy for Sensitive Groups,44.0,UG/M3,1 Hr,Valid
Hyderabad,PM2.5 - Principal,2017-11-17 02:00 AM,2017,11,17,02,39.0,110,Unhealthy for Sensitive Groups,34.0,UG/M3,1 Hr,Valid
Hyderabad,PM2.5 - Principal,2017-11-17 03:00 AM,2017,11,17,03,37.5,106,Unhealthy for Sensitive Groups,36.0,UG/M3,1 Hr,Valid
Hyderabad,PM2.5 - Principal,2017-11-17 04:00 AM,2017,11,17,04,40.5,113,Unhealthy for Sensitive Groups,44.0,UG/M3,1 Hr,Valid
Hyderabad,PM2.5 - Principal,2017-11-17 05:00 AM,2017,11,17,05,44.9,124,Unhealthy for Sensitive Groups,52.0,UG/M3,1 Hr,Valid
Hyderabad,PM2.5 - Principal,2017-11-17 06:00 AM,2017,11,17,06,48.2,132,Unhealthy for Sensitive Groups,53.0,UG/M3,1 Hr,Valid
Hyderabad,PM2.5 - Principal,2017-11-17 07:00 AM,2017,11,17,07,55.5,151,Unhealthy,63.0,UG/M3,1 Hr,Valid
Hyderabad,PM2.5 - Principal,2017-11-17 08:00 AM,2017,11,17,08,66.1,156,Unhealthy,76.0,UG/M3,1 Hr,Valid
Hyderabad,PM2.5 - Principal,2017-11-17 09:00 AM,2017,11,17,09,78.0,163,Unhealthy,90.0,UG/M3,1 Hr,Valid
Hyderabad,PM2.5 - Principal,2017-11-17 10:00 AM,2017,11,17,10,73.0,160,Unhealthy,68.0,UG/M3,1 Hr,Valid
Hyderabad,PM2.5 - Principal,2017-11-17 11:00 AM,2017,11,17,11,55.5,151,Unhealthy,38.0,UG/M3,1 Hr,Valid
Hyderabad,PM2.5 - Principal,2017-11-17 12:00 PM,2017,11,17,12,42.2,117,Unhealthy for Sensitive Groups,29.0,UG/M3,1 Hr,Valid
Hyderabad,PM2.5 - Principal,2017-11-17 01:00 PM,2017,11,17,13,34.6,98,Moderate,27.0,UG/M3,1 Hr,Valid
Hyderabad,PM2.5 - Principal,2017-11-17 02:00 PM,2017,11,17,14,28.8,86,Moderate,23.0,UG/M3,1 Hr,Valid
Hyderabad,PM2.5 - Principal,2017-11-17 03:00 PM,2017,11,17,15,28.9,86,Moderate,29.0,UG/M3,1 Hr,Valid
Hyderabad,PM2.5 - Principal,2017-11-17 04:00 PM,2017,11,17,16,29.4,87,Moderate,30.0,UG/M3,1 Hr,Valid
Hyderabad,PM2.5 - Principal,2017-11-17 05:00 PM,2017,11,17,17,32.7,94,Moderate,36.0,UG/M3,1 Hr,Valid
Hyderabad,PM2.5 - Principal,2017-11-17 06:00 PM,2017,11,17,18,31.8,92,Moderate,31.0,UG/M3,1 Hr,Valid
Hyderabad,PM2.5 - Principal,2017-11-17 07:00 PM,2017,11,17,19,37.4,106,Unhealthy for Sensitive Groups,43.0,UG/M3,1 Hr,Valid
Hyderabad,PM2.5 - Principal,2017-11-17 08:00 PM,2017,11,17,20,37.4,106,Unhealthy for Sensitive Groups,-999.0,UG/M3,1 Hr,Missing
Hyderabad,PM2.5 - Principal,2017-11-17 09:00 PM,2017,11,17,21,45.8,126,Unhealthy for Sensitive Groups,50.0,UG/M3,1 Hr,Valid
Hyderabad,PM2.5 - Principal,2017-11-17 10:00 PM,2017,11,17,22,47.0,129,Unhealthy for Sensitive Groups,48.0,UG/M3,1 Hr,Valid
Hyderabad,PM2.5 - Principal,2017-11-17 11:00 PM,2017,11,17,23,43.2,120,Unhealthy for Sensitive Groups,40.0,UG/M3,1 Hr,Valid
Hyderabad,PM2.5 - Principal,2017-11-18 12:00 AM,2017,11,18,00,36.4,103,Unhealthy for Sensitive Groups,30.0,UG/M3,1 Hr,Valid
Hyderabad,PM2.5 - Principal,2017-11-18 01:00 AM,2017,11,18,01,33.1,95,Moderate,30.0,UG/M3,1 Hr,Valid
Hyderabad,PM2.5 - Principal,2017-11-18 02:00 AM,2017,11,18,02,33.2,95,Moderate,32.0,UG/M3,1 Hr,Valid
Hyderabad,PM2.5 - Principal,2017-11-18 03:00 AM,2017,11,18,03,33.4,96,Moderate,-999.0,UG/M3,1 Hr,Missing
Hyderabad,PM2.5 - Principal,2017-11-18 04:00 AM,2017,11,18,04,30.0,89,Moderate,28.0,UG/M3,1 Hr,Valid
Hyderabad,PM2.5 - Principal,2017-11-18 05:00 AM,2017,11,18,05,25.7,80,Moderate,23.0,UG/M3,1 Hr,Valid
Hyderabad,PM2.5 - Principal,2017-11-18 06:00 AM,2017,11,18,06,29.1,87,Moderate,32.0,UG/M3,1 Hr,Valid
Hyderabad,PM2.5 - Principal,2017-11-18 07:00 AM,2017,11,18,07,32.6,94,Moderate,36.0,UG/M3,1 Hr,Valid
Hyderabad,PM2.5 - Principal,2017-11-18 08:00 AM,2017,11,18,08,34.8,99,Moderate,37.0,UG/M3,1 Hr,Valid
Hyderabad,PM2.5 - Principal,2017-11-18 09:00 AM,2017,11,18,09,34.9,99,Moderate,35.0,UG/M3,1 Hr,Valid
Hyderabad,PM2.5 - Principal,2017-11-18 10:00 AM,2017,11,18,10,35.6,101,Unhealthy for Sensitive Groups,37.0,UG/M3,1 Hr,Valid
Hyderabad,PM2.5 - Principal,2017-11-18 11:00 AM,2017,11,18,11,32.1,93,Moderate,27.0,UG/M3,1 Hr,Valid
Hyderabad,PM2.5 - Principal,2017-11-18 12:00 PM,2017,11,18,12,32.1,93,Moderate,-999.0,UG/M3,1 Hr,Missing
Hyderabad,PM2.5 - Principal,2017-11-18 01:00 PM,2017,11,18,13,28.0,84,Moderate,24.0,UG/M3,1 Hr,Valid
Hyderabad,PM2.5 - Principal,2017-11-18 02:00 PM,2017,11,18,14,27.1,83,Moderate,26.0,UG/M3,1 Hr,Valid
Hyderabad,PM2.5 - Principal,2017-11-18 03:00 PM,2017,11,18,15,28.7,86,Moderate,31.0,UG/M3,1 Hr,Valid
Hyderabad,PM2.5 - Principal,2017-11-18 04:00 PM,2017,11,18,16,29.6,88,Moderate,31.0,UG/M3,1 Hr,Valid
Hyderabad,PM2.5 - Principal,2017-11-18 05:00 PM,2017,11,18,17,28.6,86,Moderate,27.0,UG/M3,1 Hr,Valid
Hyderabad,PM2.5 - Principal,2017-11-18 06:00 PM,2017,11,18,18,23.8,76,Moderate,19.0,UG/M3,1 Hr,Valid
Hyderabad,PM2.5 - Principal,2017-11-18 07:00 PM,2017,11,18,19,30.8,90,Moderate,38.0,UG/M3,1 Hr,Valid
Hyderabad,PM2.5 - Principal,2017-11-18 08:00 PM,2017,11,18,20,40.4,113,Unhealthy for Sensitive Groups,50.0,UG/M3,1 Hr,Valid
Hyderabad,PM2.5 - Principal,2017-11-18 09:00 PM,2017,11,18,21,75.7,161,Unhealthy,111.0,UG/M3,1 Hr,Valid
Hyderabad,PM2.5 - Principal,2017-11-18 10:00 PM,2017,11,18,22,67.8,157,Unhealthy,60.0,UG/M3,1 Hr,Valid
Hyderabad,PM2.5 - Principal,2017-11-18 11:00 PM,2017,11,18,23,63.4,155,Unhealthy,59.0,UG/M3,1 Hr,Valid
Hyderabad,PM2.5 - Principal,2017-11-19 12:00 AM,2017,11,19,00,50.2,137,Unhealthy for Sensitive Groups,37.0,UG/M3,1 Hr,Valid
Hyderabad,PM2.5 - Principal,2017-11-19 01:00 AM,2017,11,19,01,47.6,131,Unhealthy for Sensitive Groups,45.0,UG/M3,1 Hr,Valid
Hyderabad,PM2.5 - Principal,2017-11-19 02:00 AM,2017,11,19,02,49.8,136,Unhealthy for Sensitive Groups,52.0,UG/M3,1 Hr,Valid
Hyderabad,PM2.5 - Principal,2017-11-19 03:00 AM,2017,11,19,03,50.4,138,Unhealthy for Sensitive Groups,51.0,UG/M3,1 Hr,Valid
Hyderabad,PM2.5 - Principal,2017-11-19 04:00 AM,2017,11,19,04,45.7,126,Unhealthy for Sensitive Groups,41.0,UG/M3,1 Hr,Valid
Hyderabad,PM2.5 - Principal,2017-11-19 05:00 AM,2017,11,19,05,36.3,103,Unhealthy for Sensitive Groups,27.0,UG/M3,1 Hr,Valid
Hyderabad,PM2.5 - Principal,2017-11-19 06:00 AM,2017,11,19,06,33.6,96,Moderate,31.0,UG/M3,1 Hr,Valid
Hyderabad,PM2.5 - Principal,2017-11-19 07:00 AM,2017,11,19,07,35.3,100,Moderate,37.0,UG/M3,1 Hr,Valid
Hyderabad,PM2.5 - Principal,2017-11-19 08:00 AM,2017,11,19,08,42.1,117,Unhealthy for Sensitive Groups,49.0,UG/M3,1 Hr,Valid
Hyderabad,PM2.5 - Principal,2017-11-19 09:00 AM,2017,11,19,09,47.0,129,Unhealthy for Sensitive Groups,52.0,UG/M3,1 Hr,Valid
Hyderabad,PM2.5 - Principal,2017-11-19 10:00 AM,2017,11,19,10,53.5,145,Unhealthy for Sensitive Groups,60.0,UG/M3,1 Hr,Valid
Hyderabad,PM2.5 - Principal,2017-11-19 11:00 AM,2017,11,19,11,49.7,136,Unhealthy for Sensitive Groups,46.0,UG/M3,1 Hr,Valid
Hyderabad,PM2.5 - Principal,2017-11-19 12:00 PM,2017,11,19,12,43.3,120,Unhealthy for Sensitive Groups,37.0,UG/M3,1 Hr,Valid
Hyderabad,PM2.5 - Principal,2017-11-19 01:00 PM,2017,11,19,13,41.6,116,Unhealthy for Sensitive Groups,40.0,UG/M3,1 Hr,Valid
Hyderabad,PM2.5 - Principal,2017-11-19 02:00 PM,2017,11,19,14,42.3,118,Unhealthy for Sensitive Groups,43.0,UG/M3,1 Hr,Valid
Hyderabad,PM2.5 - Principal,2017-11-19 03:00 PM,2017,11,19,15,38.6,109,Unhealthy for Sensitive Groups,35.0,UG/M3,1 Hr,Valid
Hyderabad,PM2.5 - Principal,2017-11-19 04:00 PM,2017,11,19,16,39.8,112,Unhealthy for Sensitive Groups,41.0,UG/M3,1 Hr,Valid
Hyderabad,PM2.5 - Principal,2017-11-19 05:00 PM,2017,11,19,17,39.8,112,Unhealthy for Sensitive Groups,-999.0,UG/M3,1 Hr,Missing
Hyderabad,PM2.5 - Principal,2017-11-19 06:00 PM,2017,11,19,18,43.3,120,Unhealthy for Sensitive Groups,46.0,UG/M3,1 Hr,Valid
Hyderabad,PM2.5 - Principal,2017-11-19 07:00 PM,2017,11,19,19,43.1,120,Unhealthy for Sensitive Groups,43.0,UG/M3,1 Hr,Valid
Hyderabad,PM2.5 - Principal,2017-11-19 08:00 PM,2017,11,19,20,49.9,136,Unhealthy for Sensitive Groups,58.0,UG/M3,1 Hr,Valid
Hyderabad,PM2.5 - Principal,2017-11-19 09:00 PM,2017,11,19,21,49.9,136,Unhealthy for Sensitive Groups,-999.0,UG/M3,1 Hr,Missing
Hyderabad,PM2.5 - Principal,2017-11-19 10:00 PM,2017,11,19,22,60.5,154,Unhealthy,66.0,UG/M3,1 Hr,Valid
Hyderabad,PM2.5 - Principal,2017-11-19 11:00 PM,2017,11,19,23,62.9,155,Unhealthy,65.0,UG/M3,1 Hr,Valid
Hyderabad,PM2.5 - Principal,2017-11-20 12:00 AM,2017,11,20,00,70.7,159,Unhealthy,77.0,UG/M3,1 Hr,Valid
Hyderabad,PM2.5 - Principal,2017-11-20 01:00 AM,2017,11,20,01,66.2,157,Unhealthy,62.0,UG/M3,1 Hr,Valid
Hyderabad,PM2.5 - Principal,2017-11-20 02:00 AM,2017,11,20,02,58.9,153,Unhealthy,52.0,UG/M3,1 Hr,Valid
Hyderabad,PM2.5 - Principal,2017-11-20 03:00 AM,2017,11,20,03,55.4,150,Unhealthy for Sensitive Groups,51.0,UG/M3,1 Hr,Valid
Hyderabad,PM2.5 - Principal,2017-11-20 04:00 AM,2017,11,20,04,58.1,152,Unhealthy,61.0,UG/M3,1 Hr,Valid
Hyderabad,PM2.5 - Principal,2017-11-20 05:00 AM,2017,11,20,05,56.2,151,Unhealthy,54.0,UG/M3,1 Hr,Valid
Hyderabad,PM2.5 - Principal,2017-11-20 06:00 AM,2017,11,20,06,58.8,153,Unhealthy,62.0,UG/M3,1 Hr,Valid
Hyderabad,PM2.5 - Principal,2017-11-20 07:00 AM,2017,11,20,07,55.1,149,Unhealthy for Sensitive Groups,49.0,UG/M3,1 Hr,Valid
Hyderabad,PM2.5 - Principal,2017-11-20 08:00 AM,2017,11,20,08,53.2,145,Unhealthy for Sensitive Groups,50.0,UG/M3,1 Hr,Valid
Hyderabad,PM2.5 - Principal,2017-11-20 09:00 AM,2017,11,20,09,53.2,145,Unhealthy for Sensitive Groups,-999.0,UG/M3,1 Hr,Missing
Hyderabad,PM2.5 - Principal,2017-11-20 10:00 AM,2017,11,20,10,48.4,133,Unhealthy for Sensitive Groups,45.0,UG/M3,1 Hr,Valid
Hyderabad,PM2.5 - Principal,2017-11-20 11:00 AM,2017,11,20,11,43.3,120,Unhealthy for Sensitive Groups,40.0,UG/M3,1 Hr,Valid
Hyderabad,PM2.5 - Principal,2017-11-20 12:00 PM,2017,11,20,12,39.7,111,Unhealthy for Sensitive Groups,35.0,UG/M3,1 Hr,Valid
Hyderabad,PM2.5 - Principal,2017-11-20 01:00 PM,2017,11,20,13,42.5,118,Unhealthy for Sensitive Groups,46.0,UG/M3,1 Hr,Valid
Hyderabad,PM2.5 - Principal,2017-11-20 02:00 PM,2017,11,20,14,41.4,116,Unhealthy for Sensitive Groups,40.0,UG/M3,1 Hr,Valid
Hyderabad,PM2.5 - Principal,2017-11-20 03:00 PM,2017,11,20,15,40.7,114,Unhealthy for Sensitive Groups,40.0,UG/M3,1 Hr,Valid
Hyderabad,PM2.5 - Principal,2017-11-20 04:00 PM,2017,11,20,16,40.7,114,Unhealthy for Sensitive Groups,-999.0,UG/M3,1 Hr,Missing
Hyderabad,PM2.5 - Principal,2017-11-20 05:00 PM,2017,11,20,17,39.1,110,Unhealthy for Sensitive Groups,38.0,UG/M3,1 Hr,Valid
Hyderabad,PM2.5 - Principal,2017-11-20 06:00 PM,2017,11,20,18,38.8,109,Unhealthy for Sensitive Groups,37.0,UG/M3,1 Hr,Valid
Hyderabad,PM2.5 - Principal,2017-11-20 07:00 PM,2017,11,20,19,39.1,110,Unhealthy for Sensitive Groups,40.0,UG/M3,1 Hr,Valid
Hyderabad,PM2.5 - Principal,2017-11-20 08:00 PM,2017,11,20,20,54.9,149,Unhealthy for Sensitive Groups,70.0,UG/M3,1 Hr,Valid
Hyderabad,PM2.5 - Principal,2017-11-20 09:00 PM,2017,11,20,21,61.0,154,Unhealthy,67.0,UG/M3,1 Hr,Valid
Hyderabad,PM2.5 - Principal,2017-11-20 10:00 PM,2017,11,20,22,74.6,161,Unhealthy,88.0,UG/M3,1 Hr,Valid
Hyderabad,PM2.5 - Principal,2017-11-20 11:00 PM,2017,11,20,23,68.3,158,Unhealthy,62.0,UG/M3,1 Hr,Valid
Hyderabad,PM2.5 - Principal,2017-11-21 12:00 AM,2017,11,21,00,65.1,156,Unhealthy,62.0,UG/M3,1 Hr,Valid
Hyderabad,PM2.5 - Principal,2017-11-21 01:00 AM,2017,11,21,01,61.0,154,Unhealthy,57.0,UG/M3,1 Hr,Valid
Hyderabad,PM2.5 - Principal,2017-11-21 02:00 AM,2017,11,21,02,65.0,156,Unhealthy,69.0,UG/M3,1 Hr,Valid
Hyderabad,PM2.5 - Principal,2017-11-21 03:00 AM,2017,11,21,03,62.5,155,Unhealthy,60.0,UG/M3,1 Hr,Valid
Hyderabad,PM2.5 - Principal,2017-11-21 04:00 AM,2017,11,21,04,56.7,152,Unhealthy,51.0,UG/M3,1 Hr,Valid
Hyderabad,PM2.5 - Principal,2017-11-21 05:00 AM,2017,11,21,05,50.3,137,Unhealthy for Sensitive Groups,44.0,UG/M3,1 Hr,Valid
Hyderabad,PM2.5 - Principal,2017-11-21 06:00 AM,2017,11,21,06,41.6,116,Unhealthy for Sensitive Groups,33.0,UG/M3,1 Hr,Valid
Hyderabad,PM2.5 - Principal,2017-11-21 07:00 AM,2017,11,21,07,41.3,115,Unhealthy for Sensitive Groups,41.0,UG/M3,1 Hr,Valid
Hyderabad,PM2.5 - Principal,2017-11-21 08:00 AM,2017,11,21,08,44.6,123,Unhealthy for Sensitive Groups,48.0,UG/M3,1 Hr,Valid
Hyderabad,PM2.5 - Principal,2017-11-21 09:00 AM,2017,11,21,09,56.3,151,Unhealthy,68.0,UG/M3,1 Hr,Valid
Hyderabad,PM2.5 - Principal,2017-11-21 10:00 AM,2017,11,21,10,59.6,153,Unhealthy,63.0,UG/M3,1 Hr,Valid
Hyderabad,PM2.5 - Principal,2017-11-21 11:00 AM,2017,11,21,11,52.3,142,Unhealthy for Sensitive Groups,45.0,UG/M3,1 Hr,Valid
Hyderabad,PM2.5 - Principal,2017-11-21 12:00 PM,2017,11,21,12,52.3,142,Unhealthy for Sensitive Groups,-999.0,UG/M3,1 Hr,Missing
Hyderabad,PM2.5 - Principal,2017-11-21 01:00 PM,2017,11,21,13,52.7,143,Unhealthy for Sensitive Groups,53.0,UG/M3,1 Hr,Valid
Hyderabad,PM2.5 - Principal,2017-11-21 02:00 PM,2017,11,21,14,52.9,144,Unhealthy for Sensitive Groups,53.0,UG/M3,1 Hr,Valid
Hyderabad,PM2.5 - Principal,2017-11-21 03:00 PM,2017,11,21,15,42.8,119,Unhealthy for Sensitive Groups,34.0,UG/M3,1 Hr,Valid
Hyderabad,PM2.5 - Principal,2017-11-21 04:00 PM,2017,11,21,16,42.8,119,Unhealthy for Sensitive Groups,-999.0,UG/M3,1 Hr,Missing
Hyderabad,PM2.5 - Principal,2017-11-21 05:00 PM,2017,11,21,17,40.8,114,Unhealthy for Sensitive Groups,40.0,UG/M3,1 Hr,Valid
Hyderabad,PM2.5 - Principal,2017-11-21 06:00 PM,2017,11,21,18,39.2,110,Unhealthy for Sensitive Groups,38.0,UG/M3,1 Hr,Valid
Hyderabad,PM2.5 - Principal,2017-11-21 07:00 PM,2017,11,21,19,41.7,116,Unhealthy for Sensitive Groups,44.0,UG/M3,1 Hr,Valid
Hyderabad,PM2.5 - Principal,2017-11-21 08:00 PM,2017,11,21,20,43.9,122,Unhealthy for Sensitive Groups,46.0,UG/M3,1 Hr,Valid
Hyderabad,PM2.5 - Principal,2017-11-21 09:00 PM,2017,11,21,21,61.2,154,Unhealthy,78.0,UG/M3,1 Hr,Valid
Hyderabad,PM2.5 - Principal,2017-11-21 10:00 PM,2017,11,21,22,74.7,161,Unhealthy,88.0,UG/M3,1 Hr,Valid
Hyderabad,PM2.5 - Principal,2017-11-21 11:00 PM,2017,11,21,23,77.3,162,Unhealthy,80.0,UG/M3,1 Hr,Valid
Hyderabad,PM2.5 - Principal,2017-11-22 12:00 AM,2017,11,22,00,76.1,162,Unhealthy,75.0,UG/M3,1 Hr,Valid
Hyderabad,PM2.5 - Principal,2017-11-22 01:00 AM,2017,11,22,01,69.5,158,Unhealthy,63.0,UG/M3,1 Hr,Valid
Hyderabad,PM2.5 - Principal,2017-11-22 02:00 AM,2017,11,22,02,69.5,158,Unhealthy,-999.0,UG/M3,1 Hr,Missing
Hyderabad,PM2.5 - Principal,2017-11-22 03:00 AM,2017,11,22,03,57.1,152,Unhealthy,51.0,UG/M3,1 Hr,Valid
Hyderabad,PM2.5 - Principal,2017-11-22 04:00 AM,2017,11,22,04,60.5,154,Unhealthy,63.0,UG/M3,1 Hr,Valid
Hyderabad,PM2.5 - Principal,2017-11-22 05:00 AM,2017,11,22,05,69.8,158,Unhealthy,78.0,UG/M3,1 Hr,Valid
Hyderabad,PM2.5 - Principal,2017-11-22 06:00 AM,2017,11,22,06,70.4,159,Unhealthy,71.0,UG/M3,1 Hr,Valid
Hyderabad,PM2.5 - Principal,2017-11-22 07:00 AM,2017,11,22,07,70.6,159,Unhealthy,71.0,UG/M3,1 Hr,Valid
Hyderabad,PM2.5 - Principal,2017-11-22 08:00 AM,2017,11,22,08,74.0,161,Unhealthy,79.0,UG/M3,1 Hr,Valid
Hyderabad,PM2.5 - Principal,2017-11-22 09:00 AM,2017,11,22,09,76.1,162,Unhealthy,79.0,UG/M3,1 Hr,Valid
Hyderabad,PM2.5 - Principal,2017-11-22 10:00 AM,2017,11,22,10,70.8,159,Unhealthy,63.0,UG/M3,1 Hr,Valid
Hyderabad,PM2.5 - Principal,2017-11-22 11:00 AM,2017,11,22,11,68.0,157,Unhealthy,63.0,UG/M3,1 Hr,Valid
Hyderabad,PM2.5 - Principal,2017-11-22 12:00 PM,2017,11,22,12,59.1,153,Unhealthy,47.0,UG/M3,1 Hr,Valid
Hyderabad,PM2.5 - Principal,2017-11-22 01:00 PM,2017,11,22,13,54.6,148,Unhealthy for Sensitive Groups,48.0,UG/M3,1 Hr,Valid
Hyderabad,PM2.5 - Principal,2017-11-22 02:00 PM,2017,11,22,14,51.5,140,Unhealthy for Sensitive Groups,47.0,UG/M3,1 Hr,Valid
Hyderabad,PM2.5 - Principal,2017-11-22 03:00 PM,2017,11,22,15,49.0,134,Unhealthy for Sensitive Groups,46.0,UG/M3,1 Hr,Valid
Hyderabad,PM2.5 - Principal,2017-11-22 04:00 PM,2017,11,22,16,42.9,119,Unhealthy for Sensitive Groups,38.0,UG/M3,1 Hr,Valid
Hyderabad,PM2.5 - Principal,2017-11-22 05:00 PM,2017,11,22,17,45.4,125,Unhealthy for Sensitive Groups,48.0,UG/M3,1 Hr,Valid
Hyderabad,PM2.5 - Principal,2017-11-22 06:00 PM,2017,11,22,18,44.7,124,Unhealthy for Sensitive Groups,44.0,UG/M3,1 Hr,Valid
Hyderabad,PM2.5 - Principal,2017-11-22 07:00 PM,2017,11,22,19,44.3,123,Unhealthy for Sensitive Groups,44.0,UG/M3,1 Hr,Valid
Hyderabad,PM2.5 - Principal,2017-11-22 08:00 PM,2017,11,22,20,51.6,141,Unhealthy for Sensitive Groups,59.0,UG/M3,1 Hr,Valid
Hyderabad,PM2.5 - Principal,2017-11-22 09:00 PM,2017,11,22,21,50.3,137,Unhealthy for Sensitive Groups,-999.0,UG/M3,1 Hr,Missing
Hyderabad,PM2.5 - Principal,2017-11-22 10:00 PM,2017,11,22,22,52.7,143,Unhealthy for Sensitive Groups,55.0,UG/M3,1 Hr,Valid
Hyderabad,PM2.5 - Principal,2017-11-22 11:00 PM,2017,11,22,23,-999.0,-999,N/A,-999.0,UG/M3,1 Hr,Missing
Hyderabad,PM2.5 - Principal,2017-11-23 12:00 AM,2017,11,23,00,48.9,134,Unhealthy for Sensitive Groups,46.0,UG/M3,1 Hr,Valid
Hyderabad,PM2.5 - Principal,2017-11-23 01:00 AM,2017,11,23,01,51.6,141,Unhealthy for Sensitive Groups,55.0,UG/M3,1 Hr,Valid
Hyderabad,PM2.5 - Principal,2017-11-23 02:00 AM,2017,11,23,02,52.6,143,Unhealthy for Sensitive Groups,54.0,UG/M3,1 Hr,Valid
Hyderabad,PM2.5 - Principal,2017-11-23 03:00 AM,2017,11,23,03,55.1,149,Unhealthy for Sensitive Groups,59.0,UG/M3,1 Hr,Valid
Hyderabad,PM2.5 - Principal,2017-11-23 04:00 AM,2017,11,23,04,55.6,151,Unhealthy,59.0,UG/M3,1 Hr,Valid
Hyderabad,PM2.5 - Principal,2017-11-23 05:00 AM,2017,11,23,05,58.4,152,Unhealthy,63.0,UG/M3,1 Hr,Valid
Hyderabad,PM2.5 - Principal,2017-11-23 06:00 AM,2017,11,23,06,69.6,158,Unhealthy,81.0,UG/M3,1 Hr,Valid
Hyderabad,PM2.5 - Principal,2017-11-23 07:00 AM,2017,11,23,07,70.3,159,Unhealthy,72.0,UG/M3,1 Hr,Valid
Hyderabad,PM2.5 - Principal,2017-11-23 08:00 AM,2017,11,23,08,85.2,166,Unhealthy,99.0,UG/M3,1 Hr,Valid
Hyderabad,PM2.5 - Principal,2017-11-23 09:00 AM,2017,11,23,09,87.1,167,Unhealthy,89.0,UG/M3,1 Hr,Valid
Hyderabad,PM2.5 - Principal,2017-11-23 10:00 AM,2017,11,23,10,97.5,173,Unhealthy,108.0,UG/M3,1 Hr,Valid
Hyderabad,PM2.5 - Principal,2017-11-23 11:00 AM,2017,11,23,11,80.2,164,Unhealthy,63.0,UG/M3,1 Hr,Valid
Hyderabad,PM2.5 - Principal,2017-11-23 12:00 PM,2017,11,23,12,70.6,159,Unhealthy,61.0,UG/M3,1 Hr,Valid
Hyderabad,PM2.5 - Principal,2017-11-23 01:00 PM,2017,11,23,13,60.3,153,Unhealthy,50.0,UG/M3,1 Hr,Valid
Hyderabad,PM2.5 - Principal,2017-11-23 02:00 PM,2017,11,23,14,55.1,149,Unhealthy for Sensitive Groups,50.0,UG/M3,1 Hr,Valid
Hyderabad,PM2.5 - Principal,2017-11-23 03:00 PM,2017,11,23,15,55.1,149,Unhealthy for Sensitive Groups,-999.0,UG/M3,1 Hr,Missing
Hyderabad,PM2.5 - Principal,2017-11-23 04:00 PM,2017,11,23,16,50.3,137,Unhealthy for Sensitive Groups,48.0,UG/M3,1 Hr,Valid
Hyderabad,PM2.5 - Principal,2017-11-23 05:00 PM,2017,11,23,17,47.3,130,Unhealthy for Sensitive Groups,45.0,UG/M3,1 Hr,Valid
Hyderabad,PM2.5 - Principal,2017-11-23 06:00 PM,2017,11,23,18,51.4,140,Unhealthy for Sensitive Groups,55.0,UG/M3,1 Hr,Valid
Hyderabad,PM2.5 - Principal,2017-11-23 07:00 PM,2017,11,23,19,51.4,140,Unhealthy for Sensitive Groups,-999.0,UG/M3,1 Hr,Missing
Hyderabad,PM2.5 - Principal,2017-11-23 08:00 PM,2017,11,23,20,70.1,159,Unhealthy,79.0,UG/M3,1 Hr,Valid
Hyderabad,PM2.5 - Principal,2017-11-23 09:00 PM,2017,11,23,21,85.0,166,Unhealthy,96.0,UG/M3,1 Hr,Valid
Hyderabad,PM2.5 - Principal,2017-11-23 10:00 PM,2017,11,23,22,101.6,175,Unhealthy,116.0,UG/M3,1 Hr,Valid
Hyderabad,PM2.5 - Principal,2017-11-23 11:00 PM,2017,11,23,23,93.5,171,Unhealthy,86.0,UG/M3,1 Hr,Valid
Hyderabad,PM2.5 - Principal,2017-11-24 12:00 AM,2017,11,24,00,93.5,171,Unhealthy,-999.0,UG/M3,1 Hr,Missing
Hyderabad,PM2.5 - Principal,2017-11-24 01:00 AM,2017,11,24,01,91.1,169,Unhealthy,90.0,UG/M3,1 Hr,Valid
Hyderabad,PM2.5 - Principal,2017-11-24 02:00 AM,2017,11,24,02,84.7,166,Unhealthy,80.0,UG/M3,1 Hr,Valid
Hyderabad,PM2.5 - Principal,2017-11-24 03:00 AM,2017,11,24,03,76.3,162,Unhealthy,69.0,UG/M3,1 Hr,Valid
Hyderabad,PM2.5 - Principal,2017-11-24 04:00 AM,2017,11,24,04,78.7,163,Unhealthy,81.0,UG/M3,1 Hr,Valid
Hyderabad,PM2.5 - Principal,2017-11-24 05:00 AM,2017,11,24,05,83.9,166,Unhealthy,89.0,UG/M3,1 Hr,Valid
Hyderabad,PM2.5 - Principal,2017-11-24 06:00 AM,2017,11,24,06,87.8,168,Unhealthy,94.0,UG/M3,1 Hr,Valid
Hyderabad,PM2.5 - Principal,2017-11-24 07:00 AM,2017,11,24,07,92.4,170,Unhealthy,99.0,UG/M3,1 Hr,Valid
Hyderabad,PM2.5 - Principal,2017-11-24 08:00 AM,2017,11,24,08,101.2,175,Unhealthy,114.0,UG/M3,1 Hr,Valid
Hyderabad,PM2.5 - Principal,2017-11-24 09:00 AM,2017,11,24,09,109.6,179,Unhealthy,120.0,UG/M3,1 Hr,Valid
Hyderabad,PM2.5 - Principal,2017-11-24 10:00 AM,2017,11,24,10,109.3,179,Unhealthy,109.0,UG/M3,1 Hr,Valid
Hyderabad,PM2.5 - Principal,2017-11-24 11:00 AM,2017,11,24,11,104.5,176,Unhealthy,98.0,UG/M3,1 Hr,Valid
Hyderabad,PM2.5 - Principal,2017-11-24 12:00 PM,2017,11,24,12,102.1,175,Unhealthy,99.0,UG/M3,1 Hr,Valid
Hyderabad,PM2.5 - Principal,2017-11-24 01:00 PM,2017,11,24,13,97.4,173,Unhealthy,91.0,UG/M3,1 Hr,Valid
Hyderabad,PM2.5 - Principal,2017-11-24 02:00 PM,2017,11,24,14,91.7,170,Unhealthy,84.0,UG/M3,1 Hr,Valid
Hyderabad,PM2.5 - Principal,2017-11-24 03:00 PM,2017,11,24,15,90.0,169,Unhealthy,82.0,UG/M3,1 Hr,Valid
Hyderabad,PM2.5 - Principal,2017-11-24 04:00 PM,2017,11,24,16,85.4,166,Unhealthy,78.0,UG/M3,1 Hr,Valid
Hyderabad,PM2.5 - Principal,2017-11-24 05:00 PM,2017,11,24,17,67.5,157,Unhealthy,53.0,UG/M3,1 Hr,Valid
Hyderabad,PM2.5 - Principal,2017-11-24 06:00 PM,2017,11,24,18,67.5,157,Unhealthy,-999.0,UG/M3,1 Hr,Missing
Hyderabad,PM2.5 - Principal,2017-11-24 07:00 PM,2017,11,24,19,84.5,166,Unhealthy,93.0,UG/M3,1 Hr,Valid
Hyderabad,PM2.5 - Principal,2017-11-24 08:00 PM,2017,11,24,20,91.0,169,Unhealthy,96.0,UG/M3,1 Hr,Valid
Hyderabad,PM2.5 - Principal,2017-11-24 09:00 PM,2017,11,24,21,92.6,170,Unhealthy,94.0,UG/M3,1 Hr,Valid
Hyderabad,PM2.5 - Principal,2017-11-24 10:00 PM,2017,11,24,22,91.1,169,Unhealthy,90.0,UG/M3,1 Hr,Valid
Hyderabad,PM2.5 - Principal,2017-11-24 11:00 PM,2017,11,24,23,98.1,173,Unhealthy,105.0,UG/M3,1 Hr,Valid
Hyderabad,PM2.5 - Principal,2017-11-25 12:00 AM,2017,11,25,00,98.5,173,Unhealthy,99.0,UG/M3,1 Hr,Valid
Hyderabad,PM2.5 - Principal,2017-11-25 01:00 AM,2017,11,25,01,94.8,171,Unhealthy,91.0,UG/M3,1 Hr,Valid
Hyderabad,PM2.5 - Principal,2017-11-25 02:00 AM,2017,11,25,02,87.9,168,Unhealthy,81.0,UG/M3,1 Hr,Valid
Hyderabad,PM2.5 - Principal,2017-11-25 03:00 AM,2017,11,25,03,85.0,166,Unhealthy,82.0,UG/M3,1 Hr,Valid
Hyderabad,PM2.5 - Principal,2017-11-25 04:00 AM,2017,11,25,04,80.0,164,Unhealthy,75.0,UG/M3,1 Hr,Valid
Hyderabad,PM2.5 - Principal,2017-11-25 05:00 AM,2017,11,25,05,84.2,166,Unhealthy,84.0,UG/M3,1 Hr,Valid
Hyderabad,PM2.5 - Principal,2017-11-25 06:00 AM,2017,11,25,06,85.3,166,Unhealthy,88.0,UG/M3,1 Hr,Valid
Hyderabad,PM2.5 - Principal,2017-11-25 07:00 AM,2017,11,25,07,87.8,168,Unhealthy,94.0,UG/M3,1 Hr,Valid
Hyderabad,PM2.5 - Principal,2017-11-25 08:00 AM,2017,11,25,08,89.5,169,Unhealthy,94.0,UG/M3,1 Hr,Valid
Hyderabad,PM2.5 - Principal,2017-11-25 09:00 AM,2017,11,25,09,92.8,170,Unhealthy,101.0,UG/M3,1 Hr,Valid
Hyderabad,PM2.5 - Principal,2017-11-25 10:00 AM,2017,11,25,10,96.1,172,Unhealthy,104.0,UG/M3,1 Hr,Valid
Hyderabad,PM2.5 - Principal,2017-11-25 11:00 AM,2017,11,25,11,97.3,173,Unhealthy,101.0,UG/M3,1 Hr,Valid
Hyderabad,PM2.5 - Principal,2017-11-25 12:00 PM,2017,11,25,12,97.8,173,Unhealthy,99.0,UG/M3,1 Hr,Valid
Hyderabad,PM2.5 - Principal,2017-11-25 01:00 PM,2017,11,25,13,86.2,167,Unhealthy,65.0,UG/M3,1 Hr,Valid
Hyderabad,PM2.5 - Principal,2017-11-25 02:00 PM,2017,11,25,14,86.2,167,Unhealthy,-999.0,UG/M3,1 Hr,Missing
Hyderabad,PM2.5 - Principal,2017-11-25 03:00 PM,2017,11,25,15,71.9,159,Unhealthy,61.0,UG/M3,1 Hr,Valid
Hyderabad,PM2.5 - Principal,2017-11-25 04:00 PM,2017,11,25,16,67.1,157,Unhealthy,62.0,UG/M3,1 Hr,Valid
Hyderabad,PM2.5 - Principal,2017-11-25 05:00 PM,2017,11,25,17,62.9,155,Unhealthy,59.0,UG/M3,1 Hr,Valid
Hyderabad,PM2.5 - Principal,2017-11-25 06:00 PM,2017,11,25,18,62.9,155,Unhealthy,63.0,UG/M3,1 Hr,Valid
Hyderabad,PM2.5 - Principal,2017-11-25 07:00 PM,2017,11,25,19,71.4,159,Unhealthy,82.0,UG/M3,1 Hr,Valid
Hyderabad,PM2.5 - Principal,2017-11-25 08:00 PM,2017,11,25,20,87.6,168,Unhealthy,107.0,UG/M3,1 Hr,Valid
Hyderabad,PM2.5 - Principal,2017-11-25 09:00 PM,2017,11,25,21,99.1,174,Unhealthy,111.0,UG/M3,1 Hr,Valid
Hyderabad,PM2.5 - Principal,2017-11-25 10:00 PM,2017,11,25,22,103.7,176,Unhealthy,109.0,UG/M3,1 Hr,Valid
Hyderabad,PM2.5 - Principal,2017-11-25 11:00 PM,2017,11,25,23,102.4,175,Unhealthy,101.0,UG/M3,1 Hr,Valid
Hyderabad,PM2.5 - Principal,2017-11-26 12:00 AM,2017,11,26,00,102.2,175,Unhealthy,102.0,UG/M3,1 Hr,Valid
Hyderabad,PM2.5 - Principal,2017-11-26 01:00 AM,2017,11,26,01,101.2,175,Unhealthy,100.0,UG/M3,1 Hr,Valid
Hyderabad,PM2.5 - Principal,2017-11-26 02:00 AM,2017,11,26,02,102.5,175,Unhealthy,104.0,UG/M3,1 Hr,Valid
Hyderabad,PM2.5 - Principal,2017-11-26 03:00 AM,2017,11,26,03,98.5,173,Unhealthy,94.0,UG/M3,1 Hr,Valid
Hyderabad,PM2.5 - Principal,2017-11-26 04:00 AM,2017,11,26,04,99.6,174,Unhealthy,101.0,UG/M3,1 Hr,Valid
Hyderabad,PM2.5 - Principal,2017-11-26 05:00 AM,2017,11,26,05,95.5,172,Unhealthy,90.0,UG/M3,1 Hr,Valid
Hyderabad,PM2.5 - Principal,2017-11-26 06:00 AM,2017,11,26,06,97.7,173,Unhealthy,98.0,UG/M3,1 Hr,Valid
Hyderabad,PM2.5 - Principal,2017-11-26 07:00 AM,2017,11,26,07,98.1,173,Unhealthy,96.0,UG/M3,1 Hr,Valid
Hyderabad,PM2.5 - Principal,2017-11-26 08:00 AM,2017,11,26,08,100.6,174,Unhealthy,111.0,UG/M3,1 Hr,Valid
Hyderabad,PM2.5 - Principal,2017-11-26 09:00 AM,2017,11,26,09,103.5,176,Unhealthy,114.0,UG/M3,1 Hr,Valid
Hyderabad,PM2.5 - Principal,2017-11-26 10:00 AM,2017,11,26,10,109.5,179,Unhealthy,123.0,UG/M3,1 Hr,Valid
Hyderabad,PM2.5 - Principal,2017-11-26 11:00 AM,2017,11,26,11,108.0,178,Unhealthy,104.0,UG/M3,1 Hr,Valid
Hyderabad,PM2.5 - Principal,2017-11-26 12:00 PM,2017,11,26,12,103.7,176,Unhealthy,92.0,UG/M3,1 Hr,Valid
Hyderabad,PM2.5 - Principal,2017-11-26 01:00 PM,2017,11,26,13,93.1,170,Unhealthy,77.0,UG/M3,1 Hr,Valid
Hyderabad,PM2.5 - Principal,2017-11-26 02:00 PM,2017,11,26,14,69.9,158,Unhealthy,51.0,UG/M3,1 Hr,Valid
Hyderabad,PM2.5 - Principal,2017-11-26 03:00 PM,2017,11,26,15,61.9,154,Unhealthy,54.0,UG/M3,1 Hr,Valid
Hyderabad,PM2.5 - Principal,2017-11-26 04:00 PM,2017,11,26,16,56.9,152,Unhealthy,52.0,UG/M3,1 Hr,Valid
Hyderabad,PM2.5 - Principal,2017-11-26 05:00 PM,2017,11,26,17,53.4,145,Unhealthy for Sensitive Groups,50.0,UG/M3,1 Hr,Valid
Hyderabad,PM2.5 - Principal,2017-11-26 06:00 PM,2017,11,26,18,55.7,151,Unhealthy,58.0,UG/M3,1 Hr,Valid
Hyderabad,PM2.5 - Principal,2017-11-26 07:00 PM,2017,11,26,19,67.3,157,Unhealthy,79.0,UG/M3,1 Hr,Valid
Hyderabad,PM2.5 - Principal,2017-11-26 08:00 PM,2017,11,26,20,81.6,164,Unhealthy,96.0,UG/M3,1 Hr,Valid
Hyderabad,PM2.5 - Principal,2017-11-26 09:00 PM,2017,11,26,21,95.8,172,Unhealthy,110.0,UG/M3,1 Hr,Valid
Hyderabad,PM2.5 - Principal,2017-11-26 10:00 PM,2017,11,26,22,101.4,175,Unhealthy,107.0,UG/M3,1 Hr,Valid
Hyderabad,PM2.5 - Principal,2017-11-26 11:00 PM,2017,11,26,23,118.2,183,Unhealthy,135.0,UG/M3,1 Hr,Valid
Hyderabad,PM2.5 - Principal,2017-11-27 12:00 AM,2017,11,27,00,129.1,189,Unhealthy,140.0,UG/M3,1 Hr,Valid
Hyderabad,PM2.5 - Principal,2017-11-27 01:00 AM,2017,11,27,01,119.0,184,Unhealthy,109.0,UG/M3,1 Hr,Valid
Hyderabad,PM2.5 - Principal,2017-11-27 02:00 AM,2017,11,27,02,112.5,180,Unhealthy,106.0,UG/M3,1 Hr,Valid
Hyderabad,PM2.5 - Principal,2017-11-27 03:00 AM,2017,11,27,03,109.7,179,Unhealthy,107.0,UG/M3,1 Hr,Valid
Hyderabad,PM2.5 - Principal,2017-11-27 04:00 AM,2017,11,27,04,103.3,176,Unhealthy,97.0,UG/M3,1 Hr,Valid
Hyderabad,PM2.5 - Principal,2017-11-27 05:00 AM,2017,11,27,05,99.7,174,Unhealthy,96.0,UG/M3,1 Hr,Valid
Hyderabad,PM2.5 - Principal,2017-11-27 06:00 AM,2017,11,27,06,100.9,174,Unhealthy,101.0,UG/M3,1 Hr,Valid
Hyderabad,PM2.5 - Principal,2017-11-27 07:00 AM,2017,11,27,07,107.0,178,Unhealthy,116.0,UG/M3,1 Hr,Valid
Hyderabad,PM2.5 - Principal,2017-11-27 08:00 AM,2017,11,27,08,109.2,179,Unhealthy,114.0,UG/M3,1 Hr,Valid
Hyderabad,PM2.5 - Principal,2017-11-27 09:00 AM,2017,11,27,09,122.0,185,Unhealthy,146.0,UG/M3,1 Hr,Valid
Hyderabad,PM2.5 - Principal,2017-11-27 10:00 AM,2017,11,27,10,123.1,186,Unhealthy,125.0,UG/M3,1 Hr,Valid
Hyderabad,PM2.5 - Principal,2017-11-27 11:00 AM,2017,11,27,11,111.0,180,Unhealthy,90.0,UG/M3,1 Hr,Valid
Hyderabad,PM2.5 - Principal,2017-11-27 12:00 PM,2017,11,27,12,107.5,178,Unhealthy,102.0,UG/M3,1 Hr,Valid
Hyderabad,PM2.5 - Principal,2017-11-27 01:00 PM,2017,11,27,13,98.3,173,Unhealthy,86.0,UG/M3,1 Hr,Valid
Hyderabad,PM2.5 - Principal,2017-11-27 02:00 PM,2017,11,27,14,88.6,168,Unhealthy,79.0,UG/M3,1 Hr,Valid
Hyderabad,PM2.5 - Principal,2017-11-27 03:00 PM,2017,11,27,15,76.1,162,Unhealthy,65.0,UG/M3,1 Hr,Valid
Hyderabad,PM2.5 - Principal,2017-11-27 04:00 PM,2017,11,27,16,66.5,157,Unhealthy,57.0,UG/M3,1 Hr,Valid
Hyderabad,PM2.5 - Principal,2017-11-27 05:00 PM,2017,11,27,17,58.2,152,Unhealthy,50.0,UG/M3,1 Hr,Valid
Hyderabad,PM2.5 - Principal,2017-11-27 06:00 PM,2017,11,27,18,58.1,152,Unhealthy,58.0,UG/M3,1 Hr,Valid
Hyderabad,PM2.5 - Principal,2017-11-27 07:00 PM,2017,11,27,19,66.0,156,Unhealthy,74.0,UG/M3,1 Hr,Valid
Hyderabad,PM2.5 - Principal,2017-11-27 08:00 PM,2017,11,27,20,85.5,166,Unhealthy,105.0,UG/M3,1 Hr,Valid
Hyderabad,PM2.5 - Principal,2017-11-27 09:00 PM,2017,11,27,21,92.2,170,Unhealthy,99.0,UG/M3,1 Hr,Valid
Hyderabad,PM2.5 - Principal,2017-11-27 10:00 PM,2017,11,27,22,89.1,168,Unhealthy,86.0,UG/M3,1 Hr,Valid
Hyderabad,PM2.5 - Principal,2017-11-27 11:00 PM,2017,11,27,23,91.5,170,Unhealthy,94.0,UG/M3,1 Hr,Valid
Hyderabad,PM2.5 - Principal,2017-11-28 12:00 AM,2017,11,28,00,97.7,173,Unhealthy,104.0,UG/M3,1 Hr,Valid
Hyderabad,PM2.5 - Principal,2017-11-28 01:00 AM,2017,11,28,01,101.8,175,Unhealthy,106.0,UG/M3,1 Hr,Valid
Hyderabad,PM2.5 - Principal,2017-11-28 02:00 AM,2017,11,28,02,102.4,175,Unhealthy,103.0,UG/M3,1 Hr,Valid
Hyderabad,PM2.5 - Principal,2017-11-28 03:00 AM,2017,11,28,03,97.2,173,Unhealthy,92.0,UG/M3,1 Hr,Valid
Hyderabad,PM2.5 - Principal,2017-11-28 04:00 AM,2017,11,28,04,94.1,171,Unhealthy,91.0,UG/M3,1 Hr,Valid
Hyderabad,PM2.5 - Principal,2017-11-28 05:00 AM,2017,11,28,05,93.3,171,Unhealthy,92.0,UG/M3,1 Hr,Valid
Hyderabad,PM2.5 - Principal,2017-11-28 06:00 AM,2017,11,28,06,95.0,171,Unhealthy,96.0,UG/M3,1 Hr,Valid
Hyderabad,PM2.5 - Principal,2017-11-28 07:00 AM,2017,11,28,07,96.3,172,Unhealthy,98.0,UG/M3,1 Hr,Valid
Hyderabad,PM2.5 - Principal,2017-11-28 08:00 AM,2017,11,28,08,104.6,176,Unhealthy,124.0,UG/M3,1 Hr,Valid
Hyderabad,PM2.5 - Principal,2017-11-28 09:00 AM,2017,11,28,09,127.9,188,Unhealthy,153.0,UG/M3,1 Hr,Valid
Hyderabad,PM2.5 - Principal,2017-11-28 10:00 AM,2017,11,28,10,122.7,186,Unhealthy,118.0,UG/M3,1 Hr,Valid
Hyderabad,PM2.5 - Principal,2017-11-28 11:00 AM,2017,11,28,11,111.4,180,Unhealthy,95.0,UG/M3,1 Hr,Valid
Hyderabad,PM2.5 - Principal,2017-11-28 12:00 PM,2017,11,28,12,86.4,167,Unhealthy,63.0,UG/M3,1 Hr,Valid
Hyderabad,PM2.5 - Principal,2017-11-28 01:00 PM,2017,11,28,13,75.7,161,Unhealthy,65.0,UG/M3,1 Hr,Valid
Hyderabad,PM2.5 - Principal,2017-11-28 02:00 PM,2017,11,28,14,63.3,155,Unhealthy,51.0,UG/M3,1 Hr,Valid
Hyderabad,PM2.5 - Principal,2017-11-28 03:00 PM,2017,11,28,15,60.6,154,Unhealthy,58.0,UG/M3,1 Hr,Valid
Hyderabad,PM2.5 - Principal,2017-11-28 04:00 PM,2017,11,28,16,55.3,150,Unhealthy for Sensitive Groups,50.0,UG/M3,1 Hr,Valid
Hyderabad,PM2.5 - Principal,2017-11-28 05:00 PM,2017,11,28,17,49.1,134,Unhealthy for Sensitive Groups,43.0,UG/M3,1 Hr,Valid
Hyderabad,PM2.5 - Principal,2017-11-28 06:00 PM,2017,11,28,18,46.0,127,Unhealthy for Sensitive Groups,43.0,UG/M3,1 Hr,Valid
Hyderabad,PM2.5 - Principal,2017-11-28 07:00 PM,2017,11,28,19,59.5,153,Unhealthy,73.0,UG/M3,1 Hr,Valid
Hyderabad,PM2.5 - Principal,2017-11-28 08:00 PM,2017,11,28,20,74.7,161,Unhealthy,90.0,UG/M3,1 Hr,Valid
Hyderabad,PM2.5 - Principal,2017-11-28 09:00 PM,2017,11,28,21,91.8,170,Unhealthy,109.0,UG/M3,1 Hr,Valid
Hyderabad,PM2.5 - Principal,2017-11-28 10:00 PM,2017,11,28,22,100.4,174,Unhealthy,109.0,UG/M3,1 Hr,Valid
Hyderabad,PM2.5 - Principal,2017-11-28 11:00 PM,2017,11,28,23,106.2,177,Unhealthy,112.0,UG/M3,1 Hr,Valid
Hyderabad,PM2.5 - Principal,2017-11-29 12:00 AM,2017,11,29,00,100.1,174,Unhealthy,94.0,UG/M3,1 Hr,Valid
Hyderabad,PM2.5 - Principal,2017-11-29 01:00 AM,2017,11,29,01,85.0,166,Unhealthy,70.0,UG/M3,1 Hr,Valid
Hyderabad,PM2.5 - Principal,2017-11-29 02:00 AM,2017,11,29,02,76.5,162,Unhealthy,68.0,UG/M3,1 Hr,Valid
Hyderabad,PM2.5 - Principal,2017-11-29 03:00 AM,2017,11,29,03,68.7,158,Unhealthy,61.0,UG/M3,1 Hr,Valid
Hyderabad,PM2.5 - Principal,2017-11-29 04:00 AM,2017,11,29,04,67.3,157,Unhealthy,66.0,UG/M3,1 Hr,Valid
Hyderabad,PM2.5 - Principal,2017-11-29 05:00 AM,2017,11,29,05,70.1,159,Unhealthy,73.0,UG/M3,1 Hr,Valid
Hyderabad,PM2.5 - Principal,2017-11-29 06:00 AM,2017,11,29,06,71.1,159,Unhealthy,72.0,UG/M3,1 Hr,Valid
Hyderabad,PM2.5 - Principal,2017-11-29 07:00 AM,2017,11,29,07,77.9,163,Unhealthy,86.0,UG/M3,1 Hr,Valid
Hyderabad,PM2.5 - Principal,2017-11-29 08:00 AM,2017,11,29,08,85.7,167,Unhealthy,95.0,UG/M3,1 Hr,Valid
Hyderabad,PM2.5 - Principal,2017-11-29 09:00 AM,2017,11,29,09,94.0,171,Unhealthy,104.0,UG/M3,1 Hr,Valid
Hyderabad,PM2.5 - Principal,2017-11-29 10:00 AM,2017,11,29,10,93.1,170,Unhealthy,92.0,UG/M3,1 Hr,Valid
Hyderabad,PM2.5 - Principal,2017-11-29 11:00 AM,2017,11,29,11,93.8,171,Unhealthy,96.0,UG/M3,1 Hr,Valid
Hyderabad,PM2.5 - Principal,2017-11-29 12:00 PM,2017,11,29,12,90.6,169,Unhealthy,86.0,UG/M3,1 Hr,Valid
Hyderabad,PM2.5 - Principal,2017-11-29 01:00 PM,2017,11,29,13,81.6,164,Unhealthy,69.0,UG/M3,1 Hr,Valid
Hyderabad,PM2.5 - Principal,2017-11-29 02:00 PM,2017,11,29,14,76.4,162,Unhealthy,69.0,UG/M3,1 Hr,Valid
Hyderabad,PM2.5 - Principal,2017-11-29 03:00 PM,2017,11,29,15,70.7,159,Unhealthy,62.0,UG/M3,1 Hr,Valid
Hyderabad,PM2.5 - Principal,2017-11-29 04:00 PM,2017,11,29,16,63.0,155,Unhealthy,56.0,UG/M3,1 Hr,Valid
Hyderabad,PM2.5 - Principal,2017-11-29 05:00 PM,2017,11,29,17,61.1,154,Unhealthy,59.0,UG/M3,1 Hr,Valid
Hyderabad,PM2.5 - Principal,2017-11-29 06:00 PM,2017,11,29,18,63.8,155,Unhealthy,67.0,UG/M3,1 Hr,Valid
Hyderabad,PM2.5 - Principal,2017-11-29 07:00 PM,2017,11,29,19,65.7,156,Unhealthy,68.0,UG/M3,1 Hr,Valid
Hyderabad,PM2.5 - Principal,2017-11-29 08:00 PM,2017,11,29,20,77.4,162,Unhealthy,91.0,UG/M3,1 Hr,Valid
Hyderabad,PM2.5 - Principal,2017-11-29 09:00 PM,2017,11,29,21,91.7,170,Unhealthy,107.0,UG/M3,1 Hr,Valid
Hyderabad,PM2.5 - Principal,2017-11-29 10:00 PM,2017,11,29,22,98.0,173,Unhealthy,105.0,UG/M3,1 Hr,Valid
Hyderabad,PM2.5 - Principal,2017-11-29 11:00 PM,2017,11,29,23,100.4,174,Unhealthy,103.0,UG/M3,1 Hr,Valid
Hyderabad,PM2.5 - Principal,2017-11-30 12:00 AM,2017,11,30,00,106.9,178,Unhealthy,113.0,UG/M3,1 Hr,Valid
Hyderabad,PM2.5 - Principal,2017-11-30 01:00 AM,2017,11,30,01,102.4,175,Unhealthy,98.0,UG/M3,1 Hr,Valid
Hyderabad,PM2.5 - Principal,2017-11-30 02:00 AM,2017,11,30,02,93.2,170,Unhealthy,84.0,UG/M3,1 Hr,Valid
Hyderabad,PM2.5 - Principal,2017-11-30 03:00 AM,2017,11,30,03,82.1,165,Unhealthy,71.0,UG/M3,1 Hr,Valid
Hyderabad,PM2.5 - Principal,2017-11-30 04:00 AM,2017,11,30,04,80.5,164,Unhealthy,78.0,UG/M3,1 Hr,Valid
Hyderabad,PM2.5 - Principal,2017-11-30 05:00 AM,2017,11,30,05,75.3,161,Unhealthy,66.0,UG/M3,1 Hr,Valid
Hyderabad,PM2.5 - Principal,2017-11-30 06:00 AM,2017,11,30,06,62.5,155,Unhealthy,52.0,UG/M3,1 Hr,Valid
Hyderabad,PM2.5 - Principal,2017-11-30 07:00 AM,2017,11,30,07,64.2,155,Unhealthy,66.0,UG/M3,1 Hr,Valid
Hyderabad,PM2.5 - Principal,2017-11-30 08:00 AM,2017,11,30,08,73.1,160,Unhealthy,82.0,UG/M3,1 Hr,Valid
Hyderabad,PM2.5 - Principal,2017-11-30 09:00 AM,2017,11,30,09,81.0,164,Unhealthy,89.0,UG/M3,1 Hr,Valid
Hyderabad,PM2.5 - Principal,2017-11-30 10:00 AM,2017,11,30,10,85.5,166,Unhealthy,90.0,UG/M3,1 Hr,Valid
Hyderabad,PM2.5 - Principal,2017-11-30 11:00 AM,2017,11,30,11,79.2,163,Unhealthy,73.0,UG/M3,1 Hr,Valid
Hyderabad,PM2.5 - Principal,2017-11-30 12:00 PM,2017,11,30,12,74.4,161,Unhealthy,69.0,UG/M3,1 Hr,Valid
Hyderabad,PM2.5 - Principal,2017-11-30 01:00 PM,2017,11,30,13,71.5,159,Unhealthy,67.0,UG/M3,1 Hr,Valid
Hyderabad,PM2.5 - Principal,2017-11-30 02:00 PM,2017,11,30,14,67.5,157,Unhealthy,62.0,UG/M3,1 Hr,Valid
Hyderabad,PM2.5 - Principal,2017-11-30 03:00 PM,2017,11,30,15,64.3,156,Unhealthy,60.0,UG/M3,1 Hr,Valid
Hyderabad,PM2.5 - Principal,2017-11-30 04:00 PM,2017,11,30,16,63.7,155,Unhealthy,63.0,UG/M3,1 Hr,Valid
Hyderabad,PM2.5 - Principal,2017-11-30 05:00 PM,2017,11,30,17,64.2,155,Unhealthy,65.0,UG/M3,1 Hr,Valid
Hyderabad,PM2.5 - Principal,2017-11-30 06:00 PM,2017,11,30,18,67.6,157,Unhealthy,73.0,UG/M3,1 Hr,Valid
Hyderabad,PM2.5 - Principal,2017-11-30 07:00 PM,2017,11,30,19,72.1,160,Unhealthy,81.0,UG/M3,1 Hr,Valid
Hyderabad,PM2.5 - Principal,2017-11-30 08:00 PM,2017,11,30,20,79.7,163,Unhealthy,93.0,UG/M3,1 Hr,Valid
Hyderabad,PM2.5 - Principal,2017-11-30 09:00 PM,2017,11,30,21,81.9,165,Unhealthy,86.0,UG/M3,1 Hr,Valid
Hyderabad,PM2.5 - Principal,2017-11-30 10:00 PM,2017,11,30,22,77.6,162,Unhealthy,70.0,UG/M3,1 Hr,Valid
Hyderabad,PM2.5 - Principal,2017-11-30 11:00 PM,2017,11,30,23,75.6,161,Unhealthy,72.0,UG/M3,1 Hr,Valid
Hyderabad,PM2.5 - Principal,2017-12-01 12:00 AM,2017,12,01,00,86.9,167,Unhealthy,103.0,UG/M3,1 Hr,Valid
Hyderabad,PM2.5 - Principal,2017-12-01 01:00 AM,2017,12,01,01,88.6,168,Unhealthy,91.0,UG/M3,1 Hr,Valid
Hyderabad,PM2.5 - Principal,2017-12-01 02:00 AM,2017,12,01,02,86.7,167,Unhealthy,84.0,UG/M3,1 Hr,Valid
Hyderabad,PM2.5 - Principal,2017-12-01 03:00 AM,2017,12,01,03,80.1,164,Unhealthy,70.0,UG/M3,1 Hr,Valid
Hyderabad,PM2.5 - Principal,2017-12-01 04:00 AM,2017,12,01,04,75.8,161,Unhealthy,68.0,UG/M3,1 Hr,Valid
Hyderabad,PM2.5 - Principal,2017-12-01 05:00 AM,2017,12,01,05,75.9,162,Unhealthy,75.0,UG/M3,1 Hr,Valid
Hyderabad,PM2.5 - Principal,2017-12-01 06:00 AM,2017,12,01,06,76.6,162,Unhealthy,78.0,UG/M3,1 Hr,Valid
Hyderabad,PM2.5 - Principal,2017-12-01 07:00 AM,2017,12,01,07,78.4,163,Unhealthy,82.0,UG/M3,1 Hr,Valid
Hyderabad,PM2.5 - Principal,2017-12-01 08:00 AM,2017,12,01,08,85.1,166,Unhealthy,98.0,UG/M3,1 Hr,Valid
Hyderabad,PM2.5 - Principal,2017-12-01 09:00 AM,2017,12,01,09,95.7,172,Unhealthy,111.0,UG/M3,1 Hr,Valid
Hyderabad,PM2.5 - Principal,2017-12-01 10:00 AM,2017,12,01,10,100.5,174,Unhealthy,108.0,UG/M3,1 Hr,Valid
Hyderabad,PM2.5 - Principal,2017-12-01 11:00 AM,2017,12,01,11,99.9,174,Unhealthy,99.0,UG/M3,1 Hr,Valid
Hyderabad,PM2.5 - Principal,2017-12-01 12:00 PM,2017,12,01,12,98.4,173,Unhealthy,96.0,UG/M3,1 Hr,Valid
Hyderabad,PM2.5 - Principal,2017-12-01 01:00 PM,2017,12,01,13,90.8,169,Unhealthy,79.0,UG/M3,1 Hr,Valid
Hyderabad,PM2.5 - Principal,2017-12-01 02:00 PM,2017,12,01,14,85.5,166,Unhealthy,77.0,UG/M3,1 Hr,Valid
Hyderabad,PM2.5 - Principal,2017-12-01 03:00 PM,2017,12,01,15,81.8,165,Unhealthy,76.0,UG/M3,1 Hr,Valid
Hyderabad,PM2.5 - Principal,2017-12-01 04:00 PM,2017,12,01,16,75.8,161,Unhealthy,67.0,UG/M3,1 Hr,Valid
Hyderabad,PM2.5 - Principal,2017-12-01 05:00 PM,2017,12,01,17,76.6,162,Unhealthy,78.0,UG/M3,1 Hr,Valid
Hyderabad,PM2.5 - Principal,2017-12-01 06:00 PM,2017,12,01,18,69.8,158,Unhealthy,62.0,UG/M3,1 Hr,Valid
Hyderabad,PM2.5 - Principal,2017-12-01 07:00 PM,2017,12,01,19,70.8,159,Unhealthy,72.0,UG/M3,1 Hr,Valid
Hyderabad,PM2.5 - Principal,2017-12-01 08:00 PM,2017,12,01,20,81.0,164,Unhealthy,94.0,UG/M3,1 Hr,Valid
Hyderabad,PM2.5 - Principal,2017-12-01 09:00 PM,2017,12,01,21,91.0,169,Unhealthy,105.0,UG/M3,1 Hr,Valid
Hyderabad,PM2.5 - Principal,2017-12-01 10:00 PM,2017,12,01,22,126.3,188,Unhealthy,159.0,UG/M3,1 Hr,Valid
Hyderabad,PM2.5 - Principal,2017-12-01 11:00 PM,2017,12,01,23,113.1,181,Unhealthy,100.0,UG/M3,1 Hr,Valid
Hyderabad,PM2.5 - Principal,2017-12-02 12:00 AM,2017,12,02,00,108.0,178,Unhealthy,103.0,UG/M3,1 Hr,Valid
Hyderabad,PM2.5 - Principal,2017-12-02 01:00 AM,2017,12,02,01,96.0,172,Unhealthy,84.0,UG/M3,1 Hr,Valid
Hyderabad,PM2.5 - Principal,2017-12-02 02:00 AM,2017,12,02,02,82.5,165,Unhealthy,69.0,UG/M3,1 Hr,Valid
Hyderabad,PM2.5 - Principal,2017-12-02 03:00 AM,2017,12,02,03,80.7,164,Unhealthy,79.0,UG/M3,1 Hr,Valid
Hyderabad,PM2.5 - Principal,2017-12-02 04:00 AM,2017,12,02,04,80.3,164,Unhealthy,80.0,UG/M3,1 Hr,Valid
Hyderabad,PM2.5 - Principal,2017-12-02 05:00 AM,2017,12,02,05,77.1,162,Unhealthy,74.0,UG/M3,1 Hr,Valid
Hyderabad,PM2.5 - Principal,2017-12-02 06:00 AM,2017,12,02,06,75.0,161,Unhealthy,73.0,UG/M3,1 Hr,Valid
Hyderabad,PM2.5 - Principal,2017-12-02 07:00 AM,2017,12,02,07,76.0,162,Unhealthy,77.0,UG/M3,1 Hr,Valid
Hyderabad,PM2.5 - Principal,2017-12-02 08:00 AM,2017,12,02,08,75.0,161,Unhealthy,74.0,UG/M3,1 Hr,Valid
Hyderabad,PM2.5 - Principal,2017-12-02 09:00 AM,2017,12,02,09,76.5,162,Unhealthy,78.0,UG/M3,1 Hr,Valid
Hyderabad,PM2.5 - Principal,2017-12-02 10:00 AM,2017,12,02,10,79.3,163,Unhealthy,85.0,UG/M3,1 Hr,Valid
Hyderabad,PM2.5 - Principal,2017-12-02 11:00 AM,2017,12,02,11,80.5,164,Unhealthy,83.0,UG/M3,1 Hr,Valid
Hyderabad,PM2.5 - Principal,2017-12-02 12:00 PM,2017,12,02,12,79.4,163,Unhealthy,81.0,UG/M3,1 Hr,Valid
Hyderabad,PM2.5 - Principal,2017-12-02 01:00 PM,2017,12,02,13,79.3,163,Unhealthy,79.0,UG/M3,1 Hr,Valid
Hyderabad,PM2.5 - Principal,2017-12-02 02:00 PM,2017,12,02,14,78.7,163,Unhealthy,76.0,UG/M3,1 Hr,Valid
Hyderabad,PM2.5 - Principal,2017-12-02 03:00 PM,2017,12,02,15,76.1,162,Unhealthy,67.0,UG/M3,1 Hr,Valid
Hyderabad,PM2.5 - Principal,2017-12-02 04:00 PM,2017,12,02,16,74.2,161,Unhealthy,68.0,UG/M3,1 Hr,Valid
Hyderabad,PM2.5 - Principal,2017-12-02 05:00 PM,2017,12,02,17,71.7,159,Unhealthy,65.0,UG/M3,1 Hr,Valid
Hyderabad,PM2.5 - Principal,2017-12-02 06:00 PM,2017,12,02,18,71.3,159,Unhealthy,70.0,UG/M3,1 Hr,Valid
Hyderabad,PM2.5 - Principal,2017-12-02 07:00 PM,2017,12,02,19,72.6,160,Unhealthy,77.0,UG/M3,1 Hr,Valid
Hyderabad,PM2.5 - Principal,2017-12-02 08:00 PM,2017,12,02,20,77.8,163,Unhealthy,91.0,UG/M3,1 Hr,Valid
Hyderabad,PM2.5 - Principal,2017-12-02 09:00 PM,2017,12,02,21,101.6,175,Unhealthy,124.0,UG/M3,1 Hr,Valid
Hyderabad,PM2.5 - Principal,2017-12-02 10:00 PM,2017,12,02,22,107.0,178,Unhealthy,113.0,UG/M3,1 Hr,Valid
Hyderabad,PM2.5 - Principal,2017-12-02 11:00 PM,2017,12,02,23,105.1,177,Unhealthy,103.0,UG/M3,1 Hr,Valid
Hyderabad,PM2.5 - Principal,2017-12-03 12:00 AM,2017,12,03,00,102.7,175,Unhealthy,100.0,UG/M3,1 Hr,Valid
Hyderabad,PM2.5 - Principal,2017-12-03 01:00 AM,2017,12,03,01,99.9,174,Unhealthy,97.0,UG/M3,1 Hr,Valid
Hyderabad,PM2.5 - Principal,2017-12-03 02:00 AM,2017,12,03,02,94.7,171,Unhealthy,89.0,UG/M3,1 Hr,Valid
Hyderabad,PM2.5 - Principal,2017-12-03 03:00 AM,2017,12,03,03,102.4,175,Unhealthy,111.0,UG/M3,1 Hr,Valid
Hyderabad,PM2.5 - Principal,2017-12-03 04:00 AM,2017,12,03,04,97.9,173,Unhealthy,93.0,UG/M3,1 Hr,Valid
Hyderabad,PM2.5 - Principal,2017-12-03 05:00 AM,2017,12,03,05,95.4,172,Unhealthy,92.0,UG/M3,1 Hr,Valid
Hyderabad,PM2.5 - Principal,2017-12-03 06:00 AM,2017,12,03,06,98.3,173,Unhealthy,102.0,UG/M3,1 Hr,Valid
Hyderabad,PM2.5 - Principal,2017-12-03 07:00 AM,2017,12,03,07,97.5,173,Unhealthy,95.0,UG/M3,1 Hr,Valid
Hyderabad,PM2.5 - Principal,2017-12-03 08:00 AM,2017,12,03,08,101.4,175,Unhealthy,111.0,UG/M3,1 Hr,Valid
Hyderabad,PM2.5 - Principal,2017-12-03 09:00 AM,2017,12,03,09,104.2,176,Unhealthy,115.0,UG/M3,1 Hr,Valid
Hyderabad,PM2.5 - Principal,2017-12-03 10:00 AM,2017,12,03,10,109.6,179,Unhealthy,122.0,UG/M3,1 Hr,Valid
Hyderabad,PM2.5 - Principal,2017-12-03 11:00 AM,2017,12,03,11,106.7,177,Unhealthy,99.0,UG/M3,1 Hr,Valid
Hyderabad,PM2.5 - Principal,2017-12-03 12:00 PM,2017,12,03,12,101.5,175,Unhealthy,88.0,UG/M3,1 Hr,Valid
Hyderabad,PM2.5 - Principal,2017-12-03 01:00 PM,2017,12,03,13,87.5,168,Unhealthy,71.0,UG/M3,1 Hr,Valid
Hyderabad,PM2.5 - Principal,2017-12-03 02:00 PM,2017,12,03,14,79.0,163,Unhealthy,69.0,UG/M3,1 Hr,Valid
Hyderabad,PM2.5 - Principal,2017-12-03 03:00 PM,2017,12,03,15,67.3,157,Unhealthy,58.0,UG/M3,1 Hr,Valid
Hyderabad,PM2.5 - Principal,2017-12-03 04:00 PM,2017,12,03,16,61.1,154,Unhealthy,55.0,UG/M3,1 Hr,Valid
Hyderabad,PM2.5 - Principal,2017-12-03 05:00 PM,2017,12,03,17,70.0,158,Unhealthy,79.0,UG/M3,1 Hr,Valid
Hyderabad,PM2.5 - Principal,2017-12-03 06:00 PM,2017,12,03,18,75.0,161,Unhealthy,80.0,UG/M3,1 Hr,Valid
Hyderabad,PM2.5 - Principal,2017-12-03 07:00 PM,2017,12,03,19,70.5,159,Unhealthy,66.0,UG/M3,1 Hr,Valid
Hyderabad,PM2.5 - Principal,2017-12-03 08:00 PM,2017,12,03,20,75.7,161,Unhealthy,81.0,UG/M3,1 Hr,Valid
Hyderabad,PM2.5 - Principal,2017-12-03 09:00 PM,2017,12,03,21,91.8,170,Unhealthy,108.0,UG/M3,1 Hr,Valid
Hyderabad,PM2.5 - Principal,2017-12-03 10:00 PM,2017,12,03,22,96.1,172,Unhealthy,101.0,UG/M3,1 Hr,Valid
Hyderabad,PM2.5 - Principal,2017-12-03 11:00 PM,2017,12,03,23,100.0,174,Unhealthy,104.0,UG/M3,1 Hr,Valid
Hyderabad,PM2.5 - Principal,2017-12-04 12:00 AM,2017,12,04,00,95.1,171,Unhealthy,90.0,UG/M3,1 Hr,Valid
Hyderabad,PM2.5 - Principal,2017-12-04 01:00 AM,2017,12,04,01,99.9,174,Unhealthy,105.0,UG/M3,1 Hr,Valid
Hyderabad,PM2.5 - Principal,2017-12-04 02:00 AM,2017,12,04,02,93.6,171,Unhealthy,87.0,UG/M3,1 Hr,Valid
Hyderabad,PM2.5 - Principal,2017-12-04 03:00 AM,2017,12,04,03,95.7,172,Unhealthy,98.0,UG/M3,1 Hr,Valid
Hyderabad,PM2.5 - Principal,2017-12-04 04:00 AM,2017,12,04,04,93.8,171,Unhealthy,91.0,UG/M3,1 Hr,Valid
Hyderabad,PM2.5 - Principal,2017-12-04 05:00 AM,2017,12,04,05,96.2,172,Unhealthy,100.0,UG/M3,1 Hr,Valid
Hyderabad,PM2.5 - Principal,2017-12-04 06:00 AM,2017,12,04,06,93.8,171,Unhealthy,90.0,UG/M3,1 Hr,Valid
Hyderabad,PM2.5 - Principal,2017-12-04 07:00 AM,2017,12,04,07,93.4,171,Unhealthy,90.0,UG/M3,1 Hr,Valid
Hyderabad,PM2.5 - Principal,2017-12-04 08:00 AM,2017,12,04,08,94.7,171,Unhealthy,97.0,UG/M3,1 Hr,Valid
Hyderabad,PM2.5 - Principal,2017-12-04 09:00 AM,2017,12,04,09,95.0,171,Unhealthy,97.0,UG/M3,1 Hr,Valid
Hyderabad,PM2.5 - Principal,2017-12-04 10:00 AM,2017,12,04,10,98.9,173,Unhealthy,112.0,UG/M3,1 Hr,Valid
Hyderabad,PM2.5 - Principal,2017-12-04 11:00 AM,2017,12,04,11,96.0,172,Unhealthy,87.0,UG/M3,1 Hr,Valid
Hyderabad,PM2.5 - Principal,2017-12-04 12:00 PM,2017,12,04,12,90.1,169,Unhealthy,77.0,UG/M3,1 Hr,Valid
Hyderabad,PM2.5 - Principal,2017-12-04 01:00 PM,2017,12,04,13,83.6,166,Unhealthy,73.0,UG/M3,1 Hr,Valid
Hyderabad,PM2.5 - Principal,2017-12-04 02:00 PM,2017,12,04,14,81.3,164,Unhealthy,77.0,UG/M3,1 Hr,Valid
Hyderabad,PM2.5 - Principal,2017-12-04 03:00 PM,2017,12,04,15,72.8,160,Unhealthy,64.0,UG/M3,1 Hr,Valid
Hyderabad,PM2.5 - Principal,2017-12-04 04:00 PM,2017,12,04,16,70.3,159,Unhealthy,67.0,UG/M3,1 Hr,Valid
Hyderabad,PM2.5 - Principal,2017-12-04 05:00 PM,2017,12,04,17,72.3,160,Unhealthy,75.0,UG/M3,1 Hr,Valid
Hyderabad,PM2.5 - Principal,2017-12-04 06:00 PM,2017,12,04,18,74.3,161,Unhealthy,77.0,UG/M3,1 Hr,Valid
Hyderabad,PM2.5 - Principal,2017-12-04 07:00 PM,2017,12,04,19,78.0,163,Unhealthy,83.0,UG/M3,1 Hr,Valid
Hyderabad,PM2.5 - Principal,2017-12-04 08:00 PM,2017,12,04,20,91.3,169,Unhealthy,109.0,UG/M3,1 Hr,Valid
Hyderabad,PM2.5 - Principal,2017-12-04 09:00 PM,2017,12,04,21,111.4,180,Unhealthy,129.0,UG/M3,1 Hr,Valid
Hyderabad,PM2.5 - Principal,2017-12-04 10:00 PM,2017,12,04,22,120.7,185,Unhealthy,130.0,UG/M3,1 Hr,Valid
Hyderabad,PM2.5 - Principal,2017-12-04 11:00 PM,2017,12,04,23,122.8,186,Unhealthy,125.0,UG/M3,1 Hr,Valid
Hyderabad,PM2.5 - Principal,2017-12-05 12:00 AM,2017,12,05,00,126.4,188,Unhealthy,130.0,UG/M3,1 Hr,Valid
Hyderabad,PM2.5 - Principal,2017-12-05 01:00 AM,2017,12,05,01,129.7,189,Unhealthy,133.0,UG/M3,1 Hr,Valid
Hyderabad,PM2.5 - Principal,2017-12-05 02:00 AM,2017,12,05,02,121.8,185,Unhealthy,114.0,UG/M3,1 Hr,Valid
Hyderabad,PM2.5 - Principal,2017-12-05 03:00 AM,2017,12,05,03,102.1,175,Unhealthy,82.0,UG/M3,1 Hr,Valid
Hyderabad,PM2.5 - Principal,2017-12-05 04:00 AM,2017,12,05,04,92.1,170,Unhealthy,76.0,UG/M3,1 Hr,Valid
Hyderabad,PM2.5 - Principal,2017-12-05 05:00 AM,2017,12,05,05,76.9,162,Unhealthy,65.0,UG/M3,1 Hr,Valid
Hyderabad,PM2.5 - Principal,2017-12-05 06:00 AM,2017,12,05,06,73.9,161,Unhealthy,71.0,UG/M3,1 Hr,Valid
Hyderabad,PM2.5 - Principal,2017-12-05 07:00 AM,2017,12,05,07,73.9,161,Unhealthy,74.0,UG/M3,1 Hr,Valid
Hyderabad,PM2.5 - Principal,2017-12-05 08:00 AM,2017,12,05,08,78.9,163,Unhealthy,84.0,UG/M3,1 Hr,Valid
Hyderabad,PM2.5 - Principal,2017-12-05 09:00 AM,2017,12,05,09,81.9,165,Unhealthy,85.0,UG/M3,1 Hr,Valid
Hyderabad,PM2.5 - Principal,2017-12-05 10:00 AM,2017,12,05,10,91.9,170,Unhealthy,102.0,UG/M3,1 Hr,Valid
Hyderabad,PM2.5 - Principal,2017-12-05 11:00 AM,2017,12,05,11,120.9,185,Unhealthy,150.0,UG/M3,1 Hr,Valid
Hyderabad,PM2.5 - Principal,2017-12-05 12:00 PM,2017,12,05,12,91.4,170,Unhealthy,62.0,UG/M3,1 Hr,Valid
Hyderabad,PM2.5 - Principal,2017-12-05 01:00 PM,2017,12,05,13,71.2,159,Unhealthy,51.0,UG/M3,1 Hr,Valid
Hyderabad,PM2.5 - Principal,2017-12-05 02:00 PM,2017,12,05,14,59.1,153,Unhealthy,47.0,UG/M3,1 Hr,Valid
Hyderabad,PM2.5 - Principal,2017-12-05 03:00 PM,2017,12,05,15,52.0,142,Unhealthy for Sensitive Groups,45.0,UG/M3,1 Hr,Valid
Hyderabad,PM2.5 - Principal,2017-12-05 04:00 PM,2017,12,05,16,55.0,149,Unhealthy for Sensitive Groups,58.0,UG/M3,1 Hr,Valid
Hyderabad,PM2.5 - Principal,2017-12-05 05:00 PM,2017,12,05,17,54.0,147,Unhealthy for Sensitive Groups,53.0,UG/M3,1 Hr,Valid
Hyderabad,PM2.5 - Principal,2017-12-05 06:00 PM,2017,12,05,18,57.0,152,Unhealthy,60.0,UG/M3,1 Hr,Valid
Hyderabad,PM2.5 - Principal,2017-12-05 07:00 PM,2017,12,05,19,58.0,152,Unhealthy,59.0,UG/M3,1 Hr,Valid
Hyderabad,PM2.5 - Principal,2017-12-05 08:00 PM,2017,12,05,20,65.4,156,Unhealthy,73.0,UG/M3,1 Hr,Valid
Hyderabad,PM2.5 - Principal,2017-12-05 09:00 PM,2017,12,05,21,71.7,159,Unhealthy,78.0,UG/M3,1 Hr,Valid
Hyderabad,PM2.5 - Principal,2017-12-05 10:00 PM,2017,12,05,22,73.8,160,Unhealthy,76.0,UG/M3,1 Hr,Valid
Hyderabad,PM2.5 - Principal,2017-12-05 11:00 PM,2017,12,05,23,72.7,160,Unhealthy,73.0,UG/M3,1 Hr,Valid
Hyderabad,PM2.5 - Principal,2017-12-06 12:00 AM,2017,12,06,00,71.1,159,Unhealthy,69.0,UG/M3,1 Hr,Valid
Hyderabad,PM2.5 - Principal,2017-12-06 01:00 AM,2017,12,06,01,66.0,156,Unhealthy,59.0,UG/M3,1 Hr,Valid
Hyderabad,PM2.5 - Principal,2017-12-06 02:00 AM,2017,12,06,02,63.4,155,Unhealthy,60.0,UG/M3,1 Hr,Valid
Hyderabad,PM2.5 - Principal,2017-12-06 03:00 AM,2017,12,06,03,63.5,155,Unhealthy,61.0,UG/M3,1 Hr,Valid
Hyderabad,PM2.5 - Principal,2017-12-06 04:00 AM,2017,12,06,04,64.9,156,Unhealthy,68.0,UG/M3,1 Hr,Valid
Hyderabad,PM2.5 - Principal,2017-12-06 05:00 AM,2017,12,06,05,61.6,154,Unhealthy,54.0,UG/M3,1 Hr,Valid
Hyderabad,PM2.5 - Principal,2017-12-06 06:00 AM,2017,12,06,06,59.8,153,Unhealthy,56.0,UG/M3,1 Hr,Valid
Hyderabad,PM2.5 - Principal,2017-12-06 07:00 AM,2017,12,06,07,59.6,153,Unhealthy,59.0,UG/M3,1 Hr,Valid
Hyderabad,PM2.5 - Principal,2017-12-06 08:00 AM,2017,12,06,08,61.8,154,Unhealthy,67.0,UG/M3,1 Hr,Valid
Hyderabad,PM2.5 - Principal,2017-12-06 09:00 AM,2017,12,06,09,64.7,156,Unhealthy,72.0,UG/M3,1 Hr,Valid
Hyderabad,PM2.5 - Principal,2017-12-06 10:00 AM,2017,12,06,10,68.0,157,Unhealthy,76.0,UG/M3,1 Hr,Valid
Hyderabad,PM2.5 - Principal,2017-12-06 11:00 AM,2017,12,06,11,69.4,158,Unhealthy,73.0,UG/M3,1 Hr,Valid
Hyderabad,PM2.5 - Principal,2017-12-06 12:00 PM,2017,12,06,12,66.0,156,Unhealthy,58.0,UG/M3,1 Hr,Valid
Hyderabad,PM2.5 - Principal,2017-12-06 01:00 PM,2017,12,06,13,62.8,155,Unhealthy,55.0,UG/M3,1 Hr,Valid
Hyderabad,PM2.5 - Principal,2017-12-06 02:00 PM,2017,12,06,14,51.6,141,Unhealthy for Sensitive Groups,41.0,UG/M3,1 Hr,Valid
Hyderabad,PM2.5 - Principal,2017-12-06 03:00 PM,2017,12,06,15,49.4,135,Unhealthy for Sensitive Groups,47.0,UG/M3,1 Hr,Valid
Hyderabad,PM2.5 - Principal,2017-12-06 04:00 PM,2017,12,06,16,44.1,122,Unhealthy for Sensitive Groups,39.0,UG/M3,1 Hr,Valid
Hyderabad,PM2.5 - Principal,2017-12-06 05:00 PM,2017,12,06,17,43.5,121,Unhealthy for Sensitive Groups,43.0,UG/M3,1 Hr,Valid
Hyderabad,PM2.5 - Principal,2017-12-06 06:00 PM,2017,12,06,18,44.2,122,Unhealthy for Sensitive Groups,45.0,UG/M3,1 Hr,Valid
Hyderabad,PM2.5 - Principal,2017-12-06 07:00 PM,2017,12,06,19,53.3,145,Unhealthy for Sensitive Groups,63.0,UG/M3,1 Hr,Valid
Hyderabad,PM2.5 - Principal,2017-12-06 08:00 PM,2017,12,06,20,72.8,160,Unhealthy,92.0,UG/M3,1 Hr,Valid
Hyderabad,PM2.5 - Principal,2017-12-06 09:00 PM,2017,12,06,21,77.9,163,Unhealthy,83.0,UG/M3,1 Hr,Valid
Hyderabad,PM2.5 - Principal,2017-12-06 10:00 PM,2017,12,06,22,78.9,163,Unhealthy,80.0,UG/M3,1 Hr,Valid
Hyderabad,PM2.5 - Principal,2017-12-06 11:00 PM,2017,12,06,23,78.4,163,Unhealthy,78.0,UG/M3,1 Hr,Valid
Hyderabad,PM2.5 - Principal,2017-12-07 12:00 AM,2017,12,07,00,84.2,166,Unhealthy,90.0,UG/M3,1 Hr,Valid
Hyderabad,PM2.5 - Principal,2017-12-07 01:00 AM,2017,12,07,01,87.6,168,Unhealthy,91.0,UG/M3,1 Hr,Valid
Hyderabad,PM2.5 - Principal,2017-12-07 02:00 AM,2017,12,07,02,91.8,170,Unhealthy,96.0,UG/M3,1 Hr,Valid
Hyderabad,PM2.5 - Principal,2017-12-07 03:00 AM,2017,12,07,03,93.4,171,Unhealthy,95.0,UG/M3,1 Hr,Valid
Hyderabad,PM2.5 - Principal,2017-12-07 04:00 AM,2017,12,07,04,91.7,170,Unhealthy,90.0,UG/M3,1 Hr,Valid
Hyderabad,PM2.5 - Principal,2017-12-07 05:00 AM,2017,12,07,05,98.3,173,Unhealthy,105.0,UG/M3,1 Hr,Valid
Hyderabad,PM2.5 - Principal,2017-12-07 06:00 AM,2017,12,07,06,101.6,175,Unhealthy,108.0,UG/M3,1 Hr,Valid
Hyderabad,PM2.5 - Principal,2017-12-07 07:00 AM,2017,12,07,07,99.8,174,Unhealthy,103.0,UG/M3,1 Hr,Valid
Hyderabad,PM2.5 - Principal,2017-12-07 08:00 AM,2017,12,07,08,106.3,177,Unhealthy,117.0,UG/M3,1 Hr,Valid
Hyderabad,PM2.5 - Principal,2017-12-07 09:00 AM,2017,12,07,09,120.9,185,Unhealthy,137.0,UG/M3,1 Hr,Valid
Hyderabad,PM2.5 - Principal,2017-12-07 10:00 AM,2017,12,07,10,124.4,187,Unhealthy,129.0,UG/M3,1 Hr,Valid
Hyderabad,PM2.5 - Principal,2017-12-07 11:00 AM,2017,12,07,11,115.7,182,Unhealthy,105.0,UG/M3,1 Hr,Valid
Hyderabad,PM2.5 - Principal,2017-12-07 12:00 PM,2017,12,07,12,115.2,182,Unhealthy,114.0,UG/M3,1 Hr,Valid
Hyderabad,PM2.5 - Principal,2017-12-07 01:00 PM,2017,12,07,13,99.8,174,Unhealthy,79.0,UG/M3,1 Hr,Valid
Hyderabad,PM2.5 - Principal,2017-12-07 02:00 PM,2017,12,07,14,99.8,174,Unhealthy,-999.0,UG/M3,1 Hr,Missing
Hyderabad,PM2.5 - Principal,2017-12-07 03:00 PM,2017,12,07,15,74.2,161,Unhealthy,63.0,UG/M3,1 Hr,Valid
Hyderabad,PM2.5 - Principal,2017-12-07 04:00 PM,2017,12,07,16,61.5,154,Unhealthy,52.0,UG/M3,1 Hr,Valid
Hyderabad,PM2.5 - Principal,2017-12-07 05:00 PM,2017,12,07,17,60.7,154,Unhealthy,60.0,UG/M3,1 Hr,Valid
Hyderabad,PM2.5 - Principal,2017-12-07 06:00 PM,2017,12,07,18,60.8,154,Unhealthy,61.0,UG/M3,1 Hr,Valid
Hyderabad,PM2.5 - Principal,2017-12-07 07:00 PM,2017,12,07,19,69.0,158,Unhealthy,77.0,UG/M3,1 Hr,Valid
Hyderabad,PM2.5 - Principal,2017-12-07 08:00 PM,2017,12,07,20,91.1,169,Unhealthy,113.0,UG/M3,1 Hr,Valid
Hyderabad,PM2.5 - Principal,2017-12-07 09:00 PM,2017,12,07,21,92.0,170,Unhealthy,93.0,UG/M3,1 Hr,Valid
Hyderabad,PM2.5 - Principal,2017-12-07 10:00 PM,2017,12,07,22,92.5,170,Unhealthy,93.0,UG/M3,1 Hr,Valid
Hyderabad,PM2.5 - Principal,2017-12-07 11:00 PM,2017,12,07,23,91.7,170,Unhealthy,91.0,UG/M3,1 Hr,Valid
Hyderabad,PM2.5 - Principal,2017-12-08 12:00 AM,2017,12,08,00,92.8,170,Unhealthy,94.0,UG/M3,1 Hr,Valid
Hyderabad,PM2.5 - Principal,2017-12-08 01:00 AM,2017,12,08,01,95.4,172,Unhealthy,98.0,UG/M3,1 Hr,Valid
Hyderabad,PM2.5 - Principal,2017-12-08 02:00 AM,2017,12,08,02,92.7,170,Unhealthy,90.0,UG/M3,1 Hr,Valid
Hyderabad,PM2.5 - Principal,2017-12-08 03:00 AM,2017,12,08,03,87.8,168,Unhealthy,83.0,UG/M3,1 Hr,Valid
Hyderabad,PM2.5 - Principal,2017-12-08 04:00 AM,2017,12,08,04,86.6,167,Unhealthy,85.0,UG/M3,1 Hr,Valid
Hyderabad,PM2.5 - Principal,2017-12-08 05:00 AM,2017,12,08,05,88.2,168,Unhealthy,90.0,UG/M3,1 Hr,Valid
Hyderabad,PM2.5 - Principal,2017-12-08 06:00 AM,2017,12,08,06,95.6,172,Unhealthy,110.0,UG/M3,1 Hr,Valid
Hyderabad,PM2.5 - Principal,2017-12-08 07:00 AM,2017,12,08,07,105.8,177,Unhealthy,125.0,UG/M3,1 Hr,Valid
Hyderabad,PM2.5 - Principal,2017-12-08 08:00 AM,2017,12,08,08,122.0,185,Unhealthy,141.0,UG/M3,1 Hr,Valid
Hyderabad,PM2.5 - Principal,2017-12-08 09:00 AM,2017,12,08,09,147.2,198,Unhealthy,168.0,UG/M3,1 Hr,Valid
Hyderabad,PM2.5 - Principal,2017-12-08 10:00 AM,2017,12,08,10,150.6,201,Very Unhealthy,154.0,UG/M3,1 Hr,Valid
Hyderabad,PM2.5 - Principal,2017-12-08 11:00 AM,2017,12,08,11,135.8,192,Unhealthy,121.0,UG/M3,1 Hr,Valid
Hyderabad,PM2.5 - Principal,2017-12-08 12:00 PM,2017,12,08,12,119.9,184,Unhealthy,104.0,UG/M3,1 Hr,Valid
Hyderabad,PM2.5 - Principal,2017-12-08 01:00 PM,2017,12,08,13,110.4,179,Unhealthy,101.0,UG/M3,1 Hr,Valid
Hyderabad,PM2.5 - Principal,2017-12-08 02:00 PM,2017,12,08,14,93.7,171,Unhealthy,77.0,UG/M3,1 Hr,Valid
Hyderabad,PM2.5 - Principal,2017-12-08 03:00 PM,2017,12,08,15,74.8,161,Unhealthy,56.0,UG/M3,1 Hr,Valid
Hyderabad,PM2.5 - Principal,2017-12-08 04:00 PM,2017,12,08,16,55.9,151,Unhealthy,37.0,UG/M3,1 Hr,Valid
Hyderabad,PM2.5 - Principal,2017-12-08 05:00 PM,2017,12,08,17,48.9,134,Unhealthy for Sensitive Groups,42.0,UG/M3,1 Hr,Valid
Hyderabad,PM2.5 - Principal,2017-12-08 06:00 PM,2017,12,08,18,56.9,152,Unhealthy,65.0,UG/M3,1 Hr,Valid
Hyderabad,PM2.5 - Principal,2017-12-08 07:00 PM,2017,12,08,19,66.9,157,Unhealthy,77.0,UG/M3,1 Hr,Valid
Hyderabad,PM2.5 - Principal,2017-12-08 08:00 PM,2017,12,08,20,94.9,171,Unhealthy,123.0,UG/M3,1 Hr,Valid
Hyderabad,PM2.5 - Principal,2017-12-08 09:00 PM,2017,12,08,21,102.4,175,Unhealthy,110.0,UG/M3,1 Hr,Valid
Hyderabad,PM2.5 - Principal,2017-12-08 10:00 PM,2017,12,08,22,105.7,177,Unhealthy,109.0,UG/M3,1 Hr,Valid
Hyderabad,PM2.5 - Principal,2017-12-08 11:00 PM,2017,12,08,23,114.3,181,Unhealthy,123.0,UG/M3,1 Hr,Valid
Hyderabad,PM2.5 - Principal,2017-12-09 12:00 AM,2017,12,09,00,105.6,177,Unhealthy,97.0,UG/M3,1 Hr,Valid
Hyderabad,PM2.5 - Principal,2017-12-09 01:00 AM,2017,12,09,01,101.3,175,Unhealthy,97.0,UG/M3,1 Hr,Valid
Hyderabad,PM2.5 - Principal,2017-12-09 02:00 AM,2017,12,09,02,96.6,172,Unhealthy,92.0,UG/M3,1 Hr,Valid
Hyderabad,PM2.5 - Principal,2017-12-09 03:00 AM,2017,12,09,03,95.8,172,Unhealthy,95.0,UG/M3,1 Hr,Valid
Hyderabad,PM2.5 - Principal,2017-12-09 04:00 AM,2017,12,09,04,101.9,175,Unhealthy,108.0,UG/M3,1 Hr,Valid
Hyderabad,PM2.5 - Principal,2017-12-09 05:00 AM,2017,12,09,05,101.3,175,Unhealthy,101.0,UG/M3,1 Hr,Valid
Hyderabad,PM2.5 - Principal,2017-12-09 06:00 AM,2017,12,09,06,104.9,177,Unhealthy,111.0,UG/M3,1 Hr,Valid
Hyderabad,PM2.5 - Principal,2017-12-09 07:00 AM,2017,12,09,07,106.2,177,Unhealthy,112.0,UG/M3,1 Hr,Valid
Hyderabad,PM2.5 - Principal,2017-12-09 08:00 AM,2017,12,09,08,111.3,180,Unhealthy,125.0,UG/M3,1 Hr,Valid
Hyderabad,PM2.5 - Principal,2017-12-09 09:00 AM,2017,12,09,09,115.0,182,Unhealthy,125.0,UG/M3,1 Hr,Valid
Hyderabad,PM2.5 - Principal,2017-12-09 10:00 AM,2017,12,09,10,112.6,180,Unhealthy,106.0,UG/M3,1 Hr,Valid
Hyderabad,PM2.5 - Principal,2017-12-09 11:00 AM,2017,12,09,11,104.1,176,Unhealthy,85.0,UG/M3,1 Hr,Valid
Hyderabad,PM2.5 - Principal,2017-12-09 12:00 PM,2017,12,09,12,84.0,166,Unhealthy,66.0,UG/M3,1 Hr,Valid
Hyderabad,PM2.5 - Principal,2017-12-09 01:00 PM,2017,12,09,13,72.9,160,Unhealthy,63.0,UG/M3,1 Hr,Valid
Hyderabad,PM2.5 - Principal,2017-12-09 02:00 PM,2017,12,09,14,59.3,153,Unhealthy,46.0,UG/M3,1 Hr,Valid
Hyderabad,PM2.5 - Principal,2017-12-09 03:00 PM,2017,12,09,15,52.6,143,Unhealthy for Sensitive Groups,46.0,UG/M3,1 Hr,Valid
Hyderabad,PM2.5 - Principal,2017-12-09 04:00 PM,2017,12,09,16,49.3,135,Unhealthy for Sensitive Groups,46.0,UG/M3,1 Hr,Valid
Hyderabad,PM2.5 - Principal,2017-12-09 05:00 PM,2017,12,09,17,62.1,154,Unhealthy,75.0,UG/M3,1 Hr,Valid
Hyderabad,PM2.5 - Principal,2017-12-09 06:00 PM,2017,12,09,18,58.5,153,Unhealthy,55.0,UG/M3,1 Hr,Valid
Hyderabad,PM2.5 - Principal,2017-12-09 07:00 PM,2017,12,09,19,57.2,152,Unhealthy,56.0,UG/M3,1 Hr,Valid
Hyderabad,PM2.5 - Principal,2017-12-09 08:00 PM,2017,12,09,20,68.1,158,Unhealthy,79.0,UG/M3,1 Hr,Valid
Hyderabad,PM2.5 - Principal,2017-12-09 09:00 PM,2017,12,09,21,85.0,166,Unhealthy,102.0,UG/M3,1 Hr,Valid
Hyderabad,PM2.5 - Principal,2017-12-09 10:00 PM,2017,12,09,22,83.0,165,Unhealthy,81.0,UG/M3,1 Hr,Valid
Hyderabad,PM2.5 - Principal,2017-12-09 11:00 PM,2017,12,09,23,82.5,165,Unhealthy,82.0,UG/M3,1 Hr,Valid
Hyderabad,PM2.5 - Principal,2017-12-10 12:00 AM,2017,12,10,00,74.7,161,Unhealthy,67.0,UG/M3,1 Hr,Valid
Hyderabad,PM2.5 - Principal,2017-12-10 01:00 AM,2017,12,10,01,64.8,156,Unhealthy,55.0,UG/M3,1 Hr,Valid
Hyderabad,PM2.5 - Principal,2017-12-10 02:00 AM,2017,12,10,02,61.9,154,Unhealthy,59.0,UG/M3,1 Hr,Valid
Hyderabad,PM2.5 - Principal,2017-12-10 03:00 AM,2017,12,10,03,60.9,154,Unhealthy,60.0,UG/M3,1 Hr,Valid
Hyderabad,PM2.5 - Principal,2017-12-10 04:00 AM,2017,12,10,04,57.8,152,Unhealthy,54.0,UG/M3,1 Hr,Valid
Hyderabad,PM2.5 - Principal,2017-12-10 05:00 AM,2017,12,10,05,56.9,152,Unhealthy,56.0,UG/M3,1 Hr,Valid
Hyderabad,PM2.5 - Principal,2017-12-10 06:00 AM,2017,12,10,06,66.4,157,Unhealthy,77.0,UG/M3,1 Hr,Valid
Hyderabad,PM2.5 - Principal,2017-12-10 07:00 AM,2017,12,10,07,51.9,141,Unhealthy for Sensitive Groups,37.0,UG/M3,1 Hr,Valid
Hyderabad,PM2.5 - Principal,2017-12-10 08:00 AM,2017,12,10,08,48.4,133,Unhealthy for Sensitive Groups,45.0,UG/M3,1 Hr,Valid
Hyderabad,PM2.5 - Principal,2017-12-10 09:00 AM,2017,12,10,09,50.2,137,Unhealthy for Sensitive Groups,52.0,UG/M3,1 Hr,Valid
Hyderabad,PM2.5 - Principal,2017-12-10 10:00 AM,2017,12,10,10,46.6,128,Unhealthy for Sensitive Groups,43.0,UG/M3,1 Hr,Valid
Hyderabad,PM2.5 - Principal,2017-12-10 11:00 AM,2017,12,10,11,37.7,106,Unhealthy for Sensitive Groups,29.0,UG/M3,1 Hr,Valid
Hyderabad,PM2.5 - Principal,2017-12-10 12:00 PM,2017,12,10,12,33.8,97,Moderate,30.0,UG/M3,1 Hr,Valid
Hyderabad,PM2.5 - Principal,2017-12-10 01:00 PM,2017,12,10,13,30.4,89,Moderate,27.0,UG/M3,1 Hr,Valid
Hyderabad,PM2.5 - Principal,2017-12-10 02:00 PM,2017,12,10,14,29.7,88,Moderate,29.0,UG/M3,1 Hr,Valid
Hyderabad,PM2.5 - Principal,2017-12-10 03:00 PM,2017,12,10,15,28.8,86,Moderate,28.0,UG/M3,1 Hr,Valid
Hyderabad,PM2.5 - Principal,2017-12-10 04:00 PM,2017,12,10,16,28.4,85,Moderate,28.0,UG/M3,1 Hr,Valid
Hyderabad,PM2.5 - Principal,2017-12-10 05:00 PM,2017,12,10,17,33.2,95,Moderate,38.0,UG/M3,1 Hr,Valid
Hyderabad,PM2.5 - Principal,2017-12-10 06:00 PM,2017,12,10,18,33.0,95,Moderate,33.0,UG/M3,1 Hr,Valid
Hyderabad,PM2.5 - Principal,2017-12-10 07:00 PM,2017,12,10,19,41.6,116,Unhealthy for Sensitive Groups,51.0,UG/M3,1 Hr,Valid
Hyderabad,PM2.5 - Principal,2017-12-10 08:00 PM,2017,12,10,20,58.5,153,Unhealthy,75.0,UG/M3,1 Hr,Valid
Hyderabad,PM2.5 - Principal,2017-12-10 09:00 PM,2017,12,10,21,72.2,160,Unhealthy,86.0,UG/M3,1 Hr,Valid
Hyderabad,PM2.5 - Principal,2017-12-10 10:00 PM,2017,12,10,22,76.1,162,Unhealthy,80.0,UG/M3,1 Hr,Valid
Hyderabad,PM2.5 - Principal,2017-12-10 11:00 PM,2017,12,10,23,77.0,162,Unhealthy,78.0,UG/M3,1 Hr,Valid
Hyderabad,PM2.5 - Principal,2017-12-11 12:00 AM,2017,12,11,00,76.5,162,Unhealthy,76.0,UG/M3,1 Hr,Valid
Hyderabad,PM2.5 - Principal,2017-12-11 01:00 AM,2017,12,11,01,75.7,161,Unhealthy,75.0,UG/M3,1 Hr,Valid
Hyderabad,PM2.5 - Principal,2017-12-11 02:00 AM,2017,12,11,02,73.3,160,Unhealthy,71.0,UG/M3,1 Hr,Valid
Hyderabad,PM2.5 - Principal,2017-12-11 03:00 AM,2017,12,11,03,70.7,159,Unhealthy,68.0,UG/M3,1 Hr,Valid
Hyderabad,PM2.5 - Principal,2017-12-11 04:00 AM,2017,12,11,04,66.8,157,Unhealthy,63.0,UG/M3,1 Hr,Valid
Hyderabad,PM2.5 - Principal,2017-12-11 05:00 AM,2017,12,11,05,67.9,157,Unhealthy,69.0,UG/M3,1 Hr,Valid
Hyderabad,PM2.5 - Principal,2017-12-11 06:00 AM,2017,12,11,06,64.5,156,Unhealthy,59.0,UG/M3,1 Hr,Valid
Hyderabad,PM2.5 - Principal,2017-12-11 07:00 AM,2017,12,11,07,90.0,169,Unhealthy,117.0,UG/M3,1 Hr,Valid
Hyderabad,PM2.5 - Principal,2017-12-11 08:00 AM,2017,12,11,08,121.6,185,Unhealthy,153.0,UG/M3,1 Hr,Valid
Hyderabad,PM2.5 - Principal,2017-12-11 09:00 AM,2017,12,11,09,149.8,200,Unhealthy,178.0,UG/M3,1 Hr,Valid
Hyderabad,PM2.5 - Principal,2017-12-11 10:00 AM,2017,12,11,10,140.9,195,Unhealthy,132.0,UG/M3,1 Hr,Valid
Hyderabad,PM2.5 - Principal,2017-12-11 11:00 AM,2017,12,11,11,92.9,170,Unhealthy,45.0,UG/M3,1 Hr,Valid
Hyderabad,PM2.5 - Principal,2017-12-11 12:00 PM,2017,12,11,12,92.9,170,Unhealthy,-999.0,UG/M3,1 Hr,Missing
Hyderabad,PM2.5 - Principal,2017-12-11 01:00 PM,2017,12,11,13,53.6,146,Unhealthy for Sensitive Groups,34.0,UG/M3,1 Hr,Valid
Hyderabad,PM2.5 - Principal,2017-12-11 02:00 PM,2017,12,11,14,42.4,118,Unhealthy for Sensitive Groups,34.0,UG/M3,1 Hr,Valid
Hyderabad,PM2.5 - Principal,2017-12-11 03:00 PM,2017,12,11,15,35.7,101,Unhealthy for Sensitive Groups,30.0,UG/M3,1 Hr,Valid
Hyderabad,PM2.5 - Principal,2017-12-11 04:00 PM,2017,12,11,16,32.7,94,Moderate,30.0,UG/M3,1 Hr,Valid
Hyderabad,PM2.5 - Principal,2017-12-11 05:00 PM,2017,12,11,17,35.9,102,Unhealthy for Sensitive Groups,39.0,UG/M3,1 Hr,Valid
Hyderabad,PM2.5 - Principal,2017-12-11 06:00 PM,2017,12,11,18,35.4,100,Moderate,35.0,UG/M3,1 Hr,Valid
Hyderabad,PM2.5 - Principal,2017-12-11 07:00 PM,2017,12,11,19,44.7,124,Unhealthy for Sensitive Groups,54.0,UG/M3,1 Hr,Valid
Hyderabad,PM2.5 - Principal,2017-12-11 08:00 PM,2017,12,11,20,66.9,157,Unhealthy,89.0,UG/M3,1 Hr,Valid
Hyderabad,PM2.5 - Principal,2017-12-11 09:00 PM,2017,12,11,21,105.4,177,Unhealthy,144.0,UG/M3,1 Hr,Valid
Hyderabad,PM2.5 - Principal,2017-12-11 10:00 PM,2017,12,11,22,126.7,188,Unhealthy,148.0,UG/M3,1 Hr,Valid
Hyderabad,PM2.5 - Principal,2017-12-11 11:00 PM,2017,12,11,23,112.3,180,Unhealthy,98.0,UG/M3,1 Hr,Valid
Hyderabad,PM2.5 - Principal,2017-12-12 12:00 AM,2017,12,12,00,102.6,175,Unhealthy,93.0,UG/M3,1 Hr,Valid
Hyderabad,PM2.5 - Principal,2017-12-12 01:00 AM,2017,12,12,01,102.8,175,Unhealthy,103.0,UG/M3,1 Hr,Valid
Hyderabad,PM2.5 - Principal,2017-12-12 02:00 AM,2017,12,12,02,96.9,172,Unhealthy,91.0,UG/M3,1 Hr,Valid
Hyderabad,PM2.5 - Principal,2017-12-12 03:00 AM,2017,12,12,03,110.4,179,Unhealthy,124.0,UG/M3,1 Hr,Valid
Hyderabad,PM2.5 - Principal,2017-12-12 04:00 AM,2017,12,12,04,113.2,181,Unhealthy,116.0,UG/M3,1 Hr,Valid
Hyderabad,PM2.5 - Principal,2017-12-12 05:00 AM,2017,12,12,05,119.1,184,Unhealthy,125.0,UG/M3,1 Hr,Valid
Hyderabad,PM2.5 - Principal,2017-12-12 06:00 AM,2017,12,12,06,127.5,188,Unhealthy,136.0,UG/M3,1 Hr,Valid
Hyderabad,PM2.5 - Principal,2017-12-12 07:00 AM,2017,12,12,07,131.2,190,Unhealthy,141.0,UG/M3,1 Hr,Valid
Hyderabad,PM2.5 - Principal,2017-12-12 08:00 AM,2017,12,12,08,149.7,200,Unhealthy,169.0,UG/M3,1 Hr,Valid
Hyderabad,PM2.5 - Principal,2017-12-12 09:00 AM,2017,12,12,09,198.3,248,Very Unhealthy,245.0,UG/M3,1 Hr,Valid
Hyderabad,PM2.5 - Principal,2017-12-12 10:00 AM,2017,12,12,10,205.6,256,Very Unhealthy,213.0,UG/M3,1 Hr,Valid
Hyderabad,PM2.5 - Principal,2017-12-12 11:00 AM,2017,12,12,11,144.3,197,Unhealthy,83.0,UG/M3,1 Hr,Valid
Hyderabad,PM2.5 - Principal,2017-12-12 12:00 PM,2017,12,12,12,113.1,181,Unhealthy,82.0,UG/M3,1 Hr,Valid
Hyderabad,PM2.5 - Principal,2017-12-12 01:00 PM,2017,12,12,13,91.0,169,Unhealthy,69.0,UG/M3,1 Hr,Valid
Hyderabad,PM2.5 - Principal,2017-12-12 02:00 PM,2017,12,12,14,80.5,164,Unhealthy,70.0,UG/M3,1 Hr,Valid
Hyderabad,PM2.5 - Principal,2017-12-12 03:00 PM,2017,12,12,15,64.2,155,Unhealthy,48.0,UG/M3,1 Hr,Valid
Hyderabad,PM2.5 - Principal,2017-12-12 04:00 PM,2017,12,12,16,54.1,147,Unhealthy for Sensitive Groups,44.0,UG/M3,1 Hr,Valid
Hyderabad,PM2.5 - Principal,2017-12-12 05:00 PM,2017,12,12,17,46.0,127,Unhealthy for Sensitive Groups,38.0,UG/M3,1 Hr,Valid
Hyderabad,PM2.5 - Principal,2017-12-12 06:00 PM,2017,12,12,18,50.0,137,Unhealthy for Sensitive Groups,54.0,UG/M3,1 Hr,Valid
Hyderabad,PM2.5 - Principal,2017-12-12 07:00 PM,2017,12,12,19,54.4,148,Unhealthy for Sensitive Groups,59.0,UG/M3,1 Hr,Valid
Hyderabad,PM2.5 - Principal,2017-12-12 08:00 PM,2017,12,12,20,87.7,168,Unhealthy,121.0,UG/M3,1 Hr,Valid
Hyderabad,PM2.5 - Principal,2017-12-12 09:00 PM,2017,12,12,21,96.3,172,Unhealthy,105.0,UG/M3,1 Hr,Valid
Hyderabad,PM2.5 - Principal,2017-12-12 10:00 PM,2017,12,12,22,105.1,177,Unhealthy,114.0,UG/M3,1 Hr,Valid
Hyderabad,PM2.5 - Principal,2017-12-12 11:00 PM,2017,12,12,23,118.5,184,Unhealthy,132.0,UG/M3,1 Hr,Valid
Hyderabad,PM2.5 - Principal,2017-12-13 12:00 AM,2017,12,13,00,113.7,181,Unhealthy,109.0,UG/M3,1 Hr,Valid
Hyderabad,PM2.5 - Principal,2017-12-13 01:00 AM,2017,12,13,01,114.4,181,Unhealthy,115.0,UG/M3,1 Hr,Valid
Hyderabad,PM2.5 - Principal,2017-12-13 02:00 AM,2017,12,13,02,110.2,179,Unhealthy,106.0,UG/M3,1 Hr,Valid
Hyderabad,PM2.5 - Principal,2017-12-13 03:00 AM,2017,12,13,03,107.6,178,Unhealthy,105.0,UG/M3,1 Hr,Valid
Hyderabad,PM2.5 - Principal,2017-12-13 04:00 AM,2017,12,13,04,125.8,187,Unhealthy,144.0,UG/M3,1 Hr,Valid
Hyderabad,PM2.5 - Principal,2017-12-13 05:00 AM,2017,12,13,05,139.4,194,Unhealthy,153.0,UG/M3,1 Hr,Valid
Hyderabad,PM2.5 - Principal,2017-12-13 06:00 AM,2017,12,13,06,130.2,190,Unhealthy,121.0,UG/M3,1 Hr,Valid
Hyderabad,PM2.5 - Principal,2017-12-13 07:00 AM,2017,12,13,07,122.6,186,Unhealthy,111.0,UG/M3,1 Hr,Valid
Hyderabad,PM2.5 - Principal,2017-12-13 08:00 AM,2017,12,13,08,129.7,189,Unhealthy,145.0,UG/M3,1 Hr,Valid
Hyderabad,PM2.5 - Principal,2017-12-13 09:00 AM,2017,12,13,09,131.8,190,Unhealthy,136.0,UG/M3,1 Hr,Valid
Hyderabad,PM2.5 - Principal,2017-12-13 10:00 AM,2017,12,13,10,131.6,190,Unhealthy,131.0,UG/M3,1 Hr,Valid
Hyderabad,PM2.5 - Principal,2017-12-13 11:00 AM,2017,12,13,11,115.5,182,Unhealthy,91.0,UG/M3,1 Hr,Valid
Hyderabad,PM2.5 - Principal,2017-12-13 12:00 PM,2017,12,13,12,91.9,170,Unhealthy,72.0,UG/M3,1 Hr,Valid
Hyderabad,PM2.5 - Principal,2017-12-13 01:00 PM,2017,12,13,13,77.9,163,Unhealthy,64.0,UG/M3,1 Hr,Valid
Hyderabad,PM2.5 - Principal,2017-12-13 02:00 PM,2017,12,13,14,67.4,157,Unhealthy,57.0,UG/M3,1 Hr,Valid
Hyderabad,PM2.5 - Principal,2017-12-13 03:00 PM,2017,12,13,15,61.2,154,Unhealthy,55.0,UG/M3,1 Hr,Valid
Hyderabad,PM2.5 - Principal,2017-12-13 04:00 PM,2017,12,13,16,57.6,152,Unhealthy,54.0,UG/M3,1 Hr,Valid
Hyderabad,PM2.5 - Principal,2017-12-13 05:00 PM,2017,12,13,17,56.7,152,Unhealthy,56.0,UG/M3,1 Hr,Valid
Hyderabad,PM2.5 - Principal,2017-12-13 06:00 PM,2017,12,13,18,57.8,152,Unhealthy,59.0,UG/M3,1 Hr,Valid
Hyderabad,PM2.5 - Principal,2017-12-13 07:00 PM,2017,12,13,19,64.9,156,Unhealthy,72.0,UG/M3,1 Hr,Valid
Hyderabad,PM2.5 - Principal,2017-12-13 08:00 PM,2017,12,13,20,70.4,159,Unhealthy,76.0,UG/M3,1 Hr,Valid
Hyderabad,PM2.5 - Principal,2017-12-13 09:00 PM,2017,12,13,21,75.7,161,Unhealthy,81.0,UG/M3,1 Hr,Valid
Hyderabad,PM2.5 - Principal,2017-12-13 10:00 PM,2017,12,13,22,77.4,162,Unhealthy,83.0,UG/M3,1 Hr,Valid
Hyderabad,PM2.5 - Principal,2017-12-13 11:00 PM,2017,12,13,23,77.7,162,Unhealthy,81.0,UG/M3,1 Hr,Valid
Hyderabad,PM2.5 - Principal,2017-12-14 12:00 AM,2017,12,14,00,92.7,170,Unhealthy,106.0,UG/M3,1 Hr,Valid
Hyderabad,PM2.5 - Principal,2017-12-14 01:00 AM,2017,12,14,01,108.0,178,Unhealthy,123.0,UG/M3,1 Hr,Valid
Hyderabad,PM2.5 - Principal,2017-12-14 02:00 AM,2017,12,14,02,122.5,186,Unhealthy,137.0,UG/M3,1 Hr,Valid
Hyderabad,PM2.5 - Principal,2017-12-14 03:00 AM,2017,12,14,03,134.2,192,Unhealthy,146.0,UG/M3,1 Hr,Valid
Hyderabad,PM2.5 - Principal,2017-12-14 04:00 AM,2017,12,14,04,144.6,197,Unhealthy,155.0,UG/M3,1 Hr,Valid
Hyderabad,PM2.5 - Principal,2017-12-14 05:00 AM,2017,12,14,05,151.3,202,Very Unhealthy,158.0,UG/M3,1 Hr,Valid
Hyderabad,PM2.5 - Principal,2017-12-14 06:00 AM,2017,12,14,06,138.6,194,Unhealthy,126.0,UG/M3,1 Hr,Valid
Hyderabad,PM2.5 - Principal,2017-12-14 07:00 AM,2017,12,14,07,134.3,192,Unhealthy,130.0,UG/M3,1 Hr,Valid
Hyderabad,PM2.5 - Principal,2017-12-14 08:00 AM,2017,12,14,08,129.3,189,Unhealthy,124.0,UG/M3,1 Hr,Valid
Hyderabad,PM2.5 - Principal,2017-12-14 09:00 AM,2017,12,14,09,126.7,188,Unhealthy,124.0,UG/M3,1 Hr,Valid
Hyderabad,PM2.5 - Principal,2017-12-14 10:00 AM,2017,12,14,10,115.6,182,Unhealthy,104.0,UG/M3,1 Hr,Valid
Hyderabad,PM2.5 - Principal,2017-12-14 11:00 AM,2017,12,14,11,105.6,177,Unhealthy,90.0,UG/M3,1 Hr,Valid
Hyderabad,PM2.5 - Principal,2017-12-14 12:00 PM,2017,12,14,12,93.8,171,Unhealthy,83.0,UG/M3,1 Hr,Valid
Hyderabad,PM2.5 - Principal,2017-12-14 01:00 PM,2017,12,14,13,89.1,168,Unhealthy,84.0,UG/M3,1 Hr,Valid
Hyderabad,PM2.5 - Principal,2017-12-14 02:00 PM,2017,12,14,14,76.1,162,Unhealthy,64.0,UG/M3,1 Hr,Valid
Hyderabad,PM2.5 - Principal,2017-12-14 03:00 PM,2017,12,14,15,62.5,155,Unhealthy,49.0,UG/M3,1 Hr,Valid
Hyderabad,PM2.5 - Principal,2017-12-14 04:00 PM,2017,12,14,16,52.2,142,Unhealthy for Sensitive Groups,42.0,UG/M3,1 Hr,Valid
Hyderabad,PM2.5 - Principal,2017-12-14 05:00 PM,2017,12,14,17,50.1,137,Unhealthy for Sensitive Groups,48.0,UG/M3,1 Hr,Valid
Hyderabad,PM2.5 - Principal,2017-12-14 06:00 PM,2017,12,14,18,50.0,137,Unhealthy for Sensitive Groups,50.0,UG/M3,1 Hr,Valid
Hyderabad,PM2.5 - Principal,2017-12-14 07:00 PM,2017,12,14,19,56.0,151,Unhealthy,62.0,UG/M3,1 Hr,Valid
Hyderabad,PM2.5 - Principal,2017-12-14 08:00 PM,2017,12,14,20,67.0,157,Unhealthy,78.0,UG/M3,1 Hr,Valid
Hyderabad,PM2.5 - Principal,2017-12-14 09:00 PM,2017,12,14,21,72.9,160,Unhealthy,79.0,UG/M3,1 Hr,Valid
Hyderabad,PM2.5 - Principal,2017-12-14 10:00 PM,2017,12,14,22,79.4,163,Unhealthy,86.0,UG/M3,1 Hr,Valid
Hyderabad,PM2.5 - Principal,2017-12-14 11:00 PM,2017,12,14,23,84.2,166,Unhealthy,89.0,UG/M3,1 Hr,Valid
Hyderabad,PM2.5 - Principal,2017-12-15 12:00 AM,2017,12,15,00,94.1,171,Unhealthy,104.0,UG/M3,1 Hr,Valid
Hyderabad,PM2.5 - Principal,2017-12-15 01:00 AM,2017,12,15,01,111.0,180,Unhealthy,128.0,UG/M3,1 Hr,Valid
Hyderabad,PM2.5 - Principal,2017-12-15 02:00 AM,2017,12,15,02,123.5,186,Unhealthy,136.0,UG/M3,1 Hr,Valid
Hyderabad,PM2.5 - Principal,2017-12-15 03:00 AM,2017,12,15,03,123.7,186,Unhealthy,124.0,UG/M3,1 Hr,Valid
Hyderabad,PM2.5 - Principal,2017-12-15 04:00 AM,2017,12,15,04,123.9,186,Unhealthy,124.0,UG/M3,1 Hr,Valid
Hyderabad,PM2.5 - Principal,2017-12-15 05:00 AM,2017,12,15,05,132.4,191,Unhealthy,141.0,UG/M3,1 Hr,Valid
Hyderabad,PM2.5 - Principal,2017-12-15 06:00 AM,2017,12,15,06,134.7,192,Unhealthy,137.0,UG/M3,1 Hr,Valid
Hyderabad,PM2.5 - Principal,2017-12-15 07:00 AM,2017,12,15,07,131.2,190,Unhealthy,128.0,UG/M3,1 Hr,Valid
Hyderabad,PM2.5 - Principal,2017-12-15 08:00 AM,2017,12,15,08,128.0,188,Unhealthy,124.0,UG/M3,1 Hr,Valid
Hyderabad,PM2.5 - Principal,2017-12-15 09:00 AM,2017,12,15,09,106.4,177,Unhealthy,79.0,UG/M3,1 Hr,Valid
Hyderabad,PM2.5 - Principal,2017-12-15 10:00 AM,2017,12,15,10,95.7,172,Unhealthy,82.0,UG/M3,1 Hr,Valid
Hyderabad,PM2.5 - Principal,2017-12-15 11:00 AM,2017,12,15,11,81.9,165,Unhealthy,71.0,UG/M3,1 Hr,Valid
Hyderabad,PM2.5 - Principal,2017-12-15 12:00 PM,2017,12,15,12,78.5,163,Unhealthy,75.0,UG/M3,1 Hr,Valid
Hyderabad,PM2.5 - Principal,2017-12-15 01:00 PM,2017,12,15,13,75.7,161,Unhealthy,73.0,UG/M3,1 Hr,Valid
Hyderabad,PM2.5 - Principal,2017-12-15 02:00 PM,2017,12,15,14,64.8,156,Unhealthy,54.0,UG/M3,1 Hr,Valid
Hyderabad,PM2.5 - Principal,2017-12-15 03:00 PM,2017,12,15,15,62.4,155,Unhealthy,60.0,UG/M3,1 Hr,Valid
Hyderabad,PM2.5 - Principal,2017-12-15 04:00 PM,2017,12,15,16,61.6,154,Unhealthy,61.0,UG/M3,1 Hr,Valid
Hyderabad,PM2.5 - Principal,2017-12-15 05:00 PM,2017,12,15,17,60.8,154,Unhealthy,60.0,UG/M3,1 Hr,Valid
Hyderabad,PM2.5 - Principal,2017-12-15 06:00 PM,2017,12,15,18,64.9,156,Unhealthy,69.0,UG/M3,1 Hr,Valid
Hyderabad,PM2.5 - Principal,2017-12-15 07:00 PM,2017,12,15,19,69.9,158,Unhealthy,75.0,UG/M3,1 Hr,Valid
Hyderabad,PM2.5 - Principal,2017-12-15 08:00 PM,2017,12,15,20,77.8,163,Unhealthy,91.0,UG/M3,1 Hr,Valid
Hyderabad,PM2.5 - Principal,2017-12-15 09:00 PM,2017,12,15,21,86.2,167,Unhealthy,96.0,UG/M3,1 Hr,Valid
Hyderabad,PM2.5 - Principal,2017-12-15 10:00 PM,2017,12,15,22,99.1,174,Unhealthy,110.0,UG/M3,1 Hr,Valid
Hyderabad,PM2.5 - Principal,2017-12-15 11:00 PM,2017,12,15,23,106.5,177,Unhealthy,114.0,UG/M3,1 Hr,Valid
Hyderabad,PM2.5 - Principal,2017-12-16 12:00 AM,2017,12,16,00,109.2,179,Unhealthy,112.0,UG/M3,1 Hr,Valid
Hyderabad,PM2.5 - Principal,2017-12-16 01:00 AM,2017,12,16,01,121.6,185,Unhealthy,134.0,UG/M3,1 Hr,Valid
Hyderabad,PM2.5 - Principal,2017-12-16 02:00 AM,2017,12,16,02,129.3,189,Unhealthy,137.0,UG/M3,1 Hr,Valid
Hyderabad,PM2.5 - Principal,2017-12-16 03:00 AM,2017,12,16,03,134.6,192,Unhealthy,140.0,UG/M3,1 Hr,Valid
Hyderabad,PM2.5 - Principal,2017-12-16 04:00 AM,2017,12,16,04,123.8,186,Unhealthy,113.0,UG/M3,1 Hr,Valid
Hyderabad,PM2.5 - Principal,2017-12-16 05:00 AM,2017,12,16,05,117.4,183,Unhealthy,111.0,UG/M3,1 Hr,Valid
Hyderabad,PM2.5 - Principal,2017-12-16 06:00 AM,2017,12,16,06,107.3,178,Unhealthy,95.0,UG/M3,1 Hr,Valid
Hyderabad,PM2.5 - Principal,2017-12-16 07:00 AM,2017,12,16,07,108.8,179,Unhealthy,105.0,UG/M3,1 Hr,Valid
Hyderabad,PM2.5 - Principal,2017-12-16 08:00 AM,2017,12,16,08,111.6,180,Unhealthy,116.0,UG/M3,1 Hr,Valid
Hyderabad,PM2.5 - Principal,2017-12-16 09:00 AM,2017,12,16,09,129.7,189,Unhealthy,158.0,UG/M3,1 Hr,Valid
Hyderabad,PM2.5 - Principal,2017-12-16 10:00 AM,2017,12,16,10,126.3,188,Unhealthy,121.0,UG/M3,1 Hr,Valid
Hyderabad,PM2.5 - Principal,2017-12-16 11:00 AM,2017,12,16,11,126.3,188,Unhealthy,-999.0,UG/M3,1 Hr,Missing
Hyderabad,PM2.5 - Principal,2017-12-16 12:00 PM,2017,12,16,12,95.2,171,Unhealthy,79.0,UG/M3,1 Hr,Valid
Hyderabad,PM2.5 - Principal,2017-12-16 01:00 PM,2017,12,16,13,-999.0,-999,N/A,-999.0,UG/M3,1 Hr,Missing
Hyderabad,PM2.5 - Principal,2017-12-16 02:00 PM,2017,12,16,14,60.8,154,Unhealthy,48.0,UG/M3,1 Hr,Valid
Hyderabad,PM2.5 - Principal,2017-12-16 03:00 PM,2017,12,16,15,57.9,152,Unhealthy,56.0,UG/M3,1 Hr,Valid
Hyderabad,PM2.5 - Principal,2017-12-16 04:00 PM,2017,12,16,16,56.3,151,Unhealthy,55.0,UG/M3,1 Hr,Valid
Hyderabad,PM2.5 - Principal,2017-12-16 05:00 PM,2017,12,16,17,56.6,152,Unhealthy,57.0,UG/M3,1 Hr,Valid
Hyderabad,PM2.5 - Principal,2017-12-16 06:00 PM,2017,12,16,18,57.3,152,Unhealthy,58.0,UG/M3,1 Hr,Valid
Hyderabad,PM2.5 - Principal,2017-12-16 07:00 PM,2017,12,16,19,65.2,156,Unhealthy,73.0,UG/M3,1 Hr,Valid
Hyderabad,PM2.5 - Principal,2017-12-16 08:00 PM,2017,12,16,20,73.6,160,Unhealthy,82.0,UG/M3,1 Hr,Valid
Hyderabad,PM2.5 - Principal,2017-12-16 09:00 PM,2017,12,16,21,87.8,168,Unhealthy,102.0,UG/M3,1 Hr,Valid
Hyderabad,PM2.5 - Principal,2017-12-16 10:00 PM,2017,12,16,22,93.4,171,Unhealthy,99.0,UG/M3,1 Hr,Valid
Hyderabad,PM2.5 - Principal,2017-12-16 11:00 PM,2017,12,16,23,94.2,171,Unhealthy,95.0,UG/M3,1 Hr,Valid
Hyderabad,PM2.5 - Principal,2017-12-17 12:00 AM,2017,12,17,00,106.1,177,Unhealthy,118.0,UG/M3,1 Hr,Valid
Hyderabad,PM2.5 - Principal,2017-12-17 01:00 AM,2017,12,17,01,129.5,189,Unhealthy,153.0,UG/M3,1 Hr,Valid
Hyderabad,PM2.5 - Principal,2017-12-17 02:00 AM,2017,12,17,02,113.7,181,Unhealthy,98.0,UG/M3,1 Hr,Valid
Hyderabad,PM2.5 - Principal,2017-12-17 03:00 AM,2017,12,17,03,100.8,174,Unhealthy,88.0,UG/M3,1 Hr,Valid
Hyderabad,PM2.5 - Principal,2017-12-17 04:00 AM,2017,12,17,04,99.9,174,Unhealthy,99.0,UG/M3,1 Hr,Valid
Hyderabad,PM2.5 - Principal,2017-12-17 05:00 AM,2017,12,17,05,99.9,174,Unhealthy,100.0,UG/M3,1 Hr,Valid
Hyderabad,PM2.5 - Principal,2017-12-17 06:00 AM,2017,12,17,06,99.9,174,Unhealthy,100.0,UG/M3,1 Hr,Valid
Hyderabad,PM2.5 - Principal,2017-12-17 07:00 AM,2017,12,17,07,98.2,173,Unhealthy,96.0,UG/M3,1 Hr,Valid
Hyderabad,PM2.5 - Principal,2017-12-17 08:00 AM,2017,12,17,08,102.5,175,Unhealthy,108.0,UG/M3,1 Hr,Valid
Hyderabad,PM2.5 - Principal,2017-12-17 09:00 AM,2017,12,17,09,115.5,182,Unhealthy,133.0,UG/M3,1 Hr,Valid
Hyderabad,PM2.5 - Principal,2017-12-17 10:00 AM,2017,12,17,10,106.7,177,Unhealthy,95.0,UG/M3,1 Hr,Valid
Hyderabad,PM2.5 - Principal,2017-12-17 11:00 AM,2017,12,17,11,85.7,167,Unhealthy,65.0,UG/M3,1 Hr,Valid
Hyderabad,PM2.5 - Principal,2017-12-17 12:00 PM,2017,12,17,12,71.3,159,Unhealthy,57.0,UG/M3,1 Hr,Valid
Hyderabad,PM2.5 - Principal,2017-12-17 01:00 PM,2017,12,17,13,62.6,155,Unhealthy,54.0,UG/M3,1 Hr,Valid
Hyderabad,PM2.5 - Principal,2017-12-17 02:00 PM,2017,12,17,14,60.8,154,Unhealthy,59.0,UG/M3,1 Hr,Valid
Hyderabad,PM2.5 - Principal,2017-12-17 03:00 PM,2017,12,17,15,59.4,153,Unhealthy,58.0,UG/M3,1 Hr,Valid
Hyderabad,PM2.5 - Principal,2017-12-17 04:00 PM,2017,12,17,16,60.2,153,Unhealthy,61.0,UG/M3,1 Hr,Valid
Hyderabad,PM2.5 - Principal,2017-12-17 05:00 PM,2017,12,17,17,61.5,154,Unhealthy,63.0,UG/M3,1 Hr,Valid
Hyderabad,PM2.5 - Principal,2017-12-17 06:00 PM,2017,12,17,18,59.7,153,Unhealthy,58.0,UG/M3,1 Hr,Valid
Hyderabad,PM2.5 - Principal,2017-12-17 07:00 PM,2017,12,17,19,59.7,153,Unhealthy,-999.0,UG/M3,1 Hr,Missing
Hyderabad,PM2.5 - Principal,2017-12-17 08:00 PM,2017,12,17,20,77.2,162,Unhealthy,86.0,UG/M3,1 Hr,Valid
Hyderabad,PM2.5 - Principal,2017-12-17 09:00 PM,2017,12,17,21,90.2,169,Unhealthy,102.0,UG/M3,1 Hr,Valid
Hyderabad,PM2.5 - Principal,2017-12-17 10:00 PM,2017,12,17,22,98.8,173,Unhealthy,106.0,UG/M3,1 Hr,Valid
Hyderabad,PM2.5 - Principal,2017-12-17 11:00 PM,2017,12,17,23,95.9,172,Unhealthy,93.0,UG/M3,1 Hr,Valid
Hyderabad,PM2.5 - Principal,2017-12-18 12:00 AM,2017,12,18,00,92.4,170,Unhealthy,89.0,UG/M3,1 Hr,Valid
Hyderabad,PM2.5 - Principal,2017-12-18 01:00 AM,2017,12,18,01,97.3,173,Unhealthy,103.0,UG/M3,1 Hr,Valid
Hyderabad,PM2.5 - Principal,2017-12-18 02:00 AM,2017,12,18,02,90.7,169,Unhealthy,83.0,UG/M3,1 Hr,Valid
Hyderabad,PM2.5 - Principal,2017-12-18 03:00 AM,2017,12,18,03,90.8,169,Unhealthy,-999.0,UG/M3,1 Hr,Missing
Hyderabad,PM2.5 - Principal,2017-12-18 04:00 AM,2017,12,18,04,86.7,167,Unhealthy,84.0,UG/M3,1 Hr,Valid
Hyderabad,PM2.5 - Principal,2017-12-18 05:00 AM,2017,12,18,05,78.9,163,Unhealthy,72.0,UG/M3,1 Hr,Valid
Hyderabad,PM2.5 - Principal,2017-12-18 06:00 AM,2017,12,18,06,80.7,164,Unhealthy,78.0,UG/M3,1 Hr,Valid
Hyderabad,PM2.5 - Principal,2017-12-18 07:00 AM,2017,12,18,07,82.9,165,Unhealthy,87.0,UG/M3,1 Hr,Valid
Hyderabad,PM2.5 - Principal,2017-12-18 08:00 AM,2017,12,18,08,91.2,169,Unhealthy,107.0,UG/M3,1 Hr,Valid
Hyderabad,PM2.5 - Principal,2017-12-18 09:00 AM,2017,12,18,09,100.3,174,Unhealthy,114.0,UG/M3,1 Hr,Valid
Hyderabad,PM2.5 - Principal,2017-12-18 10:00 AM,2017,12,18,10,100.2,174,Unhealthy,-999.0,UG/M3,1 Hr,Missing
Hyderabad,PM2.5 - Principal,2017-12-18 11:00 AM,2017,12,18,11,93.3,171,Unhealthy,86.0,UG/M3,1 Hr,Valid
Hyderabad,PM2.5 - Principal,2017-12-18 12:00 PM,2017,12,18,12,83.3,165,Unhealthy,71.0,UG/M3,1 Hr,Valid
Hyderabad,PM2.5 - Principal,2017-12-18 01:00 PM,2017,12,18,13,77.4,162,Unhealthy,70.0,UG/M3,1 Hr,Valid
Hyderabad,PM2.5 - Principal,2017-12-18 02:00 PM,2017,12,18,14,68.4,158,Unhealthy,61.0,UG/M3,1 Hr,Valid
Hyderabad,PM2.5 - Principal,2017-12-18 03:00 PM,2017,12,18,15,66.3,157,Unhealthy,64.0,UG/M3,1 Hr,Valid
Hyderabad,PM2.5 - Principal,2017-12-18 04:00 PM,2017,12,18,16,68.0,157,Unhealthy,70.0,UG/M3,1 Hr,Valid
Hyderabad,PM2.5 - Principal,2017-12-18 05:00 PM,2017,12,18,17,72.2,160,Unhealthy,77.0,UG/M3,1 Hr,Valid
Hyderabad,PM2.5 - Principal,2017-12-18 06:00 PM,2017,12,18,18,76.7,162,Unhealthy,82.0,UG/M3,1 Hr,Valid
Hyderabad,PM2.5 - Principal,2017-12-18 07:00 PM,2017,12,18,19,86.2,167,Unhealthy,97.0,UG/M3,1 Hr,Valid
Hyderabad,PM2.5 - Principal,2017-12-18 08:00 PM,2017,12,18,20,89.3,168,Unhealthy,93.0,UG/M3,1 Hr,Valid
Hyderabad,PM2.5 - Principal,2017-12-18 09:00 PM,2017,12,18,21,89.2,168,Unhealthy,93.0,UG/M3,1 Hr,Valid
Hyderabad,PM2.5 - Principal,2017-12-18 10:00 PM,2017,12,18,22,116.7,183,Unhealthy,142.0,UG/M3,1 Hr,Valid
Hyderabad,PM2.5 - Principal,2017-12-18 11:00 PM,2017,12,18,23,104.8,176,Unhealthy,93.0,UG/M3,1 Hr,Valid
Hyderabad,PM2.5 - Principal,2017-12-19 12:00 AM,2017,12,19,00,97.4,173,Unhealthy,90.0,UG/M3,1 Hr,Valid
Hyderabad,PM2.5 - Principal,2017-12-19 01:00 AM,2017,12,19,01,97.7,173,Unhealthy,98.0,UG/M3,1 Hr,Valid
Hyderabad,PM2.5 - Principal,2017-12-19 02:00 AM,2017,12,19,02,81.8,165,Unhealthy,66.0,UG/M3,1 Hr,Valid
Hyderabad,PM2.5 - Principal,2017-12-19 03:00 AM,2017,12,19,03,69.9,158,Unhealthy,58.0,UG/M3,1 Hr,Valid
Hyderabad,PM2.5 - Principal,2017-12-19 04:00 AM,2017,12,19,04,65.9,156,Unhealthy,62.0,UG/M3,1 Hr,Valid
Hyderabad,PM2.5 - Principal,2017-12-19 05:00 AM,2017,12,19,05,59.9,153,Unhealthy,54.0,UG/M3,1 Hr,Valid
Hyderabad,PM2.5 - Principal,2017-12-19 06:00 AM,2017,12,19,06,52.4,143,Unhealthy for Sensitive Groups,45.0,UG/M3,1 Hr,Valid
Hyderabad,PM2.5 - Principal,2017-12-19 07:00 AM,2017,12,19,07,55.7,151,Unhealthy,59.0,UG/M3,1 Hr,Valid
Hyderabad,PM2.5 - Principal,2017-12-19 08:00 AM,2017,12,19,08,60.8,154,Unhealthy,66.0,UG/M3,1 Hr,Valid
Hyderabad,PM2.5 - Principal,2017-12-19 09:00 AM,2017,12,19,09,66.4,157,Unhealthy,72.0,UG/M3,1 Hr,Valid
Hyderabad,PM2.5 - Principal,2017-12-19 10:00 AM,2017,12,19,10,57.2,152,Unhealthy,48.0,UG/M3,1 Hr,Valid
Hyderabad,PM2.5 - Principal,2017-12-19 11:00 AM,2017,12,19,11,48.0,132,Unhealthy for Sensitive Groups,39.0,UG/M3,1 Hr,Valid
Hyderabad,PM2.5 - Principal,2017-12-19 12:00 PM,2017,12,19,12,46.0,127,Unhealthy for Sensitive Groups,44.0,UG/M3,1 Hr,Valid
Hyderabad,PM2.5 - Principal,2017-12-19 01:00 PM,2017,12,19,13,48.2,132,Unhealthy for Sensitive Groups,50.0,UG/M3,1 Hr,Valid
Hyderabad,PM2.5 - Principal,2017-12-19 02:00 PM,2017,12,19,14,40.5,113,Unhealthy for Sensitive Groups,33.0,UG/M3,1 Hr,Valid
Hyderabad,PM2.5 - Principal,2017-12-19 03:00 PM,2017,12,19,15,40.7,114,Unhealthy for Sensitive Groups,41.0,UG/M3,1 Hr,Valid
Hyderabad,PM2.5 - Principal,2017-12-19 04:00 PM,2017,12,19,16,39.8,112,Unhealthy for Sensitive Groups,39.0,UG/M3,1 Hr,Valid
Hyderabad,PM2.5 - Principal,2017-12-19 05:00 PM,2017,12,19,17,36.9,104,Unhealthy for Sensitive Groups,34.0,UG/M3,1 Hr,Valid
Hyderabad,PM2.5 - Principal,2017-12-19 06:00 PM,2017,12,19,18,36.9,104,Unhealthy for Sensitive Groups,37.0,UG/M3,1 Hr,Valid
Hyderabad,PM2.5 - Principal,2017-12-19 07:00 PM,2017,12,19,19,44.4,123,Unhealthy for Sensitive Groups,52.0,UG/M3,1 Hr,Valid
Hyderabad,PM2.5 - Principal,2017-12-19 08:00 PM,2017,12,19,20,69.2,158,Unhealthy,94.0,UG/M3,1 Hr,Valid
Hyderabad,PM2.5 - Principal,2017-12-19 09:00 PM,2017,12,19,21,84.1,166,Unhealthy,99.0,UG/M3,1 Hr,Valid
Hyderabad,PM2.5 - Principal,2017-12-19 10:00 PM,2017,12,19,22,92.0,170,Unhealthy,100.0,UG/M3,1 Hr,Valid
Hyderabad,PM2.5 - Principal,2017-12-19 11:00 PM,2017,12,19,23,96.5,172,Unhealthy,101.0,UG/M3,1 Hr,Valid
Hyderabad,PM2.5 - Principal,2017-12-20 12:00 AM,2017,12,20,00,109.7,179,Unhealthy,123.0,UG/M3,1 Hr,Valid
Hyderabad,PM2.5 - Principal,2017-12-20 01:00 AM,2017,12,20,01,117.8,183,Unhealthy,126.0,UG/M3,1 Hr,Valid
Hyderabad,PM2.5 - Principal,2017-12-20 02:00 AM,2017,12,20,02,114.4,181,Unhealthy,111.0,UG/M3,1 Hr,Valid
Hyderabad,PM2.5 - Principal,2017-12-20 03:00 AM,2017,12,20,03,115.2,182,Unhealthy,116.0,UG/M3,1 Hr,Valid
Hyderabad,PM2.5 - Principal,2017-12-20 04:00 AM,2017,12,20,04,124.1,186,Unhealthy,133.0,UG/M3,1 Hr,Valid
Hyderabad,PM2.5 - Principal,2017-12-20 05:00 AM,2017,12,20,05,115.5,182,Unhealthy,107.0,UG/M3,1 Hr,Valid
Hyderabad,PM2.5 - Principal,2017-12-20 06:00 AM,2017,12,20,06,102.7,175,Unhealthy,90.0,UG/M3,1 Hr,Valid
Hyderabad,PM2.5 - Principal,2017-12-20 07:00 AM,2017,12,20,07,101.7,175,Unhealthy,90.0,UG/M3,1 Hr,Valid
Hyderabad,PM2.5 - Principal,2017-12-20 08:00 AM,2017,12,20,08,101.8,175,Unhealthy,-999.0,UG/M3,1 Hr,Missing
Hyderabad,PM2.5 - Principal,2017-12-20 09:00 AM,2017,12,20,09,134.9,192,Unhealthy,161.0,UG/M3,1 Hr,Valid
Hyderabad,PM2.5 - Principal,2017-12-20 10:00 AM,2017,12,20,10,147.2,198,Unhealthy,159.0,UG/M3,1 Hr,Valid
Hyderabad,PM2.5 - Principal,2017-12-20 11:00 AM,2017,12,20,11,124.2,186,Unhealthy,99.0,UG/M3,1 Hr,Valid
Hyderabad,PM2.5 - Principal,2017-12-20 12:00 PM,2017,12,20,12,95.1,171,Unhealthy,69.0,UG/M3,1 Hr,Valid
Hyderabad,PM2.5 - Principal,2017-12-20 01:00 PM,2017,12,20,13,72.7,160,Unhealthy,51.0,UG/M3,1 Hr,Valid
Hyderabad,PM2.5 - Principal,2017-12-20 02:00 PM,2017,12,20,14,63.7,155,Unhealthy,55.0,UG/M3,1 Hr,Valid
Hyderabad,PM2.5 - Principal,2017-12-20 03:00 PM,2017,12,20,15,57.8,152,Unhealthy,52.0,UG/M3,1 Hr,Valid
Hyderabad,PM2.5 - Principal,2017-12-20 04:00 PM,2017,12,20,16,57.4,152,Unhealthy,57.0,UG/M3,1 Hr,Valid
Hyderabad,PM2.5 - Principal,2017-12-20 05:00 PM,2017,12,20,17,54.7,148,Unhealthy for Sensitive Groups,52.0,UG/M3,1 Hr,Valid
Hyderabad,PM2.5 - Principal,2017-12-20 06:00 PM,2017,12,20,18,63.3,155,Unhealthy,72.0,UG/M3,1 Hr,Valid
Hyderabad,PM2.5 - Principal,2017-12-20 07:00 PM,2017,12,20,19,63.6,155,Unhealthy,64.0,UG/M3,1 Hr,Valid
Hyderabad,PM2.5 - Principal,2017-12-20 08:00 PM,2017,12,20,20,72.3,160,Unhealthy,81.0,UG/M3,1 Hr,Valid
Hyderabad,PM2.5 - Principal,2017-12-20 09:00 PM,2017,12,20,21,80.1,164,Unhealthy,88.0,UG/M3,1 Hr,Valid
Hyderabad,PM2.5 - Principal,2017-12-20 10:00 PM,2017,12,20,22,96.5,172,Unhealthy,113.0,UG/M3,1 Hr,Valid
Hyderabad,PM2.5 - Principal,2017-12-20 11:00 PM,2017,12,20,23,114.2,181,Unhealthy,132.0,UG/M3,1 Hr,Valid
Hyderabad,PM2.5 - Principal,2017-12-21 12:00 AM,2017,12,21,00,110.1,179,Unhealthy,106.0,UG/M3,1 Hr,Valid
Hyderabad,PM2.5 - Principal,2017-12-21 01:00 AM,2017,12,21,01,111.0,180,Unhealthy,112.0,UG/M3,1 Hr,Valid
Hyderabad,PM2.5 - Principal,2017-12-21 02:00 AM,2017,12,21,02,106.5,177,Unhealthy,102.0,UG/M3,1 Hr,Valid
Hyderabad,PM2.5 - Principal,2017-12-21 03:00 AM,2017,12,21,03,110.7,180,Unhealthy,115.0,UG/M3,1 Hr,Valid
Hyderabad,PM2.5 - Principal,2017-12-21 04:00 AM,2017,12,21,04,112.8,181,Unhealthy,115.0,UG/M3,1 Hr,Valid
Hyderabad,PM2.5 - Principal,2017-12-21 05:00 AM,2017,12,21,05,114.4,181,Unhealthy,116.0,UG/M3,1 Hr,Valid
Hyderabad,PM2.5 - Principal,2017-12-21 06:00 AM,2017,12,21,06,123.2,186,Unhealthy,132.0,UG/M3,1 Hr,Valid
Hyderabad,PM2.5 - Principal,2017-12-21 07:00 AM,2017,12,21,07,127.7,188,Unhealthy,137.0,UG/M3,1 Hr,Valid
Hyderabad,PM2.5 - Principal,2017-12-21 08:00 AM,2017,12,21,08,151.7,202,Very Unhealthy,174.0,UG/M3,1 Hr,Valid
Hyderabad,PM2.5 - Principal,2017-12-21 09:00 AM,2017,12,21,09,158.8,209,Very Unhealthy,175.0,UG/M3,1 Hr,Valid
Hyderabad,PM2.5 - Principal,2017-12-21 10:00 AM,2017,12,21,10,135.5,192,Unhealthy,103.0,UG/M3,1 Hr,Valid
Hyderabad,PM2.5 - Principal,2017-12-21 11:00 AM,2017,12,21,11,116.4,182,Unhealthy,95.0,UG/M3,1 Hr,Valid
Hyderabad,PM2.5 - Principal,2017-12-21 12:00 PM,2017,12,21,12,107.1,178,Unhealthy,96.0,UG/M3,1 Hr,Valid
Hyderabad,PM2.5 - Principal,2017-12-21 01:00 PM,2017,12,21,13,92.0,170,Unhealthy,79.0,UG/M3,1 Hr,Valid
Hyderabad,PM2.5 - Principal,2017-12-21 02:00 PM,2017,12,21,14,81.5,164,Unhealthy,71.0,UG/M3,1 Hr,Valid
Hyderabad,PM2.5 - Principal,2017-12-21 03:00 PM,2017,12,21,15,72.2,160,Unhealthy,63.0,UG/M3,1 Hr,Valid
Hyderabad,PM2.5 - Principal,2017-12-21 04:00 PM,2017,12,21,16,65.6,156,Unhealthy,59.0,UG/M3,1 Hr,Valid
Hyderabad,PM2.5 - Principal,2017-12-21 05:00 PM,2017,12,21,17,62.3,155,Unhealthy,59.0,UG/M3,1 Hr,Valid
Hyderabad,PM2.5 - Principal,2017-12-21 06:00 PM,2017,12,21,18,65.1,156,Unhealthy,68.0,UG/M3,1 Hr,Valid
Hyderabad,PM2.5 - Principal,2017-12-21 07:00 PM,2017,12,21,19,76.0,162,Unhealthy,87.0,UG/M3,1 Hr,Valid
Hyderabad,PM2.5 - Principal,2017-12-21 08:00 PM,2017,12,21,20,83.0,165,Unhealthy,90.0,UG/M3,1 Hr,Valid
Hyderabad,PM2.5 - Principal,2017-12-21 09:00 PM,2017,12,21,21,120.0,184,Unhealthy,157.0,UG/M3,1 Hr,Valid
Hyderabad,PM2.5 - Principal,2017-12-21 10:00 PM,2017,12,21,22,140.0,195,Unhealthy,160.0,UG/M3,1 Hr,Valid
Hyderabad,PM2.5 - Principal,2017-12-21 11:00 PM,2017,12,21,23,162.0,212,Very Unhealthy,184.0,UG/M3,1 Hr,Valid
Hyderabad,PM2.5 - Principal,2017-12-22 12:00 AM,2017,12,22,00,157.0,207,Very Unhealthy,152.0,UG/M3,1 Hr,Valid
Hyderabad,PM2.5 - Principal,2017-12-22 01:00 AM,2017,12,22,01,160.5,211,Very Unhealthy,164.0,UG/M3,1 Hr,Valid
Hyderabad,PM2.5 - Principal,2017-12-22 02:00 AM,2017,12,22,02,161.7,212,Very Unhealthy,163.0,UG/M3,1 Hr,Valid
Hyderabad,PM2.5 - Principal,2017-12-22 03:00 AM,2017,12,22,03,158.8,209,Very Unhealthy,156.0,UG/M3,1 Hr,Valid
Hyderabad,PM2.5 - Principal,2017-12-22 04:00 AM,2017,12,22,04,158.9,209,Very Unhealthy,159.0,UG/M3,1 Hr,Valid
Hyderabad,PM2.5 - Principal,2017-12-22 05:00 AM,2017,12,22,05,173.4,224,Very Unhealthy,188.0,UG/M3,1 Hr,Valid
Hyderabad,PM2.5 - Principal,2017-12-22 06:00 AM,2017,12,22,06,179.2,229,Very Unhealthy,185.0,UG/M3,1 Hr,Valid
Hyderabad,PM2.5 - Principal,2017-12-22 07:00 AM,2017,12,22,07,168.1,218,Very Unhealthy,157.0,UG/M3,1 Hr,Valid
Hyderabad,PM2.5 - Principal,2017-12-22 08:00 AM,2017,12,22,08,166.1,216,Very Unhealthy,159.0,UG/M3,1 Hr,Valid
Hyderabad,PM2.5 - Principal,2017-12-22 09:00 AM,2017,12,22,09,208.7,259,Very Unhealthy,267.0,UG/M3,1 Hr,Valid
Hyderabad,PM2.5 - Principal,2017-12-22 10:00 AM,2017,12,22,10,215.3,265,Very Unhealthy,224.0,UG/M3,1 Hr,Valid
Hyderabad,PM2.5 - Principal,2017-12-22 11:00 AM,2017,12,22,11,156.3,207,Very Unhealthy,93.0,UG/M3,1 Hr,Valid
Hyderabad,PM2.5 - Principal,2017-12-22 12:00 PM,2017,12,22,12,123.1,186,Unhealthy,90.0,UG/M3,1 Hr,Valid
Hyderabad,PM2.5 - Principal,2017-12-22 01:00 PM,2017,12,22,13,97.5,173,Unhealthy,72.0,UG/M3,1 Hr,Valid
Hyderabad,PM2.5 - Principal,2017-12-22 02:00 PM,2017,12,22,14,84.2,166,Unhealthy,71.0,UG/M3,1 Hr,Valid
Hyderabad,PM2.5 - Principal,2017-12-22 03:00 PM,2017,12,22,15,75.6,161,Unhealthy,67.0,UG/M3,1 Hr,Valid
Hyderabad,PM2.5 - Principal,2017-12-22 04:00 PM,2017,12,22,16,69.3,158,Unhealthy,63.0,UG/M3,1 Hr,Valid
Hyderabad,PM2.5 - Principal,2017-12-22 05:00 PM,2017,12,22,17,65.1,156,Unhealthy,61.0,UG/M3,1 Hr,Valid
Hyderabad,PM2.5 - Principal,2017-12-22 06:00 PM,2017,12,22,18,70.0,158,Unhealthy,75.0,UG/M3,1 Hr,Valid
Hyderabad,PM2.5 - Principal,2017-12-22 07:00 PM,2017,12,22,19,79.5,163,Unhealthy,89.0,UG/M3,1 Hr,Valid
Hyderabad,PM2.5 - Principal,2017-12-22 08:00 PM,2017,12,22,20,79.4,163,Unhealthy,-999.0,UG/M3,1 Hr,Missing
Hyderabad,PM2.5 - Principal,2017-12-22 09:00 PM,2017,12,22,21,119.8,184,Unhealthy,140.0,UG/M3,1 Hr,Valid
Hyderabad,PM2.5 - Principal,2017-12-22 10:00 PM,2017,12,22,22,123.9,186,Unhealthy,127.0,UG/M3,1 Hr,Valid
Hyderabad,PM2.5 - Principal,2017-12-22 11:00 PM,2017,12,22,23,129.2,189,Unhealthy,134.0,UG/M3,1 Hr,Valid
Hyderabad,PM2.5 - Principal,2017-12-23 12:00 AM,2017,12,23,00,131.2,190,Unhealthy,133.0,UG/M3,1 Hr,Valid
Hyderabad,PM2.5 - Principal,2017-12-23 01:00 AM,2017,12,23,01,133.6,191,Unhealthy,136.0,UG/M3,1 Hr,Valid
Hyderabad,PM2.5 - Principal,2017-12-23 02:00 AM,2017,12,23,02,138.3,194,Unhealthy,143.0,UG/M3,1 Hr,Valid
Hyderabad,PM2.5 - Principal,2017-12-23 03:00 AM,2017,12,23,03,145.2,197,Unhealthy,152.0,UG/M3,1 Hr,Valid
Hyderabad,PM2.5 - Principal,2017-12-23 04:00 AM,2017,12,23,04,139.6,194,Unhealthy,134.0,UG/M3,1 Hr,Valid
Hyderabad,PM2.5 - Principal,2017-12-23 05:00 AM,2017,12,23,05,135.8,192,Unhealthy,132.0,UG/M3,1 Hr,Valid
Hyderabad,PM2.5 - Principal,2017-12-23 06:00 AM,2017,12,23,06,128.3,189,Unhealthy,117.0,UG/M3,1 Hr,Valid
Hyderabad,PM2.5 - Principal,2017-12-23 07:00 AM,2017,12,23,07,128.5,189,Unhealthy,117.0,UG/M3,1 Hr,Valid
Hyderabad,PM2.5 - Principal,2017-12-23 08:00 AM,2017,12,23,08,132.9,191,Unhealthy,147.0,UG/M3,1 Hr,Valid
Hyderabad,PM2.5 - Principal,2017-12-23 09:00 AM,2017,12,23,09,158.5,209,Very Unhealthy,196.0,UG/M3,1 Hr,Valid
Hyderabad,PM2.5 - Principal,2017-12-23 10:00 AM,2017,12,23,10,158.7,209,Very Unhealthy,159.0,UG/M3,1 Hr,Valid
Hyderabad,PM2.5 - Principal,2017-12-23 11:00 AM,2017,12,23,11,155.2,206,Very Unhealthy,150.0,UG/M3,1 Hr,Valid
Hyderabad,PM2.5 - Principal,2017-12-23 12:00 PM,2017,12,23,12,138.1,194,Unhealthy,114.0,UG/M3,1 Hr,Valid
Hyderabad,PM2.5 - Principal,2017-12-23 01:00 PM,2017,12,23,13,138.1,194,Unhealthy,-999.0,UG/M3,1 Hr,Missing
Hyderabad,PM2.5 - Principal,2017-12-23 02:00 PM,2017,12,23,14,123.9,186,Unhealthy,113.0,UG/M3,1 Hr,Valid
Hyderabad,PM2.5 - Principal,2017-12-23 03:00 PM,2017,12,23,15,111.3,180,Unhealthy,103.0,UG/M3,1 Hr,Valid
Hyderabad,PM2.5 - Principal,2017-12-23 04:00 PM,2017,12,23,16,107.0,178,Unhealthy,103.0,UG/M3,1 Hr,Valid
Hyderabad,PM2.5 - Principal,2017-12-23 05:00 PM,2017,12,23,17,94.8,171,Unhealthy,84.0,UG/M3,1 Hr,Valid
Hyderabad,PM2.5 - Principal,2017-12-23 06:00 PM,2017,12,23,18,92.8,170,Unhealthy,91.0,UG/M3,1 Hr,Valid
Hyderabad,PM2.5 - Principal,2017-12-23 07:00 PM,2017,12,23,19,93.4,171,Unhealthy,94.0,UG/M3,1 Hr,Valid
Hyderabad,PM2.5 - Principal,2017-12-23 08:00 PM,2017,12,23,20,104.7,176,Unhealthy,116.0,UG/M3,1 Hr,Valid
Hyderabad,PM2.5 - Principal,2017-12-23 09:00 PM,2017,12,23,21,117.8,183,Unhealthy,133.0,UG/M3,1 Hr,Valid
Hyderabad,PM2.5 - Principal,2017-12-23 10:00 PM,2017,12,23,22,143.4,196,Unhealthy,168.0,UG/M3,1 Hr,Valid
Hyderabad,PM2.5 - Principal,2017-12-23 11:00 PM,2017,12,23,23,140.7,195,Unhealthy,138.0,UG/M3,1 Hr,Valid
Hyderabad,PM2.5 - Principal,2017-12-24 12:00 AM,2017,12,24,00,133.3,191,Unhealthy,126.0,UG/M3,1 Hr,Valid
Hyderabad,PM2.5 - Principal,2017-12-24 01:00 AM,2017,12,24,01,132.1,191,Unhealthy,131.0,UG/M3,1 Hr,Valid
Hyderabad,PM2.5 - Principal,2017-12-24 02:00 AM,2017,12,24,02,142.5,196,Unhealthy,153.0,UG/M3,1 Hr,Valid
Hyderabad,PM2.5 - Principal,2017-12-24 03:00 AM,2017,12,24,03,157.8,208,Very Unhealthy,173.0,UG/M3,1 Hr,Valid
Hyderabad,PM2.5 - Principal,2017-12-24 04:00 AM,2017,12,24,04,150.4,200,Unhealthy,143.0,UG/M3,1 Hr,Valid
Hyderabad,PM2.5 - Principal,2017-12-24 05:00 AM,2017,12,24,05,147.7,199,Unhealthy,145.0,UG/M3,1 Hr,Valid
Hyderabad,PM2.5 - Principal,2017-12-24 06:00 AM,2017,12,24,06,149.7,200,Unhealthy,152.0,UG/M3,1 Hr,Valid
Hyderabad,PM2.5 - Principal,2017-12-24 07:00 AM,2017,12,24,07,155.6,206,Very Unhealthy,169.0,UG/M3,1 Hr,Valid
Hyderabad,PM2.5 - Principal,2017-12-24 08:00 AM,2017,12,24,08,159.6,210,Very Unhealthy,173.0,UG/M3,1 Hr,Valid
Hyderabad,PM2.5 - Principal,2017-12-24 09:00 AM,2017,12,24,09,175.5,226,Very Unhealthy,198.0,UG/M3,1 Hr,Valid
Hyderabad,PM2.5 - Principal,2017-12-24 10:00 AM,2017,12,24,10,198.2,248,Very Unhealthy,223.0,UG/M3,1 Hr,Valid
Hyderabad,PM2.5 - Principal,2017-12-24 11:00 AM,2017,12,24,11,179.4,230,Very Unhealthy,155.0,UG/M3,1 Hr,Valid
Hyderabad,PM2.5 - Principal,2017-12-24 12:00 PM,2017,12,24,12,163.1,213,Very Unhealthy,140.0,UG/M3,1 Hr,Valid
Hyderabad,PM2.5 - Principal,2017-12-24 01:00 PM,2017,12,24,13,132.6,191,Unhealthy,106.0,UG/M3,1 Hr,Valid
Hyderabad,PM2.5 - Principal,2017-12-24 02:00 PM,2017,12,24,14,115.8,182,Unhealthy,99.0,UG/M3,1 Hr,Valid
Hyderabad,PM2.5 - Principal,2017-12-24 03:00 PM,2017,12,24,15,96.4,172,Unhealthy,77.0,UG/M3,1 Hr,Valid
Hyderabad,PM2.5 - Principal,2017-12-24 04:00 PM,2017,12,24,16,80.1,164,Unhealthy,64.0,UG/M3,1 Hr,Valid
Hyderabad,PM2.5 - Principal,2017-12-24 05:00 PM,2017,12,24,17,69.5,158,Unhealthy,59.0,UG/M3,1 Hr,Valid
Hyderabad,PM2.5 - Principal,2017-12-24 06:00 PM,2017,12,24,18,66.7,157,Unhealthy,64.0,UG/M3,1 Hr,Valid
Hyderabad,PM2.5 - Principal,2017-12-24 07:00 PM,2017,12,24,19,70.8,159,Unhealthy,75.0,UG/M3,1 Hr,Valid
Hyderabad,PM2.5 - Principal,2017-12-24 08:00 PM,2017,12,24,20,83.4,165,Unhealthy,96.0,UG/M3,1 Hr,Valid
Hyderabad,PM2.5 - Principal,2017-12-24 09:00 PM,2017,12,24,21,99.2,174,Unhealthy,115.0,UG/M3,1 Hr,Valid
Hyderabad,PM2.5 - Principal,2017-12-24 10:00 PM,2017,12,24,22,110.0,179,Unhealthy,121.0,UG/M3,1 Hr,Valid
Hyderabad,PM2.5 - Principal,2017-12-24 11:00 PM,2017,12,24,23,118.5,184,Unhealthy,127.0,UG/M3,1 Hr,Valid
Hyderabad,PM2.5 - Principal,2017-12-25 12:00 AM,2017,12,25,00,136.7,193,Unhealthy,155.0,UG/M3,1 Hr,Valid
Hyderabad,PM2.5 - Principal,2017-12-25 01:00 AM,2017,12,25,01,146.3,198,Unhealthy,156.0,UG/M3,1 Hr,Valid
Hyderabad,PM2.5 - Principal,2017-12-25 02:00 AM,2017,12,25,02,156.2,207,Very Unhealthy,166.0,UG/M3,1 Hr,Valid
Hyderabad,PM2.5 - Principal,2017-12-25 03:00 AM,2017,12,25,03,160.6,211,Very Unhealthy,165.0,UG/M3,1 Hr,Valid
Hyderabad,PM2.5 - Principal,2017-12-25 04:00 AM,2017,12,25,04,162.8,213,Very Unhealthy,165.0,UG/M3,1 Hr,Valid
Hyderabad,PM2.5 - Principal,2017-12-25 05:00 AM,2017,12,25,05,162.4,213,Very Unhealthy,162.0,UG/M3,1 Hr,Valid
Hyderabad,PM2.5 - Principal,2017-12-25 06:00 AM,2017,12,25,06,165.2,216,Very Unhealthy,168.0,UG/M3,1 Hr,Valid
Hyderabad,PM2.5 - Principal,2017-12-25 07:00 AM,2017,12,25,07,154.3,205,Very Unhealthy,141.0,UG/M3,1 Hr,Valid
Hyderabad,PM2.5 - Principal,2017-12-25 08:00 AM,2017,12,25,08,162.2,213,Very Unhealthy,175.0,UG/M3,1 Hr,Valid
Hyderabad,PM2.5 - Principal,2017-12-25 09:00 AM,2017,12,25,09,194.5,245,Very Unhealthy,229.0,UG/M3,1 Hr,Valid
Hyderabad,PM2.5 - Principal,2017-12-25 10:00 AM,2017,12,25,10,180.3,231,Very Unhealthy,165.0,UG/M3,1 Hr,Valid
Hyderabad,PM2.5 - Principal,2017-12-25 11:00 AM,2017,12,25,11,166.9,217,Very Unhealthy,147.0,UG/M3,1 Hr,Valid
Hyderabad,PM2.5 - Principal,2017-12-25 12:00 PM,2017,12,25,12,146.2,198,Unhealthy,124.0,UG/M3,1 Hr,Valid
Hyderabad,PM2.5 - Principal,2017-12-25 01:00 PM,2017,12,25,13,115.4,182,Unhealthy,87.0,UG/M3,1 Hr,Valid
Hyderabad,PM2.5 - Principal,2017-12-25 02:00 PM,2017,12,25,14,91.7,170,Unhealthy,68.0,UG/M3,1 Hr,Valid
Hyderabad,PM2.5 - Principal,2017-12-25 03:00 PM,2017,12,25,15,75.3,161,Unhealthy,59.0,UG/M3,1 Hr,Valid
Hyderabad,PM2.5 - Principal,2017-12-25 04:00 PM,2017,12,25,16,66.6,157,Unhealthy,58.0,UG/M3,1 Hr,Valid
Hyderabad,PM2.5 - Principal,2017-12-25 05:00 PM,2017,12,25,17,60.8,154,Unhealthy,55.0,UG/M3,1 Hr,Valid
Hyderabad,PM2.5 - Principal,2017-12-25 06:00 PM,2017,12,25,18,73.8,160,Unhealthy,87.0,UG/M3,1 Hr,Valid
Hyderabad,PM2.5 - Principal,2017-12-25 07:00 PM,2017,12,25,19,81.9,165,Unhealthy,90.0,UG/M3,1 Hr,Valid
Hyderabad,PM2.5 - Principal,2017-12-25 08:00 PM,2017,12,25,20,93.9,171,Unhealthy,106.0,UG/M3,1 Hr,Valid
Hyderabad,PM2.5 - Principal,2017-12-25 09:00 PM,2017,12,25,21,111.4,180,Unhealthy,129.0,UG/M3,1 Hr,Valid
Hyderabad,PM2.5 - Principal,2017-12-25 10:00 PM,2017,12,25,22,121.7,185,Unhealthy,132.0,UG/M3,1 Hr,Valid
Hyderabad,PM2.5 - Principal,2017-12-25 11:00 PM,2017,12,25,23,132.8,191,Unhealthy,144.0,UG/M3,1 Hr,Valid
Hyderabad,PM2.5 - Principal,2017-12-26 12:00 AM,2017,12,26,00,144.4,197,Unhealthy,156.0,UG/M3,1 Hr,Valid
Hyderabad,PM2.5 - Principal,2017-12-26 01:00 AM,2017,12,26,01,145.2,197,Unhealthy,146.0,UG/M3,1 Hr,Valid
Hyderabad,PM2.5 - Principal,2017-12-26 02:00 AM,2017,12,26,02,150.6,201,Very Unhealthy,156.0,UG/M3,1 Hr,Valid
Hyderabad,PM2.5 - Principal,2017-12-26 03:00 AM,2017,12,26,03,147.3,198,Unhealthy,144.0,UG/M3,1 Hr,Valid
Hyderabad,PM2.5 - Principal,2017-12-26 04:00 AM,2017,12,26,04,142.1,196,Unhealthy,137.0,UG/M3,1 Hr,Valid
Hyderabad,PM2.5 - Principal,2017-12-26 05:00 AM,2017,12,26,05,138.7,194,Unhealthy,134.0,UG/M3,1 Hr,Valid
Hyderabad,PM2.5 - Principal,2017-12-26 06:00 AM,2017,12,26,06,141.5,195,Unhealthy,145.0,UG/M3,1 Hr,Valid
Hyderabad,PM2.5 - Principal,2017-12-26 07:00 AM,2017,12,26,07,145.4,197,Unhealthy,153.0,UG/M3,1 Hr,Valid
Hyderabad,PM2.5 - Principal,2017-12-26 08:00 AM,2017,12,26,08,145.0,197,Unhealthy,147.0,UG/M3,1 Hr,Valid
Hyderabad,PM2.5 - Principal,2017-12-26 09:00 AM,2017,12,26,09,146.9,198,Unhealthy,154.0,UG/M3,1 Hr,Valid
Hyderabad,PM2.5 - Principal,2017-12-26 10:00 AM,2017,12,26,10,126.7,188,Unhealthy,93.0,UG/M3,1 Hr,Valid
Hyderabad,PM2.5 - Principal,2017-12-26 11:00 AM,2017,12,26,11,108.0,178,Unhealthy,87.0,UG/M3,1 Hr,Valid
Hyderabad,PM2.5 - Principal,2017-12-26 12:00 PM,2017,12,26,12,92.0,170,Unhealthy,79.0,UG/M3,1 Hr,Valid
Hyderabad,PM2.5 - Principal,2017-12-26 01:00 PM,2017,12,26,13,92.0,170,Unhealthy,-999.0,UG/M3,1 Hr,Missing
Hyderabad,PM2.5 - Principal,2017-12-26 02:00 PM,2017,12,26,14,-999.0,-999,N/A,-999.0,UG/M3,1 Hr,Missing
Hyderabad,PM2.5 - Principal,2017-12-26 03:00 PM,2017,12,26,15,-999.0,-999,N/A,55.0,UG/M3,1 Hr,Valid
Hyderabad,PM2.5 - Principal,2017-12-26 04:00 PM,2017,12,26,16,60.8,154,Unhealthy,60.0,UG/M3,1 Hr,Valid
Hyderabad,PM2.5 - Principal,2017-12-26 05:00 PM,2017,12,26,17,57.6,152,Unhealthy,55.0,UG/M3,1 Hr,Valid
Hyderabad,PM2.5 - Principal,2017-12-26 06:00 PM,2017,12,26,18,60.9,154,Unhealthy,64.0,UG/M3,1 Hr,Valid
Hyderabad,PM2.5 - Principal,2017-12-26 07:00 PM,2017,12,26,19,70.1,159,Unhealthy,79.0,UG/M3,1 Hr,Valid
Hyderabad,PM2.5 - Principal,2017-12-26 08:00 PM,2017,12,26,20,85.7,167,Unhealthy,101.0,UG/M3,1 Hr,Valid
Hyderabad,PM2.5 - Principal,2017-12-26 09:00 PM,2017,12,26,21,105.4,177,Unhealthy,125.0,UG/M3,1 Hr,Valid
Hyderabad,PM2.5 - Principal,2017-12-26 10:00 PM,2017,12,26,22,111.2,180,Unhealthy,117.0,UG/M3,1 Hr,Valid
Hyderabad,PM2.5 - Principal,2017-12-26 11:00 PM,2017,12,26,23,110.1,179,Unhealthy,109.0,UG/M3,1 Hr,Valid
Hyderabad,PM2.5 - Principal,2017-12-27 12:00 AM,2017,12,27,00,102.5,175,Unhealthy,95.0,UG/M3,1 Hr,Valid
Hyderabad,PM2.5 - Principal,2017-12-27 01:00 AM,2017,12,27,01,97.2,173,Unhealthy,92.0,UG/M3,1 Hr,Valid
Hyderabad,PM2.5 - Principal,2017-12-27 02:00 AM,2017,12,27,02,95.6,172,Unhealthy,94.0,UG/M3,1 Hr,Valid
Hyderabad,PM2.5 - Principal,2017-12-27 03:00 AM,2017,12,27,03,88.8,168,Unhealthy,82.0,UG/M3,1 Hr,Valid
Hyderabad,PM2.5 - Principal,2017-12-27 04:00 AM,2017,12,27,04,79.4,163,Unhealthy,70.0,UG/M3,1 Hr,Valid
Hyderabad,PM2.5 - Principal,2017-12-27 05:00 AM,2017,12,27,05,74.0,161,Unhealthy,68.0,UG/M3,1 Hr,Valid
Hyderabad,PM2.5 - Principal,2017-12-27 06:00 AM,2017,12,27,06,71.1,159,Unhealthy,67.0,UG/M3,1 Hr,Valid
Hyderabad,PM2.5 - Principal,2017-12-27 07:00 AM,2017,12,27,07,69.6,158,Unhealthy,68.0,UG/M3,1 Hr,Valid
Hyderabad,PM2.5 - Principal,2017-12-27 08:00 AM,2017,12,27,08,68.4,158,Unhealthy,67.0,UG/M3,1 Hr,Valid
Hyderabad,PM2.5 - Principal,2017-12-27 09:00 AM,2017,12,27,09,74.4,161,Unhealthy,82.0,UG/M3,1 Hr,Valid
Hyderabad,PM2.5 - Principal,2017-12-27 10:00 AM,2017,12,27,10,78.3,163,Unhealthy,85.0,UG/M3,1 Hr,Valid
Hyderabad,PM2.5 - Principal,2017-12-27 11:00 AM,2017,12,27,11,62.9,155,Unhealthy,46.0,UG/M3,1 Hr,Valid
Hyderabad,PM2.5 - Principal,2017-12-27 12:00 PM,2017,12,27,12,51.4,140,Unhealthy for Sensitive Groups,40.0,UG/M3,1 Hr,Valid
Hyderabad,PM2.5 - Principal,2017-12-27 01:00 PM,2017,12,27,13,47.2,130,Unhealthy for Sensitive Groups,43.0,UG/M3,1 Hr,Valid
Hyderabad,PM2.5 - Principal,2017-12-27 02:00 PM,2017,12,27,14,43.6,121,Unhealthy for Sensitive Groups,40.0,UG/M3,1 Hr,Valid
Hyderabad,PM2.5 - Principal,2017-12-27 03:00 PM,2017,12,27,15,39.3,110,Unhealthy for Sensitive Groups,35.0,UG/M3,1 Hr,Valid
Hyderabad,PM2.5 - Principal,2017-12-27 04:00 PM,2017,12,27,16,38.6,109,Unhealthy for Sensitive Groups,38.0,UG/M3,1 Hr,Valid
Hyderabad,PM2.5 - Principal,2017-12-27 05:00 PM,2017,12,27,17,43.8,121,Unhealthy for Sensitive Groups,49.0,UG/M3,1 Hr,Valid
Hyderabad,PM2.5 - Principal,2017-12-27 06:00 PM,2017,12,27,18,50.4,138,Unhealthy for Sensitive Groups,57.0,UG/M3,1 Hr,Valid
Hyderabad,PM2.5 - Principal,2017-12-27 07:00 PM,2017,12,27,19,56.7,152,Unhealthy,63.0,UG/M3,1 Hr,Valid
Hyderabad,PM2.5 - Principal,2017-12-27 08:00 PM,2017,12,27,20,69.3,158,Unhealthy,82.0,UG/M3,1 Hr,Valid
Hyderabad,PM2.5 - Principal,2017-12-27 09:00 PM,2017,12,27,21,84.6,166,Unhealthy,100.0,UG/M3,1 Hr,Valid
Hyderabad,PM2.5 - Principal,2017-12-27 10:00 PM,2017,12,27,22,104.8,176,Unhealthy,125.0,UG/M3,1 Hr,Valid
Hyderabad,PM2.5 - Principal,2017-12-27 11:00 PM,2017,12,27,23,119.9,184,Unhealthy,135.0,UG/M3,1 Hr,Valid
Hyderabad,PM2.5 - Principal,2017-12-28 12:00 AM,2017,12,28,00,112.4,180,Unhealthy,105.0,UG/M3,1 Hr,Valid
Hyderabad,PM2.5 - Principal,2017-12-28 01:00 AM,2017,12,28,01,104.2,176,Unhealthy,96.0,UG/M3,1 Hr,Valid
Hyderabad,PM2.5 - Principal,2017-12-28 02:00 AM,2017,12,28,02,99.1,174,Unhealthy,94.0,UG/M3,1 Hr,Valid
Hyderabad,PM2.5 - Principal,2017-12-28 03:00 AM,2017,12,28,03,83.5,165,Unhealthy,68.0,UG/M3,1 Hr,Valid
Hyderabad,PM2.5 - Principal,2017-12-28 04:00 AM,2017,12,28,04,76.7,162,Unhealthy,70.0,UG/M3,1 Hr,Valid
Hyderabad,PM2.5 - Principal,2017-12-28 05:00 AM,2017,12,28,05,72.3,160,Unhealthy,68.0,UG/M3,1 Hr,Valid
Hyderabad,PM2.5 - Principal,2017-12-28 06:00 AM,2017,12,28,06,64.6,156,Unhealthy,57.0,UG/M3,1 Hr,Valid
Hyderabad,PM2.5 - Principal,2017-12-28 07:00 AM,2017,12,28,07,65.3,156,Unhealthy,66.0,UG/M3,1 Hr,Valid
Hyderabad,PM2.5 - Principal,2017-12-28 08:00 AM,2017,12,28,08,77.6,162,Unhealthy,90.0,UG/M3,1 Hr,Valid
Hyderabad,PM2.5 - Principal,2017-12-28 09:00 AM,2017,12,28,09,99.8,174,Unhealthy,122.0,UG/M3,1 Hr,Valid
Hyderabad,PM2.5 - Principal,2017-12-28 10:00 AM,2017,12,28,10,91.4,170,Unhealthy,83.0,UG/M3,1 Hr,Valid
Hyderabad,PM2.5 - Principal,2017-12-28 11:00 AM,2017,12,28,11,76.6,162,Unhealthy,62.0,UG/M3,1 Hr,Valid
Hyderabad,PM2.5 - Principal,2017-12-28 12:00 PM,2017,12,28,12,63.8,155,Unhealthy,51.0,UG/M3,1 Hr,Valid
Hyderabad,PM2.5 - Principal,2017-12-28 01:00 PM,2017,12,28,13,53.4,145,Unhealthy for Sensitive Groups,43.0,UG/M3,1 Hr,Valid
Hyderabad,PM2.5 - Principal,2017-12-28 02:00 PM,2017,12,28,14,51.7,141,Unhealthy for Sensitive Groups,50.0,UG/M3,1 Hr,Valid
Hyderabad,PM2.5 - Principal,2017-12-28 03:00 PM,2017,12,28,15,50.3,137,Unhealthy for Sensitive Groups,49.0,UG/M3,1 Hr,Valid
Hyderabad,PM2.5 - Principal,2017-12-28 04:00 PM,2017,12,28,16,48.1,132,Unhealthy for Sensitive Groups,46.0,UG/M3,1 Hr,Valid
Hyderabad,PM2.5 - Principal,2017-12-28 05:00 PM,2017,12,28,17,49.5,135,Unhealthy for Sensitive Groups,51.0,UG/M3,1 Hr,Valid
Hyderabad,PM2.5 - Principal,2017-12-28 06:00 PM,2017,12,28,18,52.2,142,Unhealthy for Sensitive Groups,55.0,UG/M3,1 Hr,Valid
Hyderabad,PM2.5 - Principal,2017-12-28 07:00 PM,2017,12,28,19,52.1,142,Unhealthy for Sensitive Groups,52.0,UG/M3,1 Hr,Valid
Hyderabad,PM2.5 - Principal,2017-12-28 08:00 PM,2017,12,28,20,66.0,156,Unhealthy,80.0,UG/M3,1 Hr,Valid
Hyderabad,PM2.5 - Principal,2017-12-28 09:00 PM,2017,12,28,21,78.0,163,Unhealthy,90.0,UG/M3,1 Hr,Valid
Hyderabad,PM2.5 - Principal,2017-12-28 10:00 PM,2017,12,28,22,90.0,169,Unhealthy,102.0,UG/M3,1 Hr,Valid
Hyderabad,PM2.5 - Principal,2017-12-28 11:00 PM,2017,12,28,23,95.0,171,Unhealthy,100.0,UG/M3,1 Hr,Valid
Hyderabad,PM2.5 - Principal,2017-12-29 12:00 AM,2017,12,29,00,126.5,188,Unhealthy,158.0,UG/M3,1 Hr,Valid
Hyderabad,PM2.5 - Principal,2017-12-29 01:00 AM,2017,12,29,01,127.2,188,Unhealthy,128.0,UG/M3,1 Hr,Valid
Hyderabad,PM2.5 - Principal,2017-12-29 02:00 AM,2017,12,29,02,119.6,184,Unhealthy,112.0,UG/M3,1 Hr,Valid
Hyderabad,PM2.5 - Principal,2017-12-29 03:00 AM,2017,12,29,03,112.8,181,Unhealthy,106.0,UG/M3,1 Hr,Valid
Hyderabad,PM2.5 - Principal,2017-12-29 04:00 AM,2017,12,29,04,119.9,184,Unhealthy,127.0,UG/M3,1 Hr,Valid
Hyderabad,PM2.5 - Principal,2017-12-29 05:00 AM,2017,12,29,05,121.9,185,Unhealthy,124.0,UG/M3,1 Hr,Valid
Hyderabad,PM2.5 - Principal,2017-12-29 06:00 AM,2017,12,29,06,132.4,191,Unhealthy,143.0,UG/M3,1 Hr,Valid
Hyderabad,PM2.5 - Principal,2017-12-29 07:00 AM,2017,12,29,07,131.6,190,Unhealthy,131.0,UG/M3,1 Hr,Valid
Hyderabad,PM2.5 - Principal,2017-12-29 08:00 AM,2017,12,29,08,140.8,195,Unhealthy,154.0,UG/M3,1 Hr,Valid
Hyderabad,PM2.5 - Principal,2017-12-29 09:00 AM,2017,12,29,09,144.1,197,Unhealthy,153.0,UG/M3,1 Hr,Valid
Hyderabad,PM2.5 - Principal,2017-12-29 10:00 AM,2017,12,29,10,138.2,194,Unhealthy,128.0,UG/M3,1 Hr,Valid
Hyderabad,PM2.5 - Principal,2017-12-29 11:00 AM,2017,12,29,11,117.5,183,Unhealthy,90.0,UG/M3,1 Hr,Valid
Hyderabad,PM2.5 - Principal,2017-12-29 12:00 PM,2017,12,29,12,105.6,177,Unhealthy,89.0,UG/M3,1 Hr,Valid
Hyderabad,PM2.5 - Principal,2017-12-29 01:00 PM,2017,12,29,13,81.7,165,Unhealthy,62.0,UG/M3,1 Hr,Valid
Hyderabad,PM2.5 - Principal,2017-12-29 02:00 PM,2017,12,29,14,72.3,160,Unhealthy,63.0,UG/M3,1 Hr,Valid
Hyderabad,PM2.5 - Principal,2017-12-29 03:00 PM,2017,12,29,15,63.1,155,Unhealthy,54.0,UG/M3,1 Hr,Valid
Hyderabad,PM2.5 - Principal,2017-12-29 04:00 PM,2017,12,29,16,61.0,154,Unhealthy,59.0,UG/M3,1 Hr,Valid
Hyderabad,PM2.5 - Principal,2017-12-29 05:00 PM,2017,12,29,17,57.0,152,Unhealthy,53.0,UG/M3,1 Hr,Valid
Hyderabad,PM2.5 - Principal,2017-12-29 06:00 PM,2017,12,29,18,57.5,152,Unhealthy,58.0,UG/M3,1 Hr,Valid
Hyderabad,PM2.5 - Principal,2017-12-29 07:00 PM,2017,12,29,19,65.2,156,Unhealthy,73.0,UG/M3,1 Hr,Valid
Hyderabad,PM2.5 - Principal,2017-12-29 08:00 PM,2017,12,29,20,87.6,168,Unhealthy,110.0,UG/M3,1 Hr,Valid
Hyderabad,PM2.5 - Principal,2017-12-29 09:00 PM,2017,12,29,21,94.3,171,Unhealthy,101.0,UG/M3,1 Hr,Valid
Hyderabad,PM2.5 - Principal,2017-12-29 10:00 PM,2017,12,29,22,89.6,169,Unhealthy,85.0,UG/M3,1 Hr,Valid
Hyderabad,PM2.5 - Principal,2017-12-29 11:00 PM,2017,12,29,23,97.3,173,Unhealthy,105.0,UG/M3,1 Hr,Valid
Hyderabad,PM2.5 - Principal,2017-12-30 12:00 AM,2017,12,30,00,98.1,173,Unhealthy,99.0,UG/M3,1 Hr,Valid
Hyderabad,PM2.5 - Principal,2017-12-30 01:00 AM,2017,12,30,01,105.0,177,Unhealthy,112.0,UG/M3,1 Hr,Valid
Hyderabad,PM2.5 - Principal,2017-12-30 02:00 AM,2017,12,30,02,122.0,185,Unhealthy,139.0,UG/M3,1 Hr,Valid
Hyderabad,PM2.5 - Principal,2017-12-30 03:00 AM,2017,12,30,03,128.5,189,Unhealthy,135.0,UG/M3,1 Hr,Valid
Hyderabad,PM2.5 - Principal,2017-12-30 04:00 AM,2017,12,30,04,123.2,186,Unhealthy,118.0,UG/M3,1 Hr,Valid
Hyderabad,PM2.5 - Principal,2017-12-30 05:00 AM,2017,12,30,05,133.1,191,Unhealthy,143.0,UG/M3,1 Hr,Valid
Hyderabad,PM2.5 - Principal,2017-12-30 06:00 AM,2017,12,30,06,139.5,194,Unhealthy,146.0,UG/M3,1 Hr,Valid
Hyderabad,PM2.5 - Principal,2017-12-30 07:00 AM,2017,12,30,07,137.2,193,Unhealthy,137.0,UG/M3,1 Hr,Valid
Hyderabad,PM2.5 - Principal,2017-12-30 08:00 AM,2017,12,30,08,161.1,212,Very Unhealthy,184.0,UG/M3,1 Hr,Valid
Hyderabad,PM2.5 - Principal,2017-12-30 09:00 AM,2017,12,30,09,142.5,196,Unhealthy,124.0,UG/M3,1 Hr,Valid
Hyderabad,PM2.5 - Principal,2017-12-30 10:00 AM,2017,12,30,10,142.9,196,Unhealthy,-999.0,UG/M3,1 Hr,Missing
Hyderabad,PM2.5 - Principal,2017-12-30 11:00 AM,2017,12,30,11,98.8,173,Unhealthy,77.0,UG/M3,1 Hr,Valid
Hyderabad,PM2.5 - Principal,2017-12-30 12:00 PM,2017,12,30,12,81.2,164,Unhealthy,68.0,UG/M3,1 Hr,Valid
Hyderabad,PM2.5 - Principal,2017-12-30 01:00 PM,2017,12,30,13,61.8,154,Unhealthy,45.0,UG/M3,1 Hr,Valid
Hyderabad,PM2.5 - Principal,2017-12-30 02:00 PM,2017,12,30,14,55.7,151,Unhealthy,50.0,UG/M3,1 Hr,Valid
Hyderabad,PM2.5 - Principal,2017-12-30 03:00 PM,2017,12,30,15,48.2,132,Unhealthy for Sensitive Groups,41.0,UG/M3,1 Hr,Valid
Hyderabad,PM2.5 - Principal,2017-12-30 04:00 PM,2017,12,30,16,43.5,121,Unhealthy for Sensitive Groups,39.0,UG/M3,1 Hr,Valid
Hyderabad,PM2.5 - Principal,2017-12-30 05:00 PM,2017,12,30,17,46.2,127,Unhealthy for Sensitive Groups,49.0,UG/M3,1 Hr,Valid
Hyderabad,PM2.5 - Principal,2017-12-30 06:00 PM,2017,12,30,18,51.6,141,Unhealthy for Sensitive Groups,57.0,UG/M3,1 Hr,Valid
Hyderabad,PM2.5 - Principal,2017-12-30 07:00 PM,2017,12,30,19,60.8,154,Unhealthy,70.0,UG/M3,1 Hr,Valid
Hyderabad,PM2.5 - Principal,2017-12-30 08:00 PM,2017,12,30,20,72.9,160,Unhealthy,85.0,UG/M3,1 Hr,Valid
Hyderabad,PM2.5 - Principal,2017-12-30 09:00 PM,2017,12,30,21,86.9,167,Unhealthy,101.0,UG/M3,1 Hr,Valid
Hyderabad,PM2.5 - Principal,2017-12-30 10:00 PM,2017,12,30,22,108.9,179,Unhealthy,131.0,UG/M3,1 Hr,Valid
Hyderabad,PM2.5 - Principal,2017-12-30 11:00 PM,2017,12,30,23,104.4,176,Unhealthy,100.0,UG/M3,1 Hr,Valid
Hyderabad,PM2.5 - Principal,2017-12-31 12:00 AM,2017,12,31,00,115.7,182,Unhealthy,127.0,UG/M3,1 Hr,Valid
Hyderabad,PM2.5 - Principal,2017-12-31 01:00 AM,2017,12,31,01,117.8,183,Unhealthy,120.0,UG/M3,1 Hr,Valid
Hyderabad,PM2.5 - Principal,2017-12-31 02:00 AM,2017,12,31,02,131.9,190,Unhealthy,146.0,UG/M3,1 Hr,Valid
Hyderabad,PM2.5 - Principal,2017-12-31 03:00 AM,2017,12,31,03,137.9,194,Unhealthy,144.0,UG/M3,1 Hr,Valid
Hyderabad,PM2.5 - Principal,2017-12-31 04:00 AM,2017,12,31,04,127.0,188,Unhealthy,116.0,UG/M3,1 Hr,Valid
Hyderabad,PM2.5 - Principal,2017-12-31 05:00 AM,2017,12,31,05,124.5,187,Unhealthy,122.0,UG/M3,1 Hr,Valid
Hyderabad,PM2.5 - Principal,2017-12-31 06:00 AM,2017,12,31,06,128.2,189,Unhealthy,132.0,UG/M3,1 Hr,Valid
Hyderabad,PM2.5 - Principal,2017-12-31 07:00 AM,2017,12,31,07,135.5,192,Unhealthy,146.0,UG/M3,1 Hr,Valid
Hyderabad,PM2.5 - Principal,2017-12-31 08:00 AM,2017,12,31,08,143.7,197,Unhealthy,159.0,UG/M3,1 Hr,Valid
Hyderabad,PM2.5 - Principal,2017-12-31 09:00 AM,2017,12,31,09,151.0,201,Very Unhealthy,162.0,UG/M3,1 Hr,Valid
Hyderabad,PM2.5 - Principal,2017-12-31 10:00 AM,2017,12,31,10,155.2,206,Very Unhealthy,162.0,UG/M3,1 Hr,Valid
Hyderabad,PM2.5 - Principal,2017-12-31 11:00 AM,2017,12,31,11,123.2,186,Unhealthy,85.0,UG/M3,1 Hr,Valid
Hyderabad,PM2.5 - Principal,2017-12-31 12:00 PM,2017,12,31,12,90.8,169,Unhealthy,60.0,UG/M3,1 Hr,Valid
Hyderabad,PM2.5 - Principal,2017-12-31 01:00 PM,2017,12,31,13,74.4,161,Unhealthy,58.0,UG/M3,1 Hr,Valid
Hyderabad,PM2.5 - Principal,2017-12-31 02:00 PM,2017,12,31,14,64.7,156,Unhealthy,55.0,UG/M3,1 Hr,Valid
Hyderabad,PM2.5 - Principal,2017-12-31 03:00 PM,2017,12,31,15,49.8,136,Unhealthy for Sensitive Groups,35.0,UG/M3,1 Hr,Valid
Hyderabad,PM2.5 - Principal,2017-12-31 04:00 PM,2017,12,31,16,42.4,118,Unhealthy for Sensitive Groups,35.0,UG/M3,1 Hr,Valid
Hyderabad,PM2.5 - Principal,2017-12-31 05:00 PM,2017,12,31,17,34.6,98,Moderate,27.0,UG/M3,1 Hr,Valid
Hyderabad,PM2.5 - Principal,2017-12-31 06:00 PM,2017,12,31,18,27.3,83,Moderate,20.0,UG/M3,1 Hr,Valid
Hyderabad,PM2.5 - Principal,2017-12-31 07:00 PM,2017,12,31,19,37.6,106,Unhealthy for Sensitive Groups,48.0,UG/M3,1 Hr,Valid
Hyderabad,PM2.5 - Principal,2017-12-31 08:00 PM,2017,12,31,20,44.3,123,Unhealthy for Sensitive Groups,51.0,UG/M3,1 Hr,Valid
Hyderabad,PM2.5 - Principal,2017-12-31 09:00 PM,2017,12,31,21,50.1,137,Unhealthy for Sensitive Groups,56.0,UG/M3,1 Hr,Valid
Hyderabad,PM2.5 - Principal,2017-12-31 10:00 PM,2017,12,31,22,51.5,140,Unhealthy for Sensitive Groups,53.0,UG/M3,1 Hr,Valid
Hyderabad,PM2.5 - Principal,2017-12-31 11:00 PM,2017,12,31,23,57.2,152,Unhealthy,63.0,UG/M3,1 Hr,Valid
Hyderabad,PM2.5 - Principal,2018-01-01 12:00 AM,2018,01,01,00,60.6,154,Unhealthy,64.0,UG/M3,1 Hr,Valid
